DATA LENGTH(steps) :
739
STEPLENGTH(sec):
0.005

dPCz,	PEL_Q0,	PEL_Qx,	PEL_Qy,	PEL_Qz,	WST,	RSP,	RSR,	RSY,	REB,	RWY,	RWP,	LSP,	LSR,	LSY,	LEB,	LWY,	LWP,	NKY,	NK1,	NK2,	RF1,	RF2,	RF3,	RF4,	RF5,	LF1,	LF2,	LF3,	LF4,	LF5,

0	1	0	-0	0	0	10	-10	0	-30	0	0	10	10	0	-30	0	0	0	0	0	0	0	0	0	0	0	0	0	0	0	
0	1	0	-0	0	0	10	-10	0	-30	0	0	10	10	0	-30	0	0	0	0	0	0	0	0	0	0	0	0	0	0	0	
0	1	0	-0	0	0	10	-10	0	-30	0	0	10	10	0	-30	0	0	0	0	0	0	0	0	0	0	0	0	0	0	0	
0	1	0	-0	0	0	10	-10	0	-30	0	0	10	10	0	-30	0	0	0	0	0	0	0	0	0	0	0	0	0	0	0	
0	1	0	-0	0	0	10	-10	0	-30	0	0	10	10	0	-30	0	0	0	0	0	0	0	0	0	0	0	0	0	0	0	
0	1	0	-0	0	0	9.99571	-10.0009	0.00343775	-30.006	-0.00684685	0	9.99571	10.0009	-0.00343775	-30.006	0.00684685	0	0	0	0	0	0	0	0	0	0	0	0	0	0	
0	1	0	-0	0	0	9.99141	-10.0017	0.00687549	-30.012	-0.0136937	0	9.99141	10.0017	-0.00687549	-30.012	0.0136937	0	0	0	0	0	0	0	0	0	0	0	0	0	0	
0	1	0	-0	0	0	9.97858	-10.0043	0.0171314	-30.03	-0.0342629	0	9.97858	10.0043	-0.0171314	-30.03	0.0342629	0	0	0	0	0	0	0	0	0	0	0	0	0	0	
0	1	0	-0	0	0	9.96574	-10.0069	0.0273874	-30.048	-0.0548321	0	9.96574	10.0069	-0.0273874	-30.048	0.0548321	0	0	0	0	0	0	0	0	0	0	0	0	0	0	
0	1	0	-0	0	0	9.94434	-10.0111	0.0445188	-30.0779	-0.0890663	0	9.94434	10.0111	-0.0445188	-30.0779	0.0890663	0	0	0	0	0	0	0	0	0	0	0	0	0	0	
0	1	0	-0	0	0	9.92294	-10.0154	0.0616503	-30.1079	-0.123301	0	9.92294	10.0154	-0.0616503	-30.1079	0.123301	0	0	0	0	0	0	0	0	0	0	0	0	0	0	
0	1	0	-0	0	0	9.893	-10.0214	0.0855999	-30.1498	-0.1712	0	9.893	10.0214	-0.0855999	-30.1498	0.1712	0	0	0	0	0	0	0	0	0	0	0	0	0	0	
0	1	0	-0	0	0	9.86307	-10.0274	0.10955	-30.1917	-0.219099	0	9.86307	10.0274	-0.10955	-30.1917	0.219099	0	0	0	0	0	0	0	0	0	0	0	0	0	0	
0	1	0	-0	0	0	9.82459	-10.0351	0.140317	-30.2456	-0.280663	0	9.82459	10.0351	-0.140317	-30.2456	0.280663	0	0	0	0	0	0	0	0	0	0	0	0	0	0	
0	1	0	-0	0	0	9.78612	-10.0428	0.171085	-30.2994	-0.342228	0	9.78612	10.0428	-0.171085	-30.2994	0.342228	0	0	0	0	0	0	0	0	0	0	0	0	0	0	
0	1	0	-0	0	0	9.73917	-10.0522	0.208671	-30.3652	-0.417342	0	9.73917	10.0522	-0.208671	-30.3652	0.417342	0	0	0	0	0	0	0	0	0	0	0	0	0	0	
0	1	0	-0	0	0	9.69221	-10.0615	0.246257	-30.4309	-0.492457	0	9.69221	10.0615	-0.246257	-30.4309	0.492457	0	0	0	0	0	0	0	0	0	0	0	0	0	0	
0	1	0	-0	0	0	9.63681	-10.0726	0.290576	-30.5085	-0.581122	0	9.63681	10.0726	-0.290576	-30.5085	0.581122	0	0	0	0	0	0	0	0	0	0	0	0	0	0	
0	1	0	-0	0	0	9.5814	-10.0837	0.334894	-30.5861	-0.669788	0	9.5814	10.0837	-0.334894	-30.5861	0.669788	0	0	0	0	0	0	0	0	0	0	0	0	0	0	
0	1	0	-0	0	0	9.51755	-10.0965	0.385973	-30.6755	-0.771946	0	9.51755	10.0965	-0.385973	-30.6755	0.771946	0	0	0	0	0	0	0	0	0	0	0	0	0	0	
0	1	0	-0	0	0	9.45369	-10.1093	0.437052	-30.7649	-0.874104	0	9.45369	10.1093	-0.437052	-30.7649	0.874104	0	0	0	0	0	0	0	0	0	0	0	0	0	0	
0	1	0	-0	0	0	9.38147	-10.1237	0.494835	-30.866	-0.989641	0	9.38147	10.1237	-0.494835	-30.866	0.989641	0	0	0	0	0	0	0	0	0	0	0	0	0	0	
0	1	0	-0	0	0	9.30925	-10.1381	0.552618	-30.9671	-1.10518	0	9.30925	10.1381	-0.552618	-30.9671	1.10518	0	0	0	0	0	0	0	0	0	0	0	0	0	0	
0	1	0	-0	0	0	9.22869	-10.1542	0.617047	-31.0798	-1.23407	0	9.22869	10.1542	-0.617047	-31.0798	1.23407	0	0	0	0	0	0	0	0	0	0	0	0	0	0	
0	1	0	-0	0	0	9.14813	-10.1703	0.681476	-31.1926	-1.36295	0	9.14813	10.1703	-0.681476	-31.1926	1.36295	0	0	0	0	0	0	0	0	0	0	0	0	0	0	
0	1	0	-0	0	0	9.05932	-10.1881	0.752551	-31.317	-1.50507	0	9.05932	10.1881	-0.752551	-31.317	1.50507	0	0	0	0	0	0	0	0	0	0	0	0	0	0	
0	1	0	-0	0	0	8.97051	-10.2059	0.823627	-31.4413	-1.6472	0	8.97051	10.2059	-0.823627	-31.4413	1.6472	0	0	0	0	0	0	0	0	0	0	0	0	0	0	
0	1	0	-0	0	0	8.87345	-10.2253	0.901234	-31.5772	-1.80247	0	8.87345	10.2253	-0.901234	-31.5772	1.80247	0	0	0	0	0	0	0	0	0	0	0	0	0	0	
0	1	0	-0	0	0	8.7764	-10.2447	0.978841	-31.713	-1.95774	0	8.7764	10.2447	-0.978841	-31.713	1.95774	0	0	0	0	0	0	0	0	0	0	0	0	0	0	
0	1	0	-0	0	0	8.67123	-10.2657	1.06301	-31.8603	-2.12605	0	8.67123	10.2657	-1.06301	-31.8603	2.12605	0	0	0	0	0	0	0	0	0	0	0	0	0	0	
0	1	0	-0	0	0	8.56606	-10.2868	1.14718	-32.0075	-2.29435	0	8.56606	10.2868	-1.14718	-32.0075	2.29435	0	0	0	0	0	0	0	0	0	0	0	0	0	0	
0	1	0	-0	0	0	8.45279	-10.3094	1.23779	-32.1661	-2.47558	0	8.45279	10.3094	-1.23779	-32.1661	2.47558	0	0	0	0	0	0	0	0	0	0	0	0	0	0	
0	1	0	-0	0	0	8.33952	-10.3321	1.3284	-32.3247	-2.65681	0	8.33952	10.3321	-1.3284	-32.3247	2.65681	0	0	0	0	0	0	0	0	0	0	0	0	0	0	
0	1	0	-0	0	0	8.21825	-10.3564	1.4254	-32.4944	-2.85081	0	8.21825	10.3564	-1.4254	-32.4944	2.85081	0	0	0	0	0	0	0	0	0	0	0	0	0	0	
0	1	0	-0	0	0	8.09698	-10.3806	1.52241	-32.6642	-3.04481	0	8.09698	10.3806	-1.52241	-32.6642	3.04481	0	0	0	0	0	0	0	0	0	0	0	0	0	0	
0	1	0	-0	0	0	7.96781	-10.4065	1.62574	-32.8451	-3.25151	0	7.96781	10.4065	-1.62574	-32.8451	3.25151	0	0	0	0	0	0	0	0	0	0	0	0	0	0	
0	1	0	-0	0	0	7.83864	-10.4323	1.72907	-33.0259	-3.4582	0	7.83864	10.4323	-1.72907	-33.0259	3.4582	0	0	0	0	0	0	0	0	0	0	0	0	0	0	
0	1	0	-0	0	0	7.70164	-10.4597	1.83868	-33.2177	-3.67739	0	7.70164	10.4597	-1.83868	-33.2177	3.67739	0	0	0	0	0	0	0	0	0	0	0	0	0	0	
0	1	0	-0	0	0	7.56465	-10.4871	1.94829	-33.4095	-3.89657	0	7.56465	10.4871	-1.94829	-33.4095	3.89657	0	0	0	0	0	0	0	0	0	0	0	0	0	0	
0	1	0	-0	0	0	7.41992	-10.516	2.06408	-33.6121	-4.12816	0	7.41992	10.516	-2.06408	-33.6121	4.12816	0	0	0	0	0	0	0	0	0	0	0	0	0	0	
0	1	0	-0	0	0	7.27519	-10.5449	2.17988	-33.8148	-4.35975	0	7.27519	10.5449	-2.17988	-33.8148	4.35975	0	0	0	0	0	0	0	0	0	0	0	0	0	0	
0	1	0	-0	0	0	7.12281	-10.5754	2.30177	-34.0281	-4.60354	0	7.12281	10.5754	-2.30177	-34.0281	4.60354	0	0	0	0	0	0	0	0	0	0	0	0	0	0	
0	1	0	-0	0	0	6.97043	-10.6059	2.42367	-34.2414	-4.84734	0	6.97043	10.6059	-2.42367	-34.2414	4.84734	0	0	0	0	0	0	0	0	0	0	0	0	0	0	
0	1	0	-0	0	0	6.81055	-10.6379	2.55158	-34.4652	-5.10316	0	6.81055	10.6379	-2.55158	-34.4652	5.10316	0	0	0	0	0	0	0	0	0	0	0	0	0	0	
0	1	0	-0	0	0	6.65066	-10.6698	2.67949	-34.6891	-5.35899	0	6.65066	10.6698	-2.67949	-34.6891	5.35899	0	0	0	0	0	0	0	0	0	0	0	0	0	0	
0	1	0	-0	0	0	6.48333	-10.7033	2.81334	-34.9234	-5.6267	0	6.48333	10.7033	-2.81334	-34.9234	5.6267	0	0	0	0	0	0	0	0	0	0	0	0	0	0	
0	1	0	-0	0	0	6.316	-10.7368	2.94718	-35.1576	-5.89442	0	6.316	10.7368	-2.94718	-35.1576	5.89442	0	0	0	0	0	0	0	0	0	0	0	0	0	0	
0	1	0	-0	0	0	6.14139	-10.7717	3.0869	-35.4021	-6.17379	0	6.14139	10.7717	-3.0869	-35.4021	6.17379	0	0	0	0	0	0	0	0	0	0	0	0	0	0	
0	1	0	-0	0	0	5.96678	-10.8067	3.22661	-35.6465	-6.45317	0	5.96678	10.8067	-3.22661	-35.6465	6.45317	0	0	0	0	0	0	0	0	0	0	0	0	0	0	
0	1	0	-0	0	0	5.78498	-10.843	3.37206	-35.901	-6.74406	0	5.78498	10.843	-3.37206	-35.901	6.74406	0	0	0	0	0	0	0	0	0	0	0	0	0	0	
0	1	0	-0	0	0	5.60318	-10.8794	3.5175	-36.1556	-7.03495	0	5.60318	10.8794	-3.5175	-36.1556	7.03495	0	0	0	0	0	0	0	0	0	0	0	0	0	0	
0	1	0	-0	0	0	5.41431	-10.9171	3.66859	-36.42	-7.33713	0	5.41431	10.9171	-3.66859	-36.42	7.33713	0	0	0	0	0	0	0	0	0	0	0	0	0	0	
0	1	0	-0	0	0	5.22543	-10.9549	3.81968	-36.6844	-7.6393	0	5.22543	10.9549	-3.81968	-36.6844	7.6393	0	0	0	0	0	0	0	0	0	0	0	0	0	0	
0	1	0	-0	0	0	5.02962	-10.9941	3.9763	-36.9585	-7.9526	0	5.02962	10.9941	-3.9763	-36.9585	7.9526	0	0	0	0	0	0	0	0	0	0	0	0	0	0	
0	1	0	-0	0	0	4.83382	-11.0332	4.13292	-37.2326	-8.26589	0	4.83382	11.0332	-4.13292	-37.2326	8.26589	0	0	0	0	0	0	0	0	0	0	0	0	0	0	
0	1	0	-0	0	0	4.63125	-11.0738	4.29501	-37.5163	-8.59001	0	4.63125	11.0738	-4.29501	-37.5163	8.59001	0	0	0	0	0	0	0	0	0	0	0	0	0	0	
0	1	0	-0	0	0	4.42868	-11.1143	4.4571	-37.7999	-8.91413	0	4.42868	11.1143	-4.4571	-37.7999	8.91413	0	0	0	0	0	0	0	0	0	0	0	0	0	0	
0	1	0	-0	0	0	4.2194	-11.1561	4.62449	-38.0928	-9.24894	0	4.2194	11.1561	-4.62449	-38.0928	9.24894	0	0	0	0	0	0	0	0	0	0	0	0	0	0	
0	1	0	-0	0	0	4.01013	-11.1979	4.79188	-38.3858	-9.58375	0	4.01013	11.1979	-4.79188	-38.3858	9.58375	0	0	0	0	0	0	0	0	0	0	0	0	0	0	
0	1	0	-0	0	0	3.79438	-11.2411	4.96448	-38.6879	-9.92899	0	3.79438	11.2411	-4.96448	-38.6879	9.92899	0	0	0	0	0	0	0	0	0	0	0	0	0	0	
0	1	0	-0	0	0	3.57864	-11.2843	5.13708	-38.9899	-10.2742	0	3.57864	11.2843	-5.13708	-38.9899	10.2742	0	0	0	0	0	0	0	0	0	0	0	0	0	0	
0	1	0	-0	0	0	3.3565	-11.3287	5.31479	-39.3009	-10.6296	0	3.3565	11.3287	-5.31479	-39.3009	10.6296	0	0	0	0	0	0	0	0	0	0	0	0	0	0	
0	1	0	-0	0	0	3.13437	-11.3732	5.49249	-39.6119	-10.985	0	3.13437	11.3732	-5.49249	-39.6119	10.985	0	0	0	0	0	0	0	0	0	0	0	0	0	0	
0	1	0	-0	0	0	2.90601	-11.4188	5.67518	-39.9316	-11.3504	0	2.90601	11.4188	-5.67518	-39.9316	11.3504	0	0	0	0	0	0	0	0	0	0	0	0	0	0	
0	1	0	-0	0	0	2.67766	-11.4645	5.85786	-40.2513	-11.7157	0	2.67766	11.4645	-5.85786	-40.2513	11.7157	0	0	0	0	0	0	0	0	0	0	0	0	0	0	
0	1	0	-0	0	0	2.44326	-11.5114	6.04539	-40.5794	-12.0908	0	2.44326	11.5114	-6.04539	-40.5794	12.0908	0	0	0	0	0	0	0	0	0	0	0	0	0	0	
0	1	0	-0	0	0	2.20887	-11.5582	6.23292	-40.9076	-12.4658	0	2.20887	11.5582	-6.23292	-40.9076	12.4658	0	0	0	0	0	0	0	0	0	0	0	0	0	0	
0	1	0	-0	0	0	1.96857	-11.6063	6.42515	-41.244	-12.8503	0	1.96857	11.6063	-6.42515	-41.244	12.8503	0	0	0	0	0	0	0	0	0	0	0	0	0	0	
0	1	0	-0	0	0	1.72827	-11.6544	6.61738	-41.5804	-13.2348	0	1.72827	11.6544	-6.61738	-41.5804	13.2348	0	0	0	0	0	0	0	0	0	0	0	0	0	0	
0	1	0	-0	0	0	1.48224	-11.7036	6.81422	-41.9249	-13.6284	0	1.48224	11.7036	-6.81422	-41.9249	13.6284	0	0	0	0	0	0	0	0	0	0	0	0	0	0	
0	1	0	-0	0	0	1.23621	-11.7527	7.01106	-42.2693	-14.0221	0	1.23621	11.7527	-7.01106	-42.2693	14.0221	0	0	0	0	0	0	0	0	0	0	0	0	0	0	
0	1	0	-0	0	0	0.984599	-11.8031	7.21234	-42.6216	-14.4246	0	0.984599	11.8031	-7.21234	-42.6216	14.4246	0	0	0	0	0	0	0	0	0	0	0	0	0	0	
0	1	0	-0	0	0	0.732985	-11.8534	7.41362	-42.9738	-14.8272	0	0.732985	11.8534	-7.41362	-42.9738	14.8272	0	0	0	0	0	0	0	0	0	0	0	0	0	0	
0	1	0	-0	0	0	0.476013	-11.9048	7.61919	-43.3336	-15.2384	0	0.476013	11.9048	-7.61919	-43.3336	15.2384	0	0	0	0	0	0	0	0	0	0	0	0	0	0	
0	1	0	-0	0	0	0.219042	-11.9562	7.82477	-43.6934	-15.6495	0	0.219042	11.9562	-7.82477	-43.6934	15.6495	0	0	0	0	0	0	0	0	0	0	0	0	0	0	
0	1	0	-0	0	0	-0.0431724	-12.0086	8.03453	-44.0604	-16.0691	0	-0.0431724	12.0086	-8.03453	-44.0604	16.0691	0	0	0	0	0	0	0	0	0	0	0	0	0	0	
0	1	0	-0	0	0	-0.305387	-12.061	8.24429	-44.4275	-16.4886	0	-0.305387	12.061	-8.24429	-44.4275	16.4886	0	0	0	0	0	0	0	0	0	0	0	0	0	0	
0	1	0	-0	0	0	-0.572614	-12.1145	8.45809	-44.8016	-16.9161	0	-0.572614	12.1145	-8.45809	-44.8016	16.9161	0	0	0	0	0	0	0	0	0	0	0	0	0	0	
0	1	0	-0	0	0	-0.839842	-12.168	8.67189	-45.1758	-17.3437	0	-0.839842	12.168	-8.67189	-45.1758	17.3437	0	0	0	0	0	0	0	0	0	0	0	0	0	0	
0	1	0	-0	0	0	-1.11194	-12.2224	8.88955	-45.5567	-17.7791	0	-1.11194	12.2224	-8.88955	-45.5567	17.7791	0	0	0	0	0	0	0	0	0	0	0	0	0	0	
0	1	0	-0	0	0	-1.38404	-12.2768	9.10722	-45.9376	-18.2144	0	-1.38404	12.2768	-9.10722	-45.9376	18.2144	0	0	0	0	0	0	0	0	0	0	0	0	0	0	
0	1	0	-0	0	0	-1.66078	-12.3322	9.32861	-46.3251	-18.6573	0	-1.66078	12.3322	-9.32861	-46.3251	18.6573	0	0	0	0	0	0	0	0	0	0	0	0	0	0	
0	1	0	-0	0	0	-1.93751	-12.3875	9.55	-46.7126	-19.1001	0	-1.93751	12.3875	-9.55	-46.7126	19.1001	0	0	0	0	0	0	0	0	0	0	0	0	0	0	
0	1	0	-0	0	0	-2.21875	-12.4438	9.775	-47.1063	-19.55	0	-2.21875	12.4438	-9.775	-47.1063	19.55	0	0	0	0	0	0	0	0	0	0	0	0	0	0	
0	1	0	-0	0	0	-2.49999	-12.5	10	-47.5	-20	0	-2.49999	12.5	-10	-47.5	20	0	0	0	0	0	0	0	0	0	0	0	0	0	0	
0	1	0	-0	0	0	-2.78552	-12.5571	10.2284	-47.8997	-20.4568	0	-2.78552	12.5571	-10.2284	-47.8997	20.4568	0	0	0	0	0	0	0	0	0	0	0	0	0	0	
0	1	0	-0	0	0	-3.07105	-12.6142	10.4568	-48.2994	-20.9136	0	-3.07105	12.6142	-10.4568	-48.2994	20.9136	0	0	0	0	0	0	0	0	0	0	0	0	0	0	
0	1	0	-0	0	0	-3.36066	-12.6721	10.6885	-48.7049	-21.377	0	-3.36066	12.6721	-10.6885	-48.7049	21.377	0	0	0	0	0	0	0	0	0	0	0	0	0	0	
0	1	0	-0	0	0	-3.65026	-12.73	10.9202	-49.1103	-21.8403	0	-3.65026	12.73	-10.9202	-49.1103	21.8403	0	0	0	0	0	0	0	0	0	0	0	0	0	0	
0	1	0	-0	0	0	-3.94373	-12.7887	11.155	-49.5212	-22.3099	0	-3.94373	12.7887	-11.155	-49.5212	22.3099	0	0	0	0	0	0	0	0	0	0	0	0	0	0	
0	1	0	-0	0	0	-4.23719	-12.8474	11.3898	-49.9321	-22.7795	0	-4.23719	12.8474	-11.3898	-49.9321	22.7795	0	0	0	0	0	0	0	0	0	0	0	0	0	0	
0	1	0	-0	0	0	-4.53439	-12.9069	11.6275	-50.3482	-23.255	0	-4.53439	12.9069	-11.6275	-50.3482	23.255	0	0	0	0	0	0	0	0	0	0	0	0	0	0	
0	1	0	-0	0	0	-4.83158	-12.9663	11.8653	-50.7642	-23.7305	0	-4.83158	12.9663	-11.8653	-50.7642	23.7305	0	0	0	0	0	0	0	0	0	0	0	0	0	0	
0	1	0	-0	0	0	-5.13224	-13.0265	12.1058	-51.1852	-24.2116	0	-5.13224	13.0265	-12.1058	-51.1852	24.2116	0	0	0	0	0	0	0	0	0	0	0	0	0	0	
0	1	0	-0	0	0	-5.4329	-13.0866	12.3463	-51.6061	-24.6926	0	-5.4329	13.0866	-12.3463	-51.6061	24.6926	0	0	0	0	0	0	0	0	0	0	0	0	0	0	
0	1	0	-0	0	0	-5.73685	-13.1474	12.5895	-52.0316	-25.179	0	-5.73685	13.1474	-12.5895	-52.0316	25.179	0	0	0	0	0	0	0	0	0	0	0	0	0	0	
0	1	0	-0	0	0	-6.04081	-13.2082	12.8327	-52.4571	-25.6653	0	-6.04081	13.2082	-12.8327	-52.4571	25.6653	0	0	0	0	0	0	0	0	0	0	0	0	0	0	
0	1	0	-0	0	0	-6.34783	-13.2696	13.0782	-52.8869	-26.1565	0	-6.34783	13.2696	-13.0782	-52.8869	26.1565	0	0	0	0	0	0	0	0	0	0	0	0	0	0	
0	1	0	-0	0	0	-6.65485	-13.331	13.3238	-53.3168	-26.6477	0	-6.65485	13.331	-13.3238	-53.3168	26.6477	0	0	0	0	0	0	0	0	0	0	0	0	0	0	
0	1	0	-0	0	0	-6.9647	-13.3929	13.5717	-53.7506	-27.1435	0	-6.9647	13.3929	-13.5717	-53.7506	27.1435	0	0	0	0	0	0	0	0	0	0	0	0	0	0	
0	1	0	-0	0	0	-7.27456	-13.4549	13.8196	-54.1844	-27.6393	0	-7.27456	13.4549	-13.8196	-54.1844	27.6393	0	0	0	0	0	0	0	0	0	0	0	0	0	0	
0	1	0	-0	0	0	-7.58708	-13.5174	14.0697	-54.6219	-28.1393	0	-7.58708	13.5174	-14.0697	-54.6219	28.1393	0	0	0	0	0	0	0	0	0	0	0	0	0	0	
0	1	0	-0	0	0	-7.8996	-13.5799	14.3197	-55.0595	-28.6394	0	-7.8996	13.5799	-14.3197	-55.0595	28.6394	0	0	0	0	0	0	0	0	0	0	0	0	0	0	
0	1	0	-0	0	0	-8.21455	-13.6429	14.5717	-55.5004	-29.1433	0	-8.21455	13.6429	-14.5717	-55.5004	29.1433	0	0	0	0	0	0	0	0	0	0	0	0	0	0	
0	1	0	-0	0	0	-8.52951	-13.7059	14.8236	-55.9413	-29.6472	0	-8.52951	13.7059	-14.8236	-55.9413	29.6472	0	0	0	0	0	0	0	0	0	0	0	0	0	0	
0	1	0	-0	0	0	-8.84667	-13.7693	15.0774	-56.3853	-30.1547	0	-8.84667	13.7693	-15.0774	-56.3853	30.1547	0	0	0	0	0	0	0	0	0	0	0	0	0	0	
0	1	0	-0	0	0	-9.16383	-13.8327	15.3311	-56.8294	-30.6622	0	-9.16383	13.8327	-15.3311	-56.8294	30.6622	0	0	0	0	0	0	0	0	0	0	0	0	0	0	
0	1	0	-0	0	0	-9.48302	-13.8966	15.5864	-57.2762	-31.1729	0	-9.48302	13.8966	-15.5864	-57.2762	31.1729	0	0	0	0	0	0	0	0	0	0	0	0	0	0	
0	1	0	-0	0	0	-9.80222	-13.9605	15.8418	-57.7231	-31.6835	0	-9.80222	13.9605	-15.8418	-57.7231	31.6835	0	0	0	0	0	0	0	0	0	0	0	0	0	0	
0	1	0	-0	0	0	-10.1232	-14.0246	16.0985	-58.1724	-32.197	0	-10.1232	14.0246	-16.0985	-58.1724	32.197	0	0	0	0	0	0	0	0	0	0	0	0	0	0	
0	1	0	-0	0	0	-10.4441	-14.0888	16.3553	-58.6218	-32.7106	0	-10.4441	14.0888	-16.3553	-58.6218	32.7106	0	0	0	0	0	0	0	0	0	0	0	0	0	0	
0	1	0	-0	0	0	-10.7666	-14.1533	16.6133	-59.0733	-33.2266	0	-10.7666	14.1533	-16.6133	-59.0733	33.2266	0	0	0	0	0	0	0	0	0	0	0	0	0	0	
0	1	0	-0	0	0	-11.0891	-14.2178	16.8713	-59.5248	-33.7426	0	-11.0891	14.2178	-16.8713	-59.5248	33.7426	0	0	0	0	0	0	0	0	0	0	0	0	0	0	
0	1	0	-0	0	0	-11.413	-14.2826	17.1304	-59.9782	-34.2608	0	-11.413	14.2826	-17.1304	-59.9782	34.2608	0	0	0	0	0	0	0	0	0	0	0	0	0	0	
0	1	0	-0	0	0	-11.7368	-14.3474	17.3895	-60.4316	-34.7789	0	-11.7368	14.3474	-17.3895	-60.4316	34.7789	0	0	0	0	0	0	0	0	0	0	0	0	0	0	
0	1	0	-0	0	0	-12.0618	-14.4124	17.6494	-60.8865	-35.2989	0	-12.0618	14.4124	-17.6494	-60.8865	35.2989	0	0	0	0	0	0	0	0	0	0	0	0	0	0	
0	1	0	-0	0	0	-12.3868	-14.4774	17.9094	-61.3415	-35.8189	0	-12.3868	14.4774	-17.9094	-61.3415	35.8189	0	0	0	0	0	0	0	0	0	0	0	0	0	0	
0	1	0	-0	0	0	-12.7126	-14.5426	18.1701	-61.7977	-36.3402	0	-12.7126	14.5426	-18.1701	-61.7977	36.3402	0	0	0	0	0	0	0	0	0	0	0	0	0	0	
0	1	0	-0	0	0	-13.0385	-14.6077	18.4308	-62.2539	-36.8616	0	-13.0385	14.6077	-18.4308	-62.2539	36.8616	0	0	0	0	0	0	0	0	0	0	0	0	0	0	
0	1	0	-0	0	0	-13.365	-14.673	18.692	-62.7111	-37.3841	0	-13.365	14.673	-18.692	-62.7111	37.3841	0	0	0	0	0	0	0	0	0	0	0	0	0	0	
0	1	0	-0	0	0	-13.6916	-14.7383	18.9533	-63.1683	-37.9065	0	-13.6916	14.7383	-18.9533	-63.1683	37.9065	0	0	0	0	0	0	0	0	0	0	0	0	0	0	
0	1	0	-0	0	0	-14.0186	-14.8037	19.2149	-63.626	-38.4297	0	-14.0186	14.8037	-19.2149	-63.626	38.4297	0	0	0	0	0	0	0	0	0	0	0	0	0	0	
0	1	0	-0	0	0	-14.3455	-14.8691	19.4764	-64.0838	-38.9529	0	-14.3455	14.8691	-19.4764	-64.0838	38.9529	0	0	0	0	0	0	0	0	0	0	0	0	0	0	
0	1	0	-0	0	0	-14.6728	-14.9345	19.7382	-64.5419	-39.4765	0	-14.6728	14.9345	-19.7382	-64.5419	39.4765	0	0	0	0	0	0	0	0	0	0	0	0	0	0	
0	1	0	-0	0	0	-15	-15	20	-65	-40	0	-15	15	-20	-65	40	0	0	0	0	0	0	0	0	0	0	0	0	0	0	
0	1	0	-0	0	0	-15.3272	-15.0654	20.2618	-65.4581	-40.5235	0	-15.3272	15.0654	-20.2618	-65.4581	40.5235	0	0	0	0	0	0	0	0	0	0	0	0	0	0	
0	1	0	-0	0	0	-15.6544	-15.1309	20.5235	-65.9162	-41.047	0	-15.6544	15.1309	-20.5235	-65.9162	41.047	0	0	0	0	0	0	0	0	0	0	0	0	0	0	
0	1	0	-0	0	0	-15.9814	-15.1963	20.7851	-66.374	-41.5702	0	-15.9814	15.1963	-20.7851	-66.374	41.5702	0	0	0	0	0	0	0	0	0	0	0	0	0	0	
0	1	0	-0	0	0	-16.3084	-15.2617	21.0467	-66.8317	-42.0934	0	-16.3084	15.2617	-21.0467	-66.8317	42.0934	0	0	0	0	0	0	0	0	0	0	0	0	0	0	
0	1	0	-0	0	0	-16.6349	-15.327	21.3079	-67.2889	-42.6159	0	-16.6349	15.327	-21.3079	-67.2889	42.6159	0	0	0	0	0	0	0	0	0	0	0	0	0	0	
0	1	0	-0	0	0	-16.9614	-15.3923	21.5692	-67.7461	-43.1383	0	-16.9614	15.3923	-21.5692	-67.7461	43.1383	0	0	0	0	0	0	0	0	0	0	0	0	0	0	
0	1	0	-0	0	0	-17.2873	-15.4575	21.8299	-68.2023	-43.6597	0	-17.2873	15.4575	-21.8299	-68.2023	43.6597	0	0	0	0	0	0	0	0	0	0	0	0	0	0	
0	1	0	-0	0	0	-17.6132	-15.5226	22.0906	-68.6585	-44.1811	0	-17.6132	15.5226	-22.0906	-68.6585	44.1811	0	0	0	0	0	0	0	0	0	0	0	0	0	0	
0	1	0	-0	0	0	-17.9382	-15.5876	22.3505	-69.1135	-44.7011	0	-17.9382	15.5876	-22.3505	-69.1135	44.7011	0	0	0	0	0	0	0	0	0	0	0	0	0	0	
0	1	0	-0	0	0	-18.2631	-15.6526	22.6105	-69.5684	-45.221	0	-18.2631	15.6526	-22.6105	-69.5684	45.221	0	0	0	0	0	0	0	0	0	0	0	0	0	0	
0	1	0	-0	0	0	-18.587	-15.7174	22.8696	-70.0218	-45.7392	0	-18.587	15.7174	-22.8696	-70.0218	45.7392	0	0	0	0	0	0	0	0	0	0	0	0	0	0	
0	1	0	-0	0	0	-18.9109	-15.7822	23.1287	-70.4752	-46.2573	0	-18.9109	15.7822	-23.1287	-70.4752	46.2573	0	0	0	0	0	0	0	0	0	0	0	0	0	0	
0	1	0	-0	0	0	-19.2334	-15.8467	23.3867	-70.9267	-46.7734	0	-19.2334	15.8467	-23.3867	-70.9267	46.7734	0	0	0	0	0	0	0	0	0	0	0	0	0	0	
0	1	0	-0	0	0	-19.5559	-15.9112	23.6447	-71.3782	-47.2894	0	-19.5559	15.9112	-23.6447	-71.3782	47.2894	0	0	0	0	0	0	0	0	0	0	0	0	0	0	
0	1	0	-0	0	0	-19.8768	-15.9754	23.9015	-71.8276	-47.8029	0	-19.8768	15.9754	-23.9015	-71.8276	47.8029	0	0	0	0	0	0	0	0	0	0	0	0	0	0	
0	1	0	-0	0	0	-20.1978	-16.0396	24.1582	-72.2769	-48.3164	0	-20.1978	16.0396	-24.1582	-72.2769	48.3164	0	0	0	0	0	0	0	0	0	0	0	0	0	0	
0	1	0	-0	0	0	-20.517	-16.1034	24.4136	-72.7238	-48.8271	0	-20.517	16.1034	-24.4136	-72.7238	48.8271	0	0	0	0	0	0	0	0	0	0	0	0	0	0	
0	1	0	-0	0	0	-20.8361	-16.1672	24.6689	-73.1706	-49.3378	0	-20.8361	16.1672	-24.6689	-73.1706	49.3378	0	0	0	0	0	0	0	0	0	0	0	0	0	0	
0	1	0	-0	0	0	-21.1533	-16.2307	24.9227	-73.6146	-49.8453	0	-21.1533	16.2307	-24.9227	-73.6146	49.8453	0	0	0	0	0	0	0	0	0	0	0	0	0	0	
0	1	0	-0	0	0	-21.4704	-16.2941	25.1764	-74.0586	-50.3527	0	-21.4704	16.2941	-25.1764	-74.0586	50.3527	0	0	0	0	0	0	0	0	0	0	0	0	0	0	
0	1	0	-0	0	0	-21.7854	-16.3571	25.4284	-74.4996	-50.8567	0	-21.7854	16.3571	-25.4284	-74.4996	50.8567	0	0	0	0	0	0	0	0	0	0	0	0	0	0	
0	1	0	-0	0	0	-22.1004	-16.4201	25.6803	-74.9405	-51.3606	0	-22.1004	16.4201	-25.6803	-74.9405	51.3606	0	0	0	0	0	0	0	0	0	0	0	0	0	0	
0	1	0	-0	0	0	-22.4129	-16.4826	25.9303	-75.3781	-51.8606	0	-22.4129	16.4826	-25.9303	-75.3781	51.8606	0	0	0	0	0	0	0	0	0	0	0	0	0	0	
0	1	0	-0	0	0	-22.7254	-16.5451	26.1803	-75.8156	-52.3607	0	-22.7254	16.5451	-26.1803	-75.8156	52.3607	0	0	0	0	0	0	0	0	0	0	0	0	0	0	
0	1	0	-0	0	0	-23.0353	-16.6071	26.4282	-76.2494	-52.8565	0	-23.0353	16.6071	-26.4282	-76.2494	52.8565	0	0	0	0	0	0	0	0	0	0	0	0	0	0	
0	1	0	-0	0	0	-23.3452	-16.6691	26.6761	-76.6832	-53.3523	0	-23.3452	16.6691	-26.6761	-76.6832	53.3523	0	0	0	0	0	0	0	0	0	0	0	0	0	0	
0	1	0	-0	0	0	-23.6522	-16.7305	26.9217	-77.113	-53.8435	0	-23.6522	16.7305	-26.9217	-77.113	53.8435	0	0	0	0	0	0	0	0	0	0	0	0	0	0	
0	1	0	-0	0	0	-23.9592	-16.7918	27.1674	-77.5428	-54.3347	0	-23.9592	16.7918	-27.1674	-77.5428	54.3347	0	0	0	0	0	0	0	0	0	0	0	0	0	0	
0	1	0	-0	0	0	-24.2631	-16.8526	27.4105	-77.9684	-54.821	0	-24.2631	16.8526	-27.4105	-77.9684	54.821	0	0	0	0	0	0	0	0	0	0	0	0	0	0	
0	1	0	-0	0	0	-24.5671	-16.9134	27.6536	-78.3939	-55.3073	0	-24.5671	16.9134	-27.6536	-78.3939	55.3073	0	0	0	0	0	0	0	0	0	0	0	0	0	0	
0	1	0	-0	0	0	-24.8677	-16.9736	27.8942	-78.8148	-55.7884	0	-24.8677	16.9736	-27.8942	-78.8148	55.7884	0	0	0	0	0	0	0	0	0	0	0	0	0	0	
0	1	0	-0	0	0	-25.1684	-17.0337	28.1347	-79.2358	-56.2694	0	-25.1684	17.0337	-28.1347	-79.2358	56.2694	0	0	0	0	0	0	0	0	0	0	0	0	0	0	
0	1	0	-0	0	0	-25.4656	-17.0931	28.3725	-79.6518	-56.7449	0	-25.4656	17.0931	-28.3725	-79.6518	56.7449	0	0	0	0	0	0	0	0	0	0	0	0	0	0	
0	1	0	-0	0	0	-25.7628	-17.1526	28.6102	-80.0679	-57.2204	0	-25.7628	17.1526	-28.6102	-80.0679	57.2204	0	0	0	0	0	0	0	0	0	0	0	0	0	0	
0	1	0	-0	0	0	-26.0563	-17.2113	28.845	-80.4788	-57.69	0	-26.0563	17.2113	-28.845	-80.4788	57.69	0	0	0	0	0	0	0	0	0	0	0	0	0	0	
0	1	0	-0	0	0	-26.3498	-17.27	29.0798	-80.8897	-58.1596	0	-26.3498	17.27	-29.0798	-80.8897	58.1596	0	0	0	0	0	0	0	0	0	0	0	0	0	0	
0	1	0	-0	0	0	-26.6394	-17.3279	29.3115	-81.2951	-58.623	0	-26.6394	17.3279	-29.3115	-81.2951	58.623	0	0	0	0	0	0	0	0	0	0	0	0	0	0	
0	1	0	-0	0	0	-26.929	-17.3858	29.5432	-81.7006	-59.0863	0	-26.929	17.3858	-29.5432	-81.7006	59.0863	0	0	0	0	0	0	0	0	0	0	0	0	0	0	
0	1	0	-0	0	0	-27.2145	-17.4429	29.7716	-82.1003	-59.5431	0	-27.2145	17.4429	-29.7716	-82.1003	59.5431	0	0	0	0	0	0	0	0	0	0	0	0	0	0	
0	1	0	-0	0	0	-27.5	-17.5	30	-82.5	-60	0	-27.5	17.5	-30	-82.5	60	0	0	0	0	0	0	0	0	0	0	0	0	0	0	
0	1	0	-0	0	0	-27.7812	-17.5563	30.225	-82.8937	-60.4499	0	-27.7812	17.5563	-30.225	-82.8937	60.4499	0	0	0	0	0	0	0	0	0	0	0	0	0	0	
0	1	0	-0	0	0	-28.0624	-17.6125	30.45	-83.2874	-60.8999	0	-28.0624	17.6125	-30.45	-83.2874	60.8999	0	0	0	0	0	0	0	0	0	0	0	0	0	0	
0	1	0	-0	0	0	-28.3392	-17.6678	30.6714	-83.6749	-61.3427	0	-28.3392	17.6678	-30.6714	-83.6749	61.3427	0	0	0	0	0	0	0	0	0	0	0	0	0	0	
0	1	0	-0	0	0	-28.616	-17.7232	30.8928	-84.0624	-61.7855	0	-28.616	17.7232	-30.8928	-84.0624	61.7855	0	0	0	0	0	0	0	0	0	0	0	0	0	0	
0	1	0	-0	0	0	-28.8881	-17.7776	31.1105	-84.4433	-62.2209	0	-28.8881	17.7776	-31.1105	-84.4433	62.2209	0	0	0	0	0	0	0	0	0	0	0	0	0	0	
0	1	0	-0	0	0	-29.1602	-17.8321	31.3281	-84.8242	-62.6563	0	-29.1602	17.8321	-31.3281	-84.8242	62.6563	0	0	0	0	0	0	0	0	0	0	0	0	0	0	
0	1	0	-0	0	0	-29.4274	-17.8855	31.5419	-85.1983	-63.0838	0	-29.4274	17.8855	-31.5419	-85.1983	63.0838	0	0	0	0	0	0	0	0	0	0	0	0	0	0	
0	1	0	-0	0	0	-29.6946	-17.9389	31.7557	-85.5724	-63.5114	0	-29.6946	17.9389	-31.7557	-85.5724	63.5114	0	0	0	0	0	0	0	0	0	0	0	0	0	0	
0	1	0	-0	0	0	-29.9568	-17.9914	31.9655	-85.9395	-63.9309	0	-29.9568	17.9914	-31.9655	-85.9395	63.9309	0	0	0	0	0	0	0	0	0	0	0	0	0	0	
0	1	0	-0	0	0	-30.2191	-18.0438	32.1752	-86.3066	-64.3504	0	-30.2191	18.0438	-32.1752	-86.3066	64.3504	0	0	0	0	0	0	0	0	0	0	0	0	0	0	
0	1	0	-0	0	0	-30.476	-18.0952	32.3808	-86.6664	-64.7616	0	-30.476	18.0952	-32.3808	-86.6664	64.7616	0	0	0	0	0	0	0	0	0	0	0	0	0	0	
0	1	0	-0	0	0	-30.733	-18.1466	32.5864	-87.0262	-65.1728	0	-30.733	18.1466	-32.5864	-87.0262	65.1728	0	0	0	0	0	0	0	0	0	0	0	0	0	0	
0	1	0	-0	0	0	-30.9846	-18.1969	32.7877	-87.3784	-65.5754	0	-30.9846	18.1969	-32.7877	-87.3784	65.5754	0	0	0	0	0	0	0	0	0	0	0	0	0	0	
0	1	0	-0	0	0	-31.2362	-18.2472	32.989	-87.7307	-65.9779	0	-31.2362	18.2472	-32.989	-87.7307	65.9779	0	0	0	0	0	0	0	0	0	0	0	0	0	0	
0	1	0	-0	0	0	-31.4822	-18.2964	33.1858	-88.0751	-66.3716	0	-31.4822	18.2964	-33.1858	-88.0751	66.3716	0	0	0	0	0	0	0	0	0	0	0	0	0	0	
0	1	0	-0	0	0	-31.7283	-18.3457	33.3826	-88.4195	-66.7652	0	-31.7283	18.3457	-33.3826	-88.4195	66.7652	0	0	0	0	0	0	0	0	0	0	0	0	0	0	
0	1	0	-0	0	0	-31.9686	-18.3937	33.5748	-88.756	-67.1497	0	-31.9686	18.3937	-33.5748	-88.756	67.1497	0	0	0	0	0	0	0	0	0	0	0	0	0	0	
0	1	0	-0	0	0	-32.2089	-18.4418	33.7671	-89.0924	-67.5342	0	-32.2089	18.4418	-33.7671	-89.0924	67.5342	0	0	0	0	0	0	0	0	0	0	0	0	0	0	
0	1	0	-0	0	0	-32.4433	-18.4887	33.9546	-89.4206	-67.9092	0	-32.4433	18.4887	-33.9546	-89.4206	67.9092	0	0	0	0	0	0	0	0	0	0	0	0	0	0	
0	1	0	-0	0	0	-32.6777	-18.5355	34.1422	-89.7487	-68.2843	0	-32.6777	18.5355	-34.1422	-89.7487	68.2843	0	0	0	0	0	0	0	0	0	0	0	0	0	0	
0	1	0	-0	0	0	-32.906	-18.5812	34.3248	-90.0684	-68.6496	0	-32.906	18.5812	-34.3248	-90.0684	68.6496	0	0	0	0	0	0	0	0	0	0	0	0	0	0	
0	1	0	-0	0	0	-33.1344	-18.6269	34.5075	-90.3881	-69.0149	0	-33.1344	18.6269	-34.5075	-90.3881	69.0149	0	0	0	0	0	0	0	0	0	0	0	0	0	0	
0	1	0	-0	0	0	-33.3565	-18.6713	34.6852	-90.6991	-69.3704	0	-33.3565	18.6713	-34.6852	-90.6991	69.3704	0	0	0	0	0	0	0	0	0	0	0	0	0	0	
0	1	0	-0	0	0	-33.5786	-18.7157	34.8629	-91.01	-69.7258	0	-33.5786	18.7157	-34.8629	-91.01	69.7258	0	0	0	0	0	0	0	0	0	0	0	0	0	0	
0	1	0	-0	0	0	-33.7944	-18.7589	35.0355	-91.3121	-70.071	0	-33.7944	18.7589	-35.0355	-91.3121	70.071	0	0	0	0	0	0	0	0	0	0	0	0	0	0	
0	1	0	-0	0	0	-34.0101	-18.802	35.2081	-91.6142	-70.4162	0	-34.0101	18.802	-35.2081	-91.6142	70.4162	0	0	0	0	0	0	0	0	0	0	0	0	0	0	
0	1	0	-0	0	0	-34.2194	-18.8439	35.3755	-91.9071	-70.751	0	-34.2194	18.8439	-35.3755	-91.9071	70.751	0	0	0	0	0	0	0	0	0	0	0	0	0	0	
0	1	0	-0	0	0	-34.4286	-18.8857	35.5429	-92.2001	-71.0858	0	-34.4286	18.8857	-35.5429	-92.2001	71.0858	0	0	0	0	0	0	0	0	0	0	0	0	0	0	
0	1	0	-0	0	0	-34.6312	-18.9263	35.705	-92.4837	-71.41	0	-34.6312	18.9263	-35.705	-92.4837	71.41	0	0	0	0	0	0	0	0	0	0	0	0	0	0	
0	1	0	-0	0	0	-34.8338	-18.9668	35.867	-92.7674	-71.7341	0	-34.8338	18.9668	-35.867	-92.7674	71.7341	0	0	0	0	0	0	0	0	0	0	0	0	0	0	
0	1	0	-0	0	0	-35.0296	-19.0059	36.0237	-93.0415	-72.0474	0	-35.0296	19.0059	-36.0237	-93.0415	72.0474	0	0	0	0	0	0	0	0	0	0	0	0	0	0	
0	1	0	-0	0	0	-35.2254	-19.0451	36.1803	-93.3156	-72.3607	0	-35.2254	19.0451	-36.1803	-93.3156	72.3607	0	0	0	0	0	0	0	0	0	0	0	0	0	0	
0	1	0	-0	0	0	-35.4143	-19.0828	36.3314	-93.58	-72.6629	0	-35.4143	19.0828	-36.3314	-93.58	72.6629	0	0	0	0	0	0	0	0	0	0	0	0	0	0	
0	1	0	-0	0	0	-35.6031	-19.1206	36.4825	-93.8444	-72.965	0	-35.6031	19.1206	-36.4825	-93.8444	72.965	0	0	0	0	0	0	0	0	0	0	0	0	0	0	
0	1	0	-0	0	0	-35.7849	-19.157	36.628	-94.0989	-73.2559	0	-35.7849	19.157	-36.628	-94.0989	73.2559	0	0	0	0	0	0	0	0	0	0	0	0	0	0	
0	1	0	-0	0	0	-35.9667	-19.1933	36.7734	-94.3535	-73.5468	0	-35.9667	19.1933	-36.7734	-94.3535	73.5468	0	0	0	0	0	0	0	0	0	0	0	0	0	0	
0	1	0	-0	0	0	-36.1414	-19.2283	36.9131	-94.5979	-73.8262	0	-36.1414	19.2283	-36.9131	-94.5979	73.8262	0	0	0	0	0	0	0	0	0	0	0	0	0	0	
0	1	0	-0	0	0	-36.316	-19.2632	37.0528	-94.8424	-74.1056	0	-36.316	19.2632	-37.0528	-94.8424	74.1056	0	0	0	0	0	0	0	0	0	0	0	0	0	0	
0	1	0	-0	0	0	-36.4833	-19.2966	37.1867	-95.0766	-74.3733	0	-36.4833	19.2966	-37.1867	-95.0766	74.3733	0	0	0	0	0	0	0	0	0	0	0	0	0	0	
0	1	0	-0	0	0	-36.6506	-19.3301	37.3205	-95.3109	-74.641	0	-36.6506	19.3301	-37.3205	-95.3109	74.641	0	0	0	0	0	0	0	0	0	0	0	0	0	0	
0	1	0	-0	0	0	-36.8105	-19.3621	37.4484	-95.5348	-74.8968	0	-36.8105	19.3621	-37.4484	-95.5348	74.8968	0	0	0	0	0	0	0	0	0	0	0	0	0	0	
0	1	0	-0	0	0	-36.9704	-19.3941	37.5763	-95.7586	-75.1527	0	-36.9704	19.3941	-37.5763	-95.7586	75.1527	0	0	0	0	0	0	0	0	0	0	0	0	0	0	
0	1	0	-0	0	0	-37.1228	-19.4246	37.6982	-95.9719	-75.3965	0	-37.1228	19.4246	-37.6982	-95.9719	75.3965	0	0	0	0	0	0	0	0	0	0	0	0	0	0	
0	1	0	-0	0	0	-37.2751	-19.455	37.8201	-96.1852	-75.6402	0	-37.2751	19.455	-37.8201	-96.1852	75.6402	0	0	0	0	0	0	0	0	0	0	0	0	0	0	
0	1	0	-0	0	0	-37.4199	-19.484	37.9359	-96.3879	-75.8718	0	-37.4199	19.484	-37.9359	-96.3879	75.8718	0	0	0	0	0	0	0	0	0	0	0	0	0	0	
0	1	0	-0	0	0	-37.5646	-19.5129	38.0517	-96.5905	-76.1034	0	-37.5646	19.5129	-38.0517	-96.5905	76.1034	0	0	0	0	0	0	0	0	0	0	0	0	0	0	
0	1	0	-0	0	0	-37.7016	-19.5403	38.1613	-96.7823	-76.3226	0	-37.7016	19.5403	-38.1613	-96.7823	76.3226	0	0	0	0	0	0	0	0	0	0	0	0	0	0	
0	1	0	-0	0	0	-37.8386	-19.5677	38.2709	-96.9741	-76.5418	0	-37.8386	19.5677	-38.2709	-96.9741	76.5418	0	0	0	0	0	0	0	0	0	0	0	0	0	0	
0	1	0	-0	0	0	-37.9678	-19.5936	38.3742	-97.1549	-76.7485	0	-37.9678	19.5936	-38.3742	-97.1549	76.7485	0	0	0	0	0	0	0	0	0	0	0	0	0	0	
0	1	0	-0	0	0	-38.097	-19.6194	38.4776	-97.3358	-76.9552	0	-38.097	19.6194	-38.4776	-97.3358	76.9552	0	0	0	0	0	0	0	0	0	0	0	0	0	0	
0	1	0	-0	0	0	-38.2183	-19.6437	38.5746	-97.5056	-77.1492	0	-38.2183	19.6437	-38.5746	-97.5056	77.1492	0	0	0	0	0	0	0	0	0	0	0	0	0	0	
0	1	0	-0	0	0	-38.3395	-19.6679	38.6716	-97.6753	-77.3432	0	-38.3395	19.6679	-38.6716	-97.6753	77.3432	0	0	0	0	0	0	0	0	0	0	0	0	0	0	
0	1	0	-0	0	0	-38.4528	-19.6906	38.7622	-97.8339	-77.5244	0	-38.4528	19.6906	-38.7622	-97.8339	77.5244	0	0	0	0	0	0	0	0	0	0	0	0	0	0	
0	1	0	-0	0	0	-38.566	-19.7132	38.8528	-97.9925	-77.7056	0	-38.566	19.7132	-38.8528	-97.9925	77.7056	0	0	0	0	0	0	0	0	0	0	0	0	0	0	
0	1	0	-0	0	0	-38.6712	-19.7342	38.937	-98.1397	-77.8739	0	-38.6712	19.7342	-38.937	-98.1397	77.8739	0	0	0	0	0	0	0	0	0	0	0	0	0	0	
0	1	0	-0	0	0	-38.7764	-19.7553	39.0211	-98.287	-78.0422	0	-38.7764	19.7553	-39.0211	-98.287	78.0422	0	0	0	0	0	0	0	0	0	0	0	0	0	0	
0	1	0	-0	0	0	-38.8734	-19.7747	39.0988	-98.4228	-78.1975	0	-38.8734	19.7747	-39.0988	-98.4228	78.1975	0	0	0	0	0	0	0	0	0	0	0	0	0	0	
0	1	0	-0	0	0	-38.9705	-19.7941	39.1764	-98.5587	-78.3528	0	-38.9705	19.7941	-39.1764	-98.5587	78.3528	0	0	0	0	0	0	0	0	0	0	0	0	0	0	
0	1	0	-0	0	0	-39.0593	-19.8118	39.2474	-98.683	-78.4949	0	-39.0593	19.8118	-39.2474	-98.683	78.4949	0	0	0	0	0	0	0	0	0	0	0	0	0	0	
0	1	0	-0	0	0	-39.1481	-19.8296	39.3185	-98.8074	-78.637	0	-39.1481	19.8296	-39.3185	-98.8074	78.637	0	0	0	0	0	0	0	0	0	0	0	0	0	0	
0	1	0	-0	0	0	-39.2287	-19.8457	39.3829	-98.9202	-78.7659	0	-39.2287	19.8457	-39.3829	-98.9202	78.7659	0	0	0	0	0	0	0	0	0	0	0	0	0	0	
0	1	0	-0	0	0	-39.3093	-19.8619	39.4474	-99.0329	-78.8948	0	-39.3093	19.8619	-39.4474	-99.0329	78.8948	0	0	0	0	0	0	0	0	0	0	0	0	0	0	
0	1	0	-0	0	0	-39.3815	-19.8763	39.5052	-99.134	-79.0103	0	-39.3815	19.8763	-39.5052	-99.134	79.0103	0	0	0	0	0	0	0	0	0	0	0	0	0	0	
0	1	0	-0	0	0	-39.4537	-19.8907	39.563	-99.2351	-79.1259	0	-39.4537	19.8907	-39.563	-99.2351	79.1259	0	0	0	0	0	0	0	0	0	0	0	0	0	0	
0	1	0	-0	0	0	-39.5175	-19.9035	39.614	-99.3245	-79.228	0	-39.5175	19.9035	-39.614	-99.3245	79.228	0	0	0	0	0	0	0	0	0	0	0	0	0	0	
0	1	0	-0	0	0	-39.5814	-19.9163	39.6651	-99.4139	-79.3302	0	-39.5814	19.9163	-39.6651	-99.4139	79.3302	0	0	0	0	0	0	0	0	0	0	0	0	0	0	
0	1	0	-0	0	0	-39.6368	-19.9274	39.7094	-99.4915	-79.4189	0	-39.6368	19.9274	-39.7094	-99.4915	79.4189	0	0	0	0	0	0	0	0	0	0	0	0	0	0	
0	1	0	-0	0	0	-39.6922	-19.9384	39.7538	-99.5691	-79.5075	0	-39.6922	19.9384	-39.7538	-99.5691	79.5075	0	0	0	0	0	0	0	0	0	0	0	0	0	0	
0	1	0	-0	0	0	-39.7392	-19.9478	39.7913	-99.6348	-79.5827	0	-39.7392	19.9478	-39.7913	-99.6348	79.5827	0	0	0	0	0	0	0	0	0	0	0	0	0	0	
0	1	0	-0	0	0	-39.7861	-19.9572	39.8289	-99.7006	-79.6578	0	-39.7861	19.9572	-39.8289	-99.7006	79.6578	0	0	0	0	0	0	0	0	0	0	0	0	0	0	
0	1	0	-0	0	0	-39.8246	-19.9649	39.8596	-99.7544	-79.7193	0	-39.8246	19.9649	-39.8596	-99.7544	79.7193	0	0	0	0	0	0	0	0	0	0	0	0	0	0	
0	1	0	-0	0	0	-39.863	-19.9726	39.8904	-99.8083	-79.7809	0	-39.863	19.9726	-39.8904	-99.8083	79.7809	0	0	0	0	0	0	0	0	0	0	0	0	0	0	
0	1	0	-0	0	0	-39.893	-19.9786	39.9144	-99.8502	-79.8288	0	-39.893	19.9786	-39.9144	-99.8502	79.8288	0	0	0	0	0	0	0	0	0	0	0	0	0	0	
0	1	0	-0	0	0	-39.923	-19.9846	39.9384	-99.8921	-79.8767	0	-39.923	19.9846	-39.9384	-99.8921	79.8767	0	0	0	0	0	0	0	0	0	0	0	0	0	0	
0	1	0	-0	0	0	-39.9444	-19.9889	39.9555	-99.9221	-79.9109	0	-39.9444	19.9889	-39.9555	-99.9221	79.9109	0	0	0	0	0	0	0	0	0	0	0	0	0	0	
0	1	0	-0	0	0	-39.9658	-19.9931	39.9726	-99.952	-79.9452	0	-39.9658	19.9931	-39.9726	-99.952	79.9452	0	0	0	0	0	0	0	0	0	0	0	0	0	0	
0	1	0	-0	0	0	-39.9786	-19.9957	39.9829	-99.97	-79.9657	0	-39.9786	19.9957	-39.9829	-99.97	79.9657	0	0	0	0	0	0	0	0	0	0	0	0	0	0	
0	1	0	-0	0	0	-39.9914	-19.9983	39.9931	-99.988	-79.9863	0	-39.9914	19.9983	-39.9931	-99.988	79.9863	0	0	0	0	0	0	0	0	0	0	0	0	0	0	
0	1	0	-0	0	0	-39.9957	-19.9991	39.9966	-99.994	-79.9931	0	-39.9957	19.9991	-39.9966	-99.994	79.9931	0	0	0	0	0	0	0	0	0	0	0	0	0	0	
0	1	0	-0	0	0	-40	-20	40	-100	-80	0	-40	20	-40	-100	80	0	0	0	0	0	0	0	0	0	0	0	0	0	0	
0	1	0	-0	0	0	-40	-20.0017	39.9897	-99.994	-80	0	-40	20.0017	-39.9897	-99.994	80	0	0	0	0	0	0	0	0	0	0	0	0	0	0	
0	1	0	-0	0	0	-40	-20.0034	39.9794	-99.988	-80	0	-40	20.0034	-39.9794	-99.988	80	0	0	0	0	0	0	0	0	0	0	0	0	0	0	
0	1	0	-0	0	0	-40	-20.0086	39.9486	-99.97	-80	0	-40	20.0086	-39.9486	-99.97	80	0	0	0	0	0	0	0	0	0	0	0	0	0	0	
0	1	0	-0	0	0	-40	-20.0137	39.9178	-99.952	-80	0	-40	20.0137	-39.9178	-99.952	80	0	0	0	0	0	0	0	0	0	0	0	0	0	0	
0	1	0	-0	0	0	-40	-20.0223	39.8664	-99.9221	-80	0	-40	20.0223	-39.8664	-99.9221	80	0	0	0	0	0	0	0	0	0	0	0	0	0	0	
0	1	0	-0	0	0	-40	-20.0308	39.8151	-99.8921	-80	0	-40	20.0308	-39.8151	-99.8921	80	0	0	0	0	0	0	0	0	0	0	0	0	0	0	
0	1	0	-0	0	0	-40	-20.0428	39.7432	-99.8502	-80	0	-40	20.0428	-39.7432	-99.8502	80	0	0	0	0	0	0	0	0	0	0	0	0	0	0	
0	1	0	-0	0	0	-40	-20.0548	39.6713	-99.8083	-80	0	-40	20.0548	-39.6713	-99.8083	80	0	0	0	0	0	0	0	0	0	0	0	0	0	0	
0	1	0	-0	0	0	-40	-20.0702	39.579	-99.7544	-80	0	-40	20.0702	-39.579	-99.7544	80	0	0	0	0	0	0	0	0	0	0	0	0	0	0	
0	1	0	-0	0	0	-40	-20.0856	39.4867	-99.7006	-80	0	-40	20.0856	-39.4867	-99.7006	80	0	0	0	0	0	0	0	0	0	0	0	0	0	0	
0	1	0	-0	0	0	-40	-20.1043	39.374	-99.6348	-80	0	-40	20.1043	-39.374	-99.6348	80	0	0	0	0	0	0	0	0	0	0	0	0	0	0	
0	1	0	-0	0	0	-40	-20.1231	39.2613	-99.5691	-80	0	-40	20.1231	-39.2613	-99.5691	80	0	0	0	0	0	0	0	0	0	0	0	0	0	0	
0	1	0	-0	0	0	-40	-20.1453	39.1283	-99.4915	-80	0	-40	20.1453	-39.1283	-99.4915	80	0	0	0	0	0	0	0	0	0	0	0	0	0	0	
0	1	0	-0	0	0	-40	-20.1674	38.9953	-99.4139	-80	0	-40	20.1674	-38.9953	-99.4139	80	0	0	0	0	0	0	0	0	0	0	0	0	0	0	
0	1	0	-0	0	0	-40	-20.193	38.8421	-99.3245	-80	0	-40	20.193	-38.8421	-99.3245	80	0	0	0	0	0	0	0	0	0	0	0	0	0	0	
0	1	0	-0	0	0	-40	-20.2185	38.6889	-99.2351	-80	0	-40	20.2185	-38.6889	-99.2351	80	0	0	0	0	0	0	0	0	0	0	0	0	0	0	
0	1	0	-0	0	0	-40	-20.2474	38.5155	-99.134	-80	0	-40	20.2474	-38.5155	-99.134	80	0	0	0	0	0	0	0	0	0	0	0	0	0	0	
0	1	0	-0	0	0	-40	-20.2763	38.3422	-99.0329	-80	0	-40	20.2763	-38.3422	-99.0329	80	0	0	0	0	0	0	0	0	0	0	0	0	0	0	
0	1	0	-0	0	0	-40	-20.3085	38.1489	-98.9202	-80	0	-40	20.3085	-38.1489	-98.9202	80	0	0	0	0	0	0	0	0	0	0	0	0	0	0	
0	1	0	-0	0	0	-40	-20.3407	37.9555	-98.8074	-80	0	-40	20.3407	-37.9555	-98.8074	80	0	0	0	0	0	0	0	0	0	0	0	0	0	0	
0	1	0	-0	0	0	-40	-20.3763	37.7424	-98.6831	-80	0	-40	20.3763	-37.7424	-98.6831	80	0	0	0	0	0	0	0	0	0	0	0	0	0	0	
0	1	0	-0	0	0	-40	-20.4118	37.5292	-98.5587	-80	0	-40	20.4118	-37.5292	-98.5587	80	0	0	0	0	0	0	0	0	0	0	0	0	0	0	
0	1	0	-0	0	0	-40	-20.4506	37.2963	-98.4228	-80	0	-40	20.4506	-37.2963	-98.4228	80	0	0	0	0	0	0	0	0	0	0	0	0	0	0	
0	1	0	-0	0	0	-40	-20.4894	37.0634	-98.287	-80	0	-40	20.4894	-37.0634	-98.287	80	0	0	0	0	0	0	0	0	0	0	0	0	0	0	
0	1	0	-0	0	0	-40	-20.5315	36.8109	-98.1397	-80	0	-40	20.5315	-36.8109	-98.1397	80	0	0	0	0	0	0	0	0	0	0	0	0	0	0	
0	1	0	-0	0	0	-40	-20.5736	36.5585	-97.9925	-80	0	-40	20.5736	-36.5585	-97.9925	80	0	0	0	0	0	0	0	0	0	0	0	0	0	0	
0	1	0	-0	0	0	-40	-20.6189	36.2866	-97.8339	-80	0	-40	20.6189	-36.2866	-97.8339	80	0	0	0	0	0	0	0	0	0	0	0	0	0	0	
0	1	0	-0	0	0	-40	-20.6642	36.0148	-97.6753	-80	0	-40	20.6642	-36.0148	-97.6753	80	0	0	0	0	0	0	0	0	0	0	0	0	0	0	
0	1	0	-0	0	0	-40	-20.7127	35.7238	-97.5056	-80	0	-40	20.7127	-35.7238	-97.5056	80	0	0	0	0	0	0	0	0	0	0	0	0	0	0	
0	1	0	-0	0	0	-40	-20.7612	35.4328	-97.3358	-80	0	-40	20.7612	-35.4328	-97.3358	80	0	0	0	0	0	0	0	0	0	0	0	0	0	0	
0	1	0	-0	0	0	-40	-20.8129	35.1228	-97.1549	-80	0	-40	20.8129	-35.1228	-97.1549	80	0	0	0	0	0	0	0	0	0	0	0	0	0	0	
0	1	0	-0	0	0	-40	-20.8645	34.8127	-96.9741	-80	0	-40	20.8645	-34.8127	-96.9741	80	0	0	0	0	0	0	0	0	0	0	0	0	0	0	
0	1	0	-0	0	0	-40	-20.9193	34.4839	-96.7823	-80	0	-40	20.9193	-34.4839	-96.7823	80	0	0	0	0	0	0	0	0	0	0	0	0	0	0	
0	1	0	-0	0	0	-40	-20.9742	34.1551	-96.5905	-80	0	-40	20.9742	-34.1551	-96.5905	80	0	0	0	0	0	0	0	0	0	0	0	0	0	0	
0	1	0	-0	0	0	-40	-21.032	33.8077	-96.3879	-80	0	-40	21.032	-33.8077	-96.3879	80	0	0	0	0	0	0	0	0	0	0	0	0	0	0	
0	1	0	-0	0	0	-40	-21.0899	33.4604	-96.1852	-80	0	-40	21.0899	-33.4604	-96.1852	80	0	0	0	0	0	0	0	0	0	0	0	0	0	0	
0	1	0	-0	0	0	-40	-21.1509	33.0947	-95.9719	-80	0	-40	21.1509	-33.0947	-95.9719	80	0	0	0	0	0	0	0	0	0	0	0	0	0	0	
0	1	0	-0	0	0	-40	-21.2118	32.729	-95.7586	-80	0	-40	21.2118	-32.729	-95.7586	80	0	0	0	0	0	0	0	0	0	0	0	0	0	0	
0	1	0	-0	0	0	-40	-21.2758	32.3453	-95.5348	-80	0	-40	21.2758	-32.3453	-95.5348	80	0	0	0	0	0	0	0	0	0	0	0	0	0	0	
0	1	0	-0	0	0	-40	-21.3398	31.9615	-95.3109	-80	0	-40	21.3398	-31.9615	-95.3109	80	0	0	0	0	0	0	0	0	0	0	0	0	0	0	
0	1	0	-0	0	0	-40	-21.4067	31.56	-95.0766	-80	0	-40	21.4067	-31.56	-95.0766	80	0	0	0	0	0	0	0	0	0	0	0	0	0	0	
0	1	0	-0	0	0	-40	-21.4736	31.1584	-94.8424	-80	0	-40	21.4736	-31.1584	-94.8424	80	0	0	0	0	0	0	0	0	0	0	0	0	0	0	
0	1	0	-0	0	0	-40	-21.5434	30.7393	-94.5979	-80	0	-40	21.5434	-30.7393	-94.5979	80	0	0	0	0	0	0	0	0	0	0	0	0	0	0	
0	1	0	-0	0	0	-40	-21.6133	30.3202	-94.3535	-80	0	-40	21.6133	-30.3202	-94.3535	80	0	0	0	0	0	0	0	0	0	0	0	0	0	0	
0	1	0	-0	0	0	-40	-21.686	29.8839	-94.0989	-80	0	-40	21.686	-29.8839	-94.0989	80	0	0	0	0	0	0	0	0	0	0	0	0	0	0	
0	1	0	-0	0	0	-40	-21.7588	29.4476	-93.8444	-80	0	-40	21.7588	-29.4476	-93.8444	80	0	0	0	0	0	0	0	0	0	0	0	0	0	0	
0	1	0	-0	0	0	-40	-21.8343	28.9943	-93.58	-80	0	-40	21.8343	-28.9943	-93.58	80	0	0	0	0	0	0	0	0	0	0	0	0	0	0	
0	1	0	-0	0	0	-40	-21.9098	28.541	-93.3156	-80	0	-40	21.9098	-28.541	-93.3156	80	0	0	0	0	0	0	0	0	0	0	0	0	0	0	
0	1	0	-0	0	0	-40	-21.9881	28.0711	-93.0415	-80	0	-40	21.9881	-28.0711	-93.0415	80	0	0	0	0	0	0	0	0	0	0	0	0	0	0	
0	1	0	-0	0	0	-40	-22.0664	27.6012	-92.7674	-80	0	-40	22.0664	-27.6012	-92.7674	80	0	0	0	0	0	0	0	0	0	0	0	0	0	0	
0	1	0	-0	0	0	-40	-22.1475	27.115	-92.4838	-80	0	-40	22.1475	-27.115	-92.4838	80	0	0	0	0	0	0	0	0	0	0	0	0	0	0	
0	1	0	-0	0	0	-40	-22.2285	26.6288	-92.2001	-80	0	-40	22.2285	-26.6288	-92.2001	80	0	0	0	0	0	0	0	0	0	0	0	0	0	0	
0	1	0	-0	0	0	-40	-22.3122	26.1266	-91.9072	-80	0	-40	22.3122	-26.1266	-91.9072	80	0	0	0	0	0	0	0	0	0	0	0	0	0	0	
0	1	0	-0	0	0	-40	-22.3959	25.6244	-91.6142	-80	0	-40	22.3959	-25.6244	-91.6142	80	0	0	0	0	0	0	0	0	0	0	0	0	0	0	
0	1	0	-0	0	0	-40	-22.4823	25.1066	-91.3121	-80	0	-40	22.4823	-25.1066	-91.3121	80	0	0	0	0	0	0	0	0	0	0	0	0	0	0	
0	1	0	-0	0	0	-40	-22.5686	24.5887	-91.01	-80	0	-40	22.5686	-24.5887	-91.01	80	0	0	0	0	0	0	0	0	0	0	0	0	0	0	
0	1	0	-0	0	0	-40	-22.6574	24.0556	-90.6991	-80	0	-40	22.6574	-24.0556	-90.6991	80	0	0	0	0	0	0	0	0	0	0	0	0	0	0	
0	1	0	-0	0	0	-40	-22.7463	23.5225	-90.3881	-80	0	-40	22.7463	-23.5225	-90.3881	80	0	0	0	0	0	0	0	0	0	0	0	0	0	0	
0	1	0	-0	0	0	-40	-22.8376	22.9745	-90.0684	-80	0	-40	22.8376	-22.9745	-90.0684	80	0	0	0	0	0	0	0	0	0	0	0	0	0	0	
0	1	0	-0	0	0	-40	-22.9289	22.4264	-89.7487	-80	0	-40	22.9289	-22.4264	-89.7487	80	0	0	0	0	0	0	0	0	0	0	0	0	0	0	
0	1	0	-0	0	0	-40	-23.0227	21.8639	-89.4206	-80	0	-40	23.0227	-21.8639	-89.4206	80	0	0	0	0	0	0	0	0	0	0	0	0	0	0	
0	1	0	-0	0	0	-40	-23.1164	21.3013	-89.0924	-80	0	-40	23.1164	-21.3013	-89.0924	80	0	0	0	0	0	0	0	0	0	0	0	0	0	0	
0	1	0	-0	0	0	-40	-23.2126	20.7246	-88.756	-80	0	-40	23.2126	-20.7246	-88.756	80	0	0	0	0	0	0	0	0	0	0	0	0	0	0	
0	1	0	-0	0	0	-40	-23.3087	20.1478	-88.4196	-80	0	-40	23.3087	-20.1478	-88.4196	80	0	0	0	0	0	0	0	0	0	0	0	0	0	0	
0	1	0	-0	0	0	-40	-23.4071	19.5574	-88.0751	-80	0	-40	23.4071	-19.5574	-88.0751	80	0	0	0	0	0	0	0	0	0	0	0	0	0	0	
0	1	0	-0	0	0	-40	-23.5055	18.9669	-87.7307	-80	0	-40	23.5055	-18.9669	-87.7307	80	0	0	0	0	0	0	0	0	0	0	0	0	0	0	
0	1	0	-0	0	0	-40	-23.6062	18.3631	-87.3784	-80	0	-40	23.6062	-18.3631	-87.3784	80	0	0	0	0	0	0	0	0	0	0	0	0	0	0	
0	1	0	-0	0	0	-40	-23.7068	17.7592	-87.0262	-80	0	-40	23.7068	-17.7592	-87.0262	80	0	0	0	0	0	0	0	0	0	0	0	0	0	0	
0	1	0	-0	0	0	-40	-23.8096	17.1425	-86.6664	-80	0	-40	23.8096	-17.1425	-86.6664	80	0	0	0	0	0	0	0	0	0	0	0	0	0	0	
0	1	0	-0	0	0	-40	-23.9124	16.5257	-86.3066	-80	0	-40	23.9124	-16.5257	-86.3066	80	0	0	0	0	0	0	0	0	0	0	0	0	0	0	
0	1	0	-0	0	0	-40	-24.0173	15.8964	-85.9396	-80	0	-40	24.0173	-15.8964	-85.9396	80	0	0	0	0	0	0	0	0	0	0	0	0	0	0	
0	1	0	-0	0	0	-40	-24.1222	15.2671	-85.5725	-80	0	-40	24.1222	-15.2671	-85.5725	80	0	0	0	0	0	0	0	0	0	0	0	0	0	0	
0	1	0	-0	0	0	-40	-24.229	14.6258	-85.1984	-80	0	-40	24.229	-14.6258	-85.1984	80	0	0	0	0	0	0	0	0	0	0	0	0	0	0	
0	1	0	-0	0	0	-40	-24.3359	13.9844	-84.8242	-80	0	-40	24.3359	-13.9844	-84.8242	80	0	0	0	0	0	0	0	0	0	0	0	0	0	0	
0	1	0	-0	0	0	-40	-24.4448	13.3314	-84.4433	-80	0	-40	24.4448	-13.3314	-84.4433	80	0	0	0	0	0	0	0	0	0	0	0	0	0	0	
0	1	0	-0	0	0	-40	-24.5536	12.6784	-84.0624	-80	0	-40	24.5536	-12.6784	-84.0624	80	0	0	0	0	0	0	0	0	0	0	0	0	0	0	
0	1	0	-0	0	0	-40	-24.6643	12.0142	-83.6749	-80	0	-40	24.6643	-12.0142	-83.6749	80	0	0	0	0	0	0	0	0	0	0	0	0	0	0	
0	1	0	-0	0	0	-40	-24.775	11.35	-83.2874	-80	0	-40	24.775	-11.35	-83.2874	80	0	0	0	0	0	0	0	0	0	0	0	0	0	0	
0	1	0	-0	0	0	-40	-24.8875	10.675	-82.8937	-80	0	-40	24.8875	-10.675	-82.8937	80	0	0	0	0	0	0	0	0	0	0	0	0	0	0	
0	1	0	-0	0	0	-40	-25	10	-82.5	-80	0	-40	25	-10	-82.5	80	0	0	0	0	0	0	0	0	0	0	0	0	0	0	
0	1	0	-0	0	0	-40	-25.1142	9.31478	-82.1003	-80	0	-40	25.1142	-9.31478	-82.1003	80	0	0	0	0	0	0	0	0	0	0	0	0	0	0	
0	1	0	-0	0	0	-40	-25.2284	8.62955	-81.7006	-80	0	-40	25.2284	-8.62955	-81.7006	80	0	0	0	0	0	0	0	0	0	0	0	0	0	0	
0	1	0	-0	0	0	-40	-25.3442	7.93449	-81.2951	-80	0	-40	25.3442	-7.93449	-81.2951	80	0	0	0	0	0	0	0	0	0	0	0	0	0	0	
0	1	0	-0	0	0	-40	-25.4601	7.23944	-80.8897	-80	0	-40	25.4601	-7.23944	-80.8897	80	0	0	0	0	0	0	0	0	0	0	0	0	0	0	
0	1	0	-0	0	0	-40	-25.5775	6.53507	-80.4788	-80	0	-40	25.5775	-6.53507	-80.4788	80	0	0	0	0	0	0	0	0	0	0	0	0	0	0	
0	1	0	-0	0	0	-40	-25.6949	5.83071	-80.0679	-80	0	-40	25.6949	-5.83071	-80.0679	80	0	0	0	0	0	0	0	0	0	0	0	0	0	0	
0	1	0	-0	0	0	-40	-25.8138	5.11746	-79.6518	-80	0	-40	25.8138	-5.11746	-79.6518	80	0	0	0	0	0	0	0	0	0	0	0	0	0	0	
0	1	0	-0	0	0	-40	-25.9326	4.40421	-79.2358	-80	0	-40	25.9326	-4.40421	-79.2358	80	0	0	0	0	0	0	0	0	0	0	0	0	0	0	
0	1	0	-0	0	0	-40	-26.0529	3.68263	-78.8148	-80	0	-40	26.0529	-3.68263	-78.8148	80	0	0	0	0	0	0	0	0	0	0	0	0	0	0	
0	1	0	-0	0	0	-40	-26.1732	2.96105	-78.3939	-80	0	-40	26.1732	-2.96105	-78.3939	80	0	0	0	0	0	0	0	0	0	0	0	0	0	0	
0	1	0	-0	0	0	-40	-26.2948	2.23156	-77.9684	-80	0	-40	26.2948	-2.23156	-77.9684	80	0	0	0	0	0	0	0	0	0	0	0	0	0	0	
0	1	0	-0	0	0	-40	-26.4163	1.50207	-77.5429	-80	0	-40	26.4163	-1.50207	-77.5429	80	0	0	0	0	0	0	0	0	0	0	0	0	0	0	
0	1	0	-0	0	0	-40	-26.5391	0.765242	-77.1131	-80	0	-40	26.5391	-0.765242	-77.1131	80	0	0	0	0	0	0	0	0	0	0	0	0	0	0	
0	1	0	-0	0	0	-40	-26.6619	0.0284187	-76.6832	-80	0	-40	26.6619	-0.0284187	-76.6832	80	0	0	0	0	0	0	0	0	0	0	0	0	0	0	
0	1	0	-0	0	0	-40	-26.7859	-0.715281	-76.2494	-80	0	-40	26.7859	0.715281	-76.2494	80	0	0	0	0	0	0	0	0	0	0	0	0	0	0	
0	1	0	-0	0	0	-40	-26.9098	-1.45898	-75.8156	-80	0	-40	26.9098	1.45898	-75.8156	80	0	0	0	0	0	0	0	0	0	0	0	0	0	0	
0	1	0	-0	0	0	-40	-27.0348	-2.20901	-75.3781	-80	0	-40	27.0348	2.20901	-75.3781	80	0	0	0	0	0	0	0	0	0	0	0	0	0	0	
0	1	0	-0	0	0	-40	-27.1599	-2.95904	-74.9405	-80	0	-40	27.1599	2.95904	-74.9405	80	0	0	0	0	0	0	0	0	0	0	0	0	0	0	
0	1	0	-0	0	0	-40	-27.2858	-3.71494	-74.4996	-80	0	-40	27.2858	3.71494	-74.4996	80	0	0	0	0	0	0	0	0	0	0	0	0	0	0	
0	1	0	-0	0	0	-40	-27.4118	-4.47085	-74.0587	-80	0	-40	27.4118	4.47085	-74.0587	80	0	0	0	0	0	0	0	0	0	0	0	0	0	0	
0	1	0	-0	0	0	-40	-27.5387	-5.23205	-73.6146	-80	0	-40	27.5387	5.23205	-73.6146	80	0	0	0	0	63.5	63.5	63.5	63.5	63.5	63.5	63.5	63.5	63.5	63.5	
0	1	0	-0	0	0	-40	-27.6656	-5.99325	-73.1706	-80	0	-40	27.6656	5.99325	-73.1706	80	0	0	0	0	127	127	127	127	127	127	127	127	127	127	
0	1	0	-0	0	0	-40	-27.7932	-6.75927	-72.7238	-80	0	-40	27.7932	6.75927	-72.7238	80	0	0	0	0	127	127	127	127	127	127	127	127	127	127	
0	1	0	-0	0	0	-40	-27.9209	-7.52528	-72.2769	-80	0	-40	27.9209	7.52528	-72.2769	80	0	0	0	0	127	127	127	127	127	127	127	127	127	127	
0	1	0	-0	0	0	-40	-28.0493	-8.29557	-71.8276	-80	0	-40	28.0493	8.29557	-71.8276	80	0	0	0	0	127	127	127	127	127	127	127	127	127	127	
0	1	0	-0	0	0	-40	-28.1777	-9.06585	-71.3782	-80	0	-40	28.1777	9.06585	-71.3782	80	0	0	0	0	127	127	127	127	127	127	127	127	127	127	
0	1	0	-0	0	0	-40	-28.3067	-9.83989	-70.9267	-80	0	-40	28.3067	9.83989	-70.9267	80	0	0	0	0	127	127	127	127	127	127	127	127	127	127	
0	1	0	-0	0	0	-40	-28.4357	-10.6139	-70.4752	-80	0	-40	28.4357	10.6139	-70.4752	80	0	0	0	0	127	127	127	127	127	127	127	127	127	127	
0	1	0	-0	0	0	-40	-28.5652	-11.3912	-70.0218	-80	0	-40	28.5652	11.3912	-70.0218	80	0	0	0	0	127	127	127	127	127	127	127	127	127	127	
0	1	0	-0	0	0	-40	-28.6948	-12.1684	-69.5684	-80	0	-40	28.6948	12.1684	-69.5684	80	0	0	0	0	127	127	127	127	127	127	127	127	127	127	
0	1	0	-0	0	0	-40	-28.8247	-12.9484	-69.1135	-80	0	-40	28.8247	12.9484	-69.1135	80	0	0	0	0	127	127	127	127	127	127	127	127	127	127	
0	1	0	-0	0	0	-40	-28.9547	-13.7283	-68.6585	-80	0	-40	28.9547	13.7283	-68.6585	80	0	0	0	0	127	127	127	127	127	127	127	127	127	127	
0	1	0	-0	0	0	-40	-29.0851	-14.5104	-68.2023	-80	0	-40	29.0851	14.5104	-68.2023	80	0	0	0	0	127	127	127	127	127	127	127	127	127	127	
0	1	0	-0	0	0	-40	-29.2154	-15.2924	-67.7461	-80	0	-40	29.2154	15.2924	-67.7461	80	0	0	0	0	127	127	127	127	127	127	127	127	127	127	
0	1	0	-0	0	0	-40	-29.346	-16.0761	-67.2889	-80	0	-40	29.346	16.0761	-67.2889	80	0	0	0	0	127	127	127	127	127	127	127	127	127	127	
0	1	0	-0	0	0	-40	-29.4766	-16.8598	-66.8317	-80	0	-40	29.4766	16.8598	-66.8317	80	0	0	0	0	127	127	127	127	127	127	127	127	127	127	
0	1	0	-0	0	0	-40	-29.6074	-17.6446	-66.374	-80	0	-40	29.6074	17.6446	-66.374	80	0	0	0	0	127	127	127	127	127	127	127	127	127	127	
0	1	0	-0	0	0	-40	-29.7382	-18.4294	-65.9162	-80	0	-40	29.7382	18.4294	-65.9162	80	0	0	0	0	127	127	127	127	127	127	127	127	127	127	
0	1	0	-0	0	0	-40	-29.8691	-19.2147	-65.4581	-80	0	-40	29.8691	19.2147	-65.4581	80	0	0	0	0	127	127	127	127	127	127	127	127	127	127	
0	1	0	-0	0	0	-40	-30	-20	-65	-80	0	-40	30	20	-65	80	0	0	0	0	127	127	127	127	127	127	127	127	127	127	
0	1	0	-0	0	0	-40	-30.1309	-20.7853	-64.5419	-80	0	-40	30.1309	20.7853	-64.5419	80	0	0	0	0	127	127	127	127	127	127	127	127	127	127	
0	1	0	-0	0	0	-40	-30.2617	-21.5706	-64.0838	-80	0	-40	30.2617	21.5706	-64.0838	80	0	0	0	0	127	127	127	127	127	127	127	127	127	127	
0	1	0	-0	0	0	-40	-30.3925	-22.3554	-63.626	-80	0	-40	30.3925	22.3554	-63.626	80	0	0	0	0	127	127	127	127	127	127	127	127	127	127	
0	1	0	-0	0	0	-40	-30.5234	-23.1402	-63.1683	-80	0	-40	30.5234	23.1402	-63.1683	80	0	0	0	0	127	127	127	127	127	127	127	127	127	127	
0	1	0	-0	0	0	-40	-30.654	-23.9239	-62.7111	-80	0	-40	30.654	23.9239	-62.7111	80	0	0	0	0	127	127	127	127	127	127	127	127	127	127	
0	1	0	-0	0	0	-40	-30.7846	-24.7075	-62.2539	-80	0	-40	30.7846	24.7075	-62.2539	80	0	0	0	0	127	127	127	127	127	127	127	127	127	127	
0	1	0	-0	0	0	-40	-30.9149	-25.4896	-61.7977	-80	0	-40	30.9149	25.4896	-61.7977	80	0	0	0	0	127	127	127	127	127	127	127	127	127	127	
0	1	0	-0	0	0	-40	-31.0453	-26.2717	-61.3415	-80	0	-40	31.0453	26.2717	-61.3415	80	0	0	0	0	127	127	127	127	127	127	127	127	127	127	
0	1	0	-0	0	0	-40	-31.1753	-27.0516	-60.8865	-80	0	-40	31.1753	27.0516	-60.8865	80	0	0	0	0	127	127	127	127	127	127	127	127	127	127	
0	1	0	-0	0	0	-40	-31.3053	-27.8315	-60.4316	-80	0	-40	31.3053	27.8315	-60.4316	80	0	0	0	0	127	127	127	127	127	127	127	127	127	127	
0	1	0	-0	0	0	-40	-31.4348	-28.6088	-59.9782	-80	0	-40	31.4348	28.6088	-59.9782	80	0	0	0	0	127	127	127	127	127	127	127	127	127	127	
0	1	0	-0	0	0	-40	-31.5644	-29.386	-59.5248	-80	0	-40	31.5644	29.386	-59.5248	80	0	0	0	0	127	127	127	127	127	127	127	127	127	127	
0	1	0	-0	0	0	-40	-31.6934	-30.1601	-59.0733	-80	0	-40	31.6934	30.1601	-59.0733	80	0	0	0	0	127	127	127	127	127	127	127	127	127	127	
0	1	0	-0	0	0	-40	-31.8224	-30.9341	-58.6218	-80	0	-40	31.8224	30.9341	-58.6218	80	0	0	0	0	127	127	127	127	127	127	127	127	127	127	
0	1	0	-0	0	0	-40	-31.9507	-31.7044	-58.1724	-80	0	-40	31.9507	31.7044	-58.1724	80	0	0	0	0	127	127	127	127	127	127	127	127	127	127	
0	1	0	-0	0	0	-40	-32.0791	-32.4747	-57.7231	-80	0	-40	32.0791	32.4747	-57.7231	80	0	0	0	0	127	127	127	127	127	127	127	127	127	127	
0	1	0	-0	0	0	-40	-32.2068	-33.2407	-57.2763	-80	0	-40	32.2068	33.2407	-57.2763	80	0	0	0	0	127	127	127	127	127	127	127	127	127	127	
0	1	0	-0	0	0	-40	-32.3345	-34.0067	-56.8294	-80	0	-40	32.3345	34.0067	-56.8294	80	0	0	0	0	127	127	127	127	127	127	127	127	127	127	
0	1	0	-0	0	0	-40	-32.4613	-34.7679	-56.3854	-80	0	-40	32.4613	34.7679	-56.3854	80	0	0	0	0	127	127	127	127	127	127	127	127	127	127	
0	1	0	-0	0	0	-40	-32.5882	-35.5291	-55.9414	-80	0	-40	32.5882	35.5291	-55.9414	80	0	0	0	0	127	127	127	127	127	127	127	127	127	127	
0	1	0	-0	0	0	-40	-32.7142	-36.285	-55.5004	-80	0	-40	32.7142	36.285	-55.5004	80	0	0	0	0	127	127	127	127	127	127	127	127	127	127	
0	1	0	-0	0	0	-40	-32.8402	-37.0409	-55.0595	-80	0	-40	32.8402	37.0409	-55.0595	80	0	0	0	0	127	127	127	127	127	127	127	127	127	127	
0	1	0	-0	0	0	-40	-32.9652	-37.7909	-54.6219	-80	0	-40	32.9652	37.7909	-54.6219	80	0	0	0	0	127	127	127	127	127	127	127	127	127	127	
0	1	0	-0	0	0	-40	-33.0901	-38.541	-54.1844	-80	0	-40	33.0901	38.541	-54.1844	80	0	0	0	0	127	127	127	127	127	127	127	127	127	127	
0	1	0	-0	0	0	-40	-33.2141	-39.2847	-53.7506	-80	0	-40	33.2141	39.2847	-53.7506	80	0	0	0	0	127	127	127	127	127	127	127	127	127	127	
0	1	0	-0	0	0	-40	-33.3381	-40.0284	-53.3168	-80	0	-40	33.3381	40.0284	-53.3168	80	0	0	0	0	127	127	127	127	127	127	127	127	127	127	
0	1	0	-0	0	0	-40	-33.4609	-40.7652	-52.887	-80	0	-40	33.4609	40.7652	-52.887	80	0	0	0	0	127	127	127	127	127	127	127	127	127	127	
0	1	0	-0	0	0	-40	-33.5837	-41.502	-52.4572	-80	0	-40	33.5837	41.502	-52.4572	80	0	0	0	0	127	127	127	127	127	127	127	127	127	127	
0	1	0	-0	0	0	-40	-33.7053	-42.2315	-52.0316	-80	0	-40	33.7053	42.2315	-52.0316	80	0	0	0	0	127	127	127	127	127	127	127	127	127	127	
0	1	0	-0	0	0	-40	-33.8269	-42.961	-51.6061	-80	0	-40	33.8269	42.961	-51.6061	80	0	0	0	0	127	127	127	127	127	127	127	127	127	127	
0	1	0	-0	0	0	-40	-33.9471	-43.6826	-51.1852	-80	0	-40	33.9471	43.6826	-51.1852	80	0	0	0	0	127	127	127	127	127	127	127	127	127	127	
0	1	0	-0	0	0	-40	-34.0674	-44.4042	-50.7642	-80	0	-40	34.0674	44.4042	-50.7642	80	0	0	0	0	127	127	127	127	127	127	127	127	127	127	
0	1	0	-0	0	0	-40	-34.1862	-45.1174	-50.3482	-80	0	-40	34.1862	45.1174	-50.3482	80	0	0	0	0	127	127	127	127	127	127	127	127	127	127	
0	1	0	-0	0	0	-40	-34.3051	-45.8307	-49.9321	-80	0	-40	34.3051	45.8307	-49.9321	80	0	0	0	0	127	127	127	127	127	127	127	127	127	127	
0	1	0	-0	0	0	-40	-34.4225	-46.535	-49.5212	-80	0	-40	34.4225	46.535	-49.5212	80	0	0	0	0	127	127	127	127	127	127	127	127	127	127	
0	1	0	-0	0	0	-40	-34.5399	-47.2394	-49.1103	-80	0	-40	34.5399	47.2394	-49.1103	80	0	0	0	0	127	127	127	127	127	127	127	127	127	127	
0	1	0	-0	0	0	-40	-34.6558	-47.9345	-48.7049	-80	0	-40	34.6558	47.9345	-48.7049	80	0	0	0	0	127	127	127	127	127	127	127	127	127	127	
0	1	0	-0	0	0	-40	-34.7716	-48.6295	-48.2994	-80	0	-40	34.7716	48.6295	-48.2994	80	0	0	0	0	127	127	127	127	127	127	127	127	127	127	
0	1	0	-0	0	0	-40	-34.8858	-49.3147	-47.8997	-80	0	-40	34.8858	49.3147	-47.8997	80	0	0	0	0	127	127	127	127	127	127	127	127	127	127	
0	1	0	-0	0	0	-40	-35	-50	-47.5	-80	0	-40	35	50	-47.5	80	0	0	0	0	127	127	127	127	127	127	127	127	127	127	
0	1	0	-0	0	0	-40	-35.1125	-50.6749	-47.1063	-80	0	-40	35.1125	50.6749	-47.1063	80	0	0	0	0	127	127	127	127	127	127	127	127	127	127	
0	1	0	-0	0	0	-40	-35.225	-51.3499	-46.7126	-80	0	-40	35.225	51.3499	-46.7126	80	0	0	0	0	127	127	127	127	127	127	127	127	127	127	
0	1	0	-0	0	0	-40	-35.3357	-52.0141	-46.3251	-80	0	-40	35.3357	52.0141	-46.3251	80	0	0	0	0	63.5	63.5	63.5	63.5	63.5	63.5	63.5	63.5	63.5	63.5	
0	1	0	-0	0	0	-40	-35.4464	-52.6783	-45.9376	-80	0	-40	35.4464	52.6783	-45.9376	80	0	0	0	0	0	0	0	0	0	0	0	0	0	0	
0	1	0	-0	0	0	-40	-35.5552	-53.3313	-45.5567	-80	0	-40	35.5552	53.3313	-45.5567	80	0	0	0	0	0	0	0	0	0	0	0	0	0	0	
0	1	0	-0	0	0	-40	-35.664	-53.9844	-45.1758	-80	0	-40	35.664	53.9844	-45.1758	80	0	0	0	0	0	0	0	0	0	0	0	0	0	0	
0	1	0	-0	0	0	-40	-35.771	-54.6257	-44.8017	-80	0	-40	35.771	54.6257	-44.8017	80	0	0	0	0	0	0	0	0	0	0	0	0	0	0	
0	1	0	-0	0	0	-40	-35.8779	-55.2671	-44.4275	-80	0	-40	35.8779	55.2671	-44.4275	80	0	0	0	0	0	0	0	0	0	0	0	0	0	0	
0	1	0	-0	0	0	-40	-35.9828	-55.8964	-44.0605	-80	0	-40	35.9828	55.8964	-44.0605	80	0	0	0	0	0	0	0	0	0	0	0	0	0	0	
0	1	0	-0	0	0	-40	-36.0876	-56.5257	-43.6934	-80	0	-40	36.0876	56.5257	-43.6934	80	0	0	0	0	0	0	0	0	0	0	0	0	0	0	
0	1	0	-0	0	0	-40	-36.1904	-57.1424	-43.3336	-80	0	-40	36.1904	57.1424	-43.3336	80	0	0	0	0	0	0	0	0	0	0	0	0	0	0	
0	1	0	-0	0	0	-40	-36.2932	-57.7592	-42.9738	-80	0	-40	36.2932	57.7592	-42.9738	80	0	0	0	0	0	0	0	0	0	0	0	0	0	0	
0	1	0	-0	0	0	-40	-36.3938	-58.363	-42.6216	-80	0	-40	36.3938	58.363	-42.6216	80	0	0	0	0	0	0	0	0	0	0	0	0	0	0	
0	1	0	-0	0	0	-40	-36.4945	-58.9669	-42.2693	-80	0	-40	36.4945	58.9669	-42.2693	80	0	0	0	0	0	0	0	0	0	0	0	0	0	0	
0	1	0	-0	0	0	-40	-36.5929	-59.5573	-41.9249	-80	0	-40	36.5929	59.5573	-41.9249	80	0	0	0	0	0	0	0	0	0	0	0	0	0	0	
0	1	0	-0	0	0	-40	-36.6913	-60.1478	-41.5805	-80	0	-40	36.6913	60.1478	-41.5805	80	0	0	0	0	0	0	0	0	0	0	0	0	0	0	
0	1	0	-0	0	0	-40	-36.7874	-60.7245	-41.244	-80	0	-40	36.7874	60.7245	-41.244	80	0	0	0	0	0	0	0	0	0	0	0	0	0	0	
0	1	0	-0	0	0	-40	-36.8835	-61.3013	-40.9076	-80	0	-40	36.8835	61.3013	-40.9076	80	0	0	0	0	0	0	0	0	0	0	0	0	0	0	
0	1	0	-0	0	0	-40	-36.9773	-61.8638	-40.5794	-80	0	-40	36.9773	61.8638	-40.5794	80	0	0	0	0	0	0	0	0	0	0	0	0	0	0	
0	1	0	-0	0	0	-40	-37.0711	-62.4264	-40.2513	-80	0	-40	37.0711	62.4264	-40.2513	80	0	0	0	0	0	0	0	0	0	0	0	0	0	0	
0	1	0	-0	0	0	-40	-37.1624	-62.9744	-39.9316	-80	0	-40	37.1624	62.9744	-39.9316	80	0	0	0	0	0	0	0	0	0	0	0	0	0	0	
0	1	0	-0	0	0	-40	-37.2537	-63.5225	-39.6119	-80	0	-40	37.2537	63.5225	-39.6119	80	0	0	0	0	0	0	0	0	0	0	0	0	0	0	
0	1	0	-0	0	0	-40	-37.3426	-64.0556	-39.3009	-80	0	-40	37.3426	64.0556	-39.3009	80	0	0	0	0	0	0	0	0	0	0	0	0	0	0	
0	1	0	-0	0	0	-40	-37.4314	-64.5887	-38.9899	-80	0	-40	37.4314	64.5887	-38.9899	80	0	0	0	0	0	0	0	0	0	0	0	0	0	0	
0	1	0	-0	0	0	-40	-37.5178	-65.1065	-38.6879	-80	0	-40	37.5178	65.1065	-38.6879	80	0	0	0	0	0	0	0	0	0	0	0	0	0	0	
0	1	0	-0	0	0	-40	-37.6041	-65.6244	-38.3858	-80	0	-40	37.6041	65.6244	-38.3858	80	0	0	0	0	0	0	0	0	0	0	0	0	0	0	
0	1	0	-0	0	0	-40	-37.6878	-66.1265	-38.0929	-80	0	-40	37.6878	66.1265	-38.0929	80	0	0	0	0	0	0	0	0	0	0	0	0	0	0	
0	1	0	-0	0	0	-40	-37.7714	-66.6287	-37.7999	-80	0	-40	37.7714	66.6287	-37.7999	80	0	0	0	0	0	0	0	0	0	0	0	0	0	0	
0	1	0	-0	0	0	-40	-37.8525	-67.115	-37.5163	-80	0	-40	37.8525	67.115	-37.5163	80	0	0	0	0	0	0	0	0	0	0	0	0	0	0	
0	1	0	-0	0	0	-40	-37.9335	-67.6012	-37.2326	-80	0	-40	37.9335	67.6012	-37.2326	80	0	0	0	0	0	0	0	0	0	0	0	0	0	0	
0	1	0	-0	0	0	-40	-38.0119	-68.0711	-36.9585	-80	0	-40	38.0119	68.0711	-36.9585	80	0	0	0	0	0	0	0	0	0	0	0	0	0	0	
0	1	0	-0	0	0	-40	-38.0902	-68.541	-36.6844	-80	0	-40	38.0902	68.541	-36.6844	80	0	0	0	0	0	0	0	0	0	0	0	0	0	0	
0	1	0	-0	0	0	-40	-38.1657	-68.9943	-36.42	-80	0	-40	38.1657	68.9943	-36.42	80	0	0	0	0	0	0	0	0	0	0	0	0	0	0	
0	1	0	-0	0	0	-40	-38.2413	-69.4476	-36.1556	-80	0	-40	38.2413	69.4476	-36.1556	80	0	0	0	0	0	0	0	0	0	0	0	0	0	0	
0	1	0	-0	0	0	-40	-38.314	-69.8839	-35.9011	-80	0	-40	38.314	69.8839	-35.9011	80	0	0	0	0	0	0	0	0	0	0	0	0	0	0	
0	1	0	-0	0	0	-40	-38.3867	-70.3202	-35.6466	-80	0	-40	38.3867	70.3202	-35.6466	80	0	0	0	0	0	0	0	0	0	0	0	0	0	0	
0	1	0	-0	0	0	-40	-38.4565	-70.7393	-35.4021	-80	0	-40	38.4565	70.7393	-35.4021	80	0	0	0	0	0	0	0	0	0	0	0	0	0	0	
0	1	0	-0	0	0	-40	-38.5264	-71.1584	-35.1576	-80	0	-40	38.5264	71.1584	-35.1576	80	0	0	0	0	0	0	0	0	0	0	0	0	0	0	
0	1	0	-0	0	0	-40	-38.5933	-71.5599	-34.9234	-80	0	-40	38.5933	71.5599	-34.9234	80	0	0	0	0	0	0	0	0	0	0	0	0	0	0	
0	1	0	-0	0	0	-40	-38.6603	-71.9615	-34.6891	-80	0	-40	38.6603	71.9615	-34.6891	80	0	0	0	0	0	0	0	0	0	0	0	0	0	0	
0	1	0	-0	0	0	-40	-38.7242	-72.3453	-34.4652	-80	0	-40	38.7242	72.3453	-34.4652	80	0	0	0	0	0	0	0	0	0	0	0	0	0	0	
0	1	0	-0	0	0	-40	-38.7882	-72.729	-34.2414	-80	0	-40	38.7882	72.729	-34.2414	80	0	0	0	0	0	0	0	0	0	0	0	0	0	0	
0	1	0	-0	0	0	-40	-38.8491	-73.0947	-34.0281	-80	0	-40	38.8491	73.0947	-34.0281	80	0	0	0	0	0	0	0	0	0	0	0	0	0	0	
0	1	0	-0	0	0	-40	-38.9101	-73.4604	-33.8148	-80	0	-40	38.9101	73.4604	-33.8148	80	0	0	0	0	0	0	0	0	0	0	0	0	0	0	
0	1	0	-0	0	0	-40	-38.968	-73.8077	-33.6121	-80	0	-40	38.968	73.8077	-33.6121	80	0	0	0	0	0	0	0	0	0	0	0	0	0	0	
0	1	0	-0	0	0	-40	-39.0259	-74.1551	-33.4095	-80	0	-40	39.0259	74.1551	-33.4095	80	0	0	0	0	0	0	0	0	0	0	0	0	0	0	
0	1	0	-0	0	0	-40	-39.0806	-74.4839	-33.2177	-80	0	-40	39.0806	74.4839	-33.2177	80	0	0	0	0	0	0	0	0	0	0	0	0	0	0	
0	1	0	-0	0	0	-40	-39.1354	-74.8127	-33.0259	-80	0	-40	39.1354	74.8127	-33.0259	80	0	0	0	0	0	0	0	0	0	0	0	0	0	0	
0	1	0	-0	0	0	-40	-39.1871	-75.1227	-32.8451	-80	0	-40	39.1871	75.1227	-32.8451	80	0	0	0	0	0	0	0	0	0	0	0	0	0	0	
0	1	0	-0	0	0	-40	-39.2388	-75.4328	-32.6642	-80	0	-40	39.2388	75.4328	-32.6642	80	0	0	0	0	0	0	0	0	0	0	0	0	0	0	
0	1	0	-0	0	0	-40	-39.2873	-75.7238	-32.4944	-80	0	-40	39.2873	75.7238	-32.4944	80	0	0	0	0	0	0	0	0	0	0	0	0	0	0	
0	1	0	-0	0	0	-40	-39.3358	-76.0148	-32.3247	-80	0	-40	39.3358	76.0148	-32.3247	80	0	0	0	0	0	0	0	0	0	0	0	0	0	0	
0	1	0	-0	0	0	-40	-39.3811	-76.2866	-32.1661	-80	0	-40	39.3811	76.2866	-32.1661	80	0	0	0	0	0	0	0	0	0	0	0	0	0	0	
0	1	0	-0	0	0	-40	-39.4264	-76.5584	-32.0075	-80	0	-40	39.4264	76.5584	-32.0075	80	0	0	0	0	0	0	0	0	0	0	0	0	0	0	
0	1	0	-0	0	0	-40	-39.4685	-76.8109	-31.8603	-80	0	-40	39.4685	76.8109	-31.8603	80	0	0	0	0	0	0	0	0	0	0	0	0	0	0	
0	1	0	-0	0	0	-40	-39.5105	-77.0634	-31.713	-80	0	-40	39.5105	77.0634	-31.713	80	0	0	0	0	0	0	0	0	0	0	0	0	0	0	
0	1	0	-0	0	0	-40	-39.5494	-77.2963	-31.5772	-80	0	-40	39.5494	77.2963	-31.5772	80	0	0	0	0	0	0	0	0	0	0	0	0	0	0	
0	1	0	-0	0	0	-40	-39.5882	-77.5292	-31.4413	-80	0	-40	39.5882	77.5292	-31.4413	80	0	0	0	0	0	0	0	0	0	0	0	0	0	0	
0	1	0	-0	0	0	-40	-39.6237	-77.7424	-31.317	-80	0	-40	39.6237	77.7424	-31.317	80	0	0	0	0	0	0	0	0	0	0	0	0	0	0	
0	1	0	-0	0	0	-40	-39.6593	-77.9555	-31.1926	-80	0	-40	39.6593	77.9555	-31.1926	80	0	0	0	0	0	0	0	0	0	0	0	0	0	0	
0	1	0	-0	0	0	-40	-39.6915	-78.1489	-31.0798	-80	0	-40	39.6915	78.1489	-31.0798	80	0	0	0	0	0	0	0	0	0	0	0	0	0	0	
0	1	0	-0	0	0	-40	-39.7237	-78.3422	-30.9671	-80	0	-40	39.7237	78.3422	-30.9671	80	0	0	0	0	0	0	0	0	0	0	0	0	0	0	
0	1	0	-0	0	0	-40	-39.7526	-78.5155	-30.866	-80	0	-40	39.7526	78.5155	-30.866	80	0	0	0	0	0	0	0	0	0	0	0	0	0	0	
0	1	0	-0	0	0	-40	-39.7815	-78.6889	-30.7649	-80	0	-40	39.7815	78.6889	-30.7649	80	0	0	0	0	0	0	0	0	0	0	0	0	0	0	
0	1	0	-0	0	0	-40	-39.807	-78.8421	-30.6755	-80	0	-40	39.807	78.8421	-30.6755	80	0	0	0	0	0	0	0	0	0	0	0	0	0	0	
0	1	0	-0	0	0	-40	-39.8325	-78.9953	-30.5861	-80	0	-40	39.8325	78.9953	-30.5861	80	0	0	0	0	0	0	0	0	0	0	0	0	0	0	
0	1	0	-0	0	0	-40	-39.8547	-79.1283	-30.5085	-80	0	-40	39.8547	79.1283	-30.5085	80	0	0	0	0	0	0	0	0	0	0	0	0	0	0	
0	1	0	-0	0	0	-40	-39.8769	-79.2613	-30.4309	-80	0	-40	39.8769	79.2613	-30.4309	80	0	0	0	0	0	0	0	0	0	0	0	0	0	0	
0	1	0	-0	0	0	-40	-39.8957	-79.374	-30.3652	-80	0	-40	39.8957	79.374	-30.3652	80	0	0	0	0	0	0	0	0	0	0	0	0	0	0	
0	1	0	-0	0	0	-40	-39.9145	-79.4867	-30.2994	-80	0	-40	39.9145	79.4867	-30.2994	80	0	0	0	0	0	0	0	0	0	0	0	0	0	0	
0	1	0	-0	0	0	-40	-39.9299	-79.579	-30.2456	-80	0	-40	39.9299	79.579	-30.2456	80	0	0	0	0	0	0	0	0	0	0	0	0	0	0	
0	1	0	-0	0	0	-40	-39.9452	-79.6713	-30.1917	-80	0	-40	39.9452	79.6713	-30.1917	80	0	0	0	0	0	0	0	0	0	0	0	0	0	0	
0	1	0	-0	0	0	-40	-39.9572	-79.7432	-30.1498	-80	0	-40	39.9572	79.7432	-30.1498	80	0	0	0	0	0	0	0	0	0	0	0	0	0	0	
0	1	0	-0	0	0	-40	-39.9692	-79.815	-30.1079	-80	0	-40	39.9692	79.815	-30.1079	80	0	0	0	0	0	0	0	0	0	0	0	0	0	0	
0	1	0	-0	0	0	-40	-39.9777	-79.8664	-30.0779	-80	0	-40	39.9777	79.8664	-30.0779	80	0	0	0	0	0	0	0	0	0	0	0	0	0	0	
0	1	0	-0	0	0	-40	-39.9863	-79.9178	-30.048	-80	0	-40	39.9863	79.9178	-30.048	80	0	0	0	0	0	0	0	0	0	0	0	0	0	0	
0	1	0	-0	0	0	-40	-39.9914	-79.9486	-30.03	-80	0	-40	39.9914	79.9486	-30.03	80	0	0	0	0	0	0	0	0	0	0	0	0	0	0	
0	1	0	-0	0	0	-40	-39.9966	-79.9795	-30.012	-80	0	-40	39.9966	79.9795	-30.012	80	0	0	0	0	0	0	0	0	0	0	0	0	0	0	
0	1	0	-0	0	0	-40	-39.9983	-79.9897	-30.006	-80	0	-40	39.9983	79.9897	-30.006	80	0	0	0	0	0	0	0	0	0	0	0	0	0	0	
0	1	0	-0	0	0	-40	-40	-80	-30	-80	0	-40	40	80	-30	80	0	0	0	0	0	0	0	0	0	0	0	0	0	0	
0	1	0	-0	0	0	-39.9957	-39.9974	-79.9931	-30	-79.9931	0	-39.9957	39.9974	79.9931	-30	79.9931	0	0	0	0	0	0	0	0	0	0	0	0	0	0	
0	1	0	-0	0	0	-39.9914	-39.9949	-79.9863	-30	-79.9863	0	-39.9914	39.9949	79.9863	-30	79.9863	0	0	0	0	0	0	0	0	0	0	0	0	0	0	
0	1	0	-0	0	0	-39.9786	-39.9872	-79.9657	-30	-79.9657	0	-39.9786	39.9872	79.9657	-30	79.9657	0	0	0	0	0	0	0	0	0	0	0	0	0	0	
0	1	0	-0	0	0	-39.9658	-39.9794	-79.9452	-30	-79.9452	0	-39.9658	39.9794	79.9452	-30	79.9452	0	0	0	0	0	0	0	0	0	0	0	0	0	0	
0	1	0	-0	0	0	-39.9444	-39.9666	-79.9109	-30	-79.9109	0	-39.9444	39.9666	79.9109	-30	79.9109	0	0	0	0	0	0	0	0	0	0	0	0	0	0	
0	1	0	-0	0	0	-39.923	-39.9538	-79.8767	-30	-79.8767	0	-39.923	39.9538	79.8767	-30	79.8767	0	0	0	0	0	0	0	0	0	0	0	0	0	0	
0	1	0	-0	0	0	-39.893	-39.9358	-79.8288	-30	-79.8288	0	-39.893	39.9358	79.8288	-30	79.8288	0	0	0	0	0	0	0	0	0	0	0	0	0	0	
0	1	0	-0	0	0	-39.863	-39.9179	-79.7809	-30	-79.7809	0	-39.863	39.9179	79.7809	-30	79.7809	0	0	0	0	0	0	0	0	0	0	0	0	0	0	
0	1	0	-0	0	0	-39.8246	-39.8948	-79.7193	-30	-79.7193	0	-39.8246	39.8948	79.7193	-30	79.7193	0	0	0	0	0	0	0	0	0	0	0	0	0	0	
0	1	0	-0	0	0	-39.7861	-39.8717	-79.6578	-30	-79.6578	0	-39.7861	39.8717	79.6578	-30	79.6578	0	0	0	0	0	0	0	0	0	0	0	0	0	0	
0	1	0	-0	0	0	-39.7392	-39.8435	-79.5827	-30	-79.5827	0	-39.7392	39.8435	79.5827	-30	79.5827	0	0	0	0	0	0	0	0	0	0	0	0	0	0	
0	1	0	-0	0	0	-39.6922	-39.8153	-79.5075	-30	-79.5075	0	-39.6922	39.8153	79.5075	-30	79.5075	0	0	0	0	0	0	0	0	0	0	0	0	0	0	
0	1	0	-0	0	0	-39.6368	-39.7821	-79.4189	-30	-79.4189	0	-39.6368	39.7821	79.4189	-30	79.4189	0	0	0	0	0	0	0	0	0	0	0	0	0	0	
0	1	0	-0	0	0	-39.5814	-39.7488	-79.3302	-30	-79.3302	0	-39.5814	39.7488	79.3302	-30	79.3302	0	0	0	0	0	0	0	0	0	0	0	0	0	0	
0	1	0	-0	0	0	-39.5175	-39.7105	-79.2281	-30	-79.2281	0	-39.5175	39.7105	79.2281	-30	79.2281	0	0	0	0	0	0	0	0	0	0	0	0	0	0	
0	1	0	-0	0	0	-39.4537	-39.6722	-79.1259	-30	-79.1259	0	-39.4537	39.6722	79.1259	-30	79.1259	0	0	0	0	0	0	0	0	0	0	0	0	0	0	
0	1	0	-0	0	0	-39.3815	-39.6289	-79.0104	-30	-79.0104	0	-39.3815	39.6289	79.0104	-30	79.0104	0	0	0	0	0	0	0	0	0	0	0	0	0	0	
0	1	0	-0	0	0	-39.3093	-39.5855	-78.8948	-30	-78.8948	0	-39.3093	39.5855	78.8948	-30	78.8948	0	0	0	0	0	0	0	0	0	0	0	0	0	0	
0	1	0	-0	0	0	-39.2287	-39.5372	-78.7659	-30	-78.7659	0	-39.2287	39.5372	78.7659	-30	78.7659	0	0	0	0	0	0	0	0	0	0	0	0	0	0	
0	1	0	-0	0	0	-39.1481	-39.4889	-78.637	-30	-78.637	0	-39.1481	39.4889	78.637	-30	78.637	0	0	0	0	0	0	0	0	0	0	0	0	0	0	
0	1	0	-0	0	0	-39.0593	-39.4356	-78.4949	-30	-78.4949	0	-39.0593	39.4356	78.4949	-30	78.4949	0	0	0	0	0	0	0	0	0	0	0	0	0	0	
0	1	0	-0	0	0	-38.9705	-39.3823	-78.3528	-30	-78.3528	0	-38.9705	39.3823	78.3528	-30	78.3528	0	0	0	0	0	0	0	0	0	0	0	0	0	0	
0	1	0	-0	0	0	-38.8734	-39.3241	-78.1975	-30	-78.1975	0	-38.8734	39.3241	78.1975	-30	78.1975	0	0	0	0	0	0	0	0	0	0	0	0	0	0	
0	1	0	-0	0	0	-38.7764	-39.2658	-78.0422	-30	-78.0422	0	-38.7764	39.2658	78.0422	-30	78.0422	0	0	0	0	0	0	0	0	0	0	0	0	0	0	
0	1	0	-0	0	0	-38.6712	-39.2027	-77.874	-30	-77.874	0	-38.6712	39.2027	77.874	-30	77.874	0	0	0	0	0	0	0	0	0	0	0	0	0	0	
0	1	0	-0	0	0	-38.566	-39.1396	-77.7057	-30	-77.7057	0	-38.566	39.1396	77.7057	-30	77.7057	0	0	0	0	0	0	0	0	0	0	0	0	0	0	
0	1	0	-0	0	0	-38.4528	-39.0717	-77.5245	-30	-77.5245	0	-38.4528	39.0717	77.5245	-30	77.5245	0	0	0	0	0	0	0	0	0	0	0	0	0	0	
0	1	0	-0	0	0	-38.3395	-39.0037	-77.3432	-30	-77.3432	0	-38.3395	39.0037	77.3432	-30	77.3432	0	0	0	0	0	0	0	0	0	0	0	0	0	0	
0	1	0	-0	0	0	-38.2183	-38.9309	-77.1492	-30	-77.1492	0	-38.2183	38.9309	77.1492	-30	77.1492	0	0	0	0	0	0	0	0	0	0	0	0	0	0	
0	1	0	-0	0	0	-38.097	-38.8582	-76.9552	-30	-76.9552	0	-38.097	38.8582	76.9552	-30	76.9552	0	0	0	0	0	0	0	0	0	0	0	0	0	0	
0	1	0	-0	0	0	-37.9678	-38.7807	-76.7485	-30	-76.7485	0	-37.9678	38.7807	76.7485	-30	76.7485	0	0	0	0	0	0	0	0	0	0	0	0	0	0	
0	1	0	-0	0	0	-37.8386	-38.7032	-76.5418	-30	-76.5418	0	-37.8386	38.7032	76.5418	-30	76.5418	0	0	0	0	0	0	0	0	0	0	0	0	0	0	
0	1	0	-0	0	0	-37.7017	-38.621	-76.3226	-30	-76.3226	0	-37.7017	38.621	76.3226	-30	76.3226	0	0	0	0	0	0	0	0	0	0	0	0	0	0	
0	1	0	-0	0	0	-37.5647	-38.5388	-76.1034	-30	-76.1034	0	-37.5647	38.5388	76.1034	-30	76.1034	0	0	0	0	0	0	0	0	0	0	0	0	0	0	
0	1	0	-0	0	0	-37.4199	-38.4519	-75.8718	-30	-75.8718	0	-37.4199	38.4519	75.8718	-30	75.8718	0	0	0	0	0	0	0	0	0	0	0	0	0	0	
0	1	0	-0	0	0	-37.2751	-38.3651	-75.6403	-30	-75.6403	0	-37.2751	38.3651	75.6403	-30	75.6403	0	0	0	0	0	0	0	0	0	0	0	0	0	0	
0	1	0	-0	0	0	-37.1228	-38.2737	-75.3965	-30	-75.3965	0	-37.1228	38.2737	75.3965	-30	75.3965	0	0	0	0	0	0	0	0	0	0	0	0	0	0	
0	1	0	-0	0	0	-36.9704	-38.1823	-75.1527	-30	-75.1527	0	-36.9704	38.1823	75.1527	-30	75.1527	0	0	0	0	0	0	0	0	0	0	0	0	0	0	
0	1	0	-0	0	0	-36.8105	-38.0863	-74.8969	-30	-74.8969	0	-36.8105	38.0863	74.8969	-30	74.8969	0	0	0	0	-63.5	-63.5	-63.5	-63.5	-63.5	-63.5	-63.5	-63.5	-63.5	-63.5	
0	1	0	-0	0	0	-36.6506	-37.9904	-74.641	-30	-74.641	0	-36.6506	37.9904	74.641	-30	74.641	0	0	0	0	-127	-127	-127	-127	-127	-127	-127	-127	-127	-127	
0	1	0	-0	0	0	-36.4833	-37.89	-74.3733	-30	-74.3733	0	-36.4833	37.89	74.3733	-30	74.3733	0	0	0	0	-127	-127	-127	-127	-127	-127	-127	-127	-127	-127	
0	1	0	-0	0	0	-36.316	-37.7896	-74.1056	-30	-74.1056	0	-36.316	37.7896	74.1056	-30	74.1056	0	0	0	0	-127	-127	-127	-127	-127	-127	-127	-127	-127	-127	
0	1	0	-0	0	0	-36.1414	-37.6848	-73.8262	-30	-73.8262	0	-36.1414	37.6848	73.8262	-30	73.8262	0	0	0	0	-127	-127	-127	-127	-127	-127	-127	-127	-127	-127	
0	1	0	-0	0	0	-35.9667	-37.5801	-73.5468	-30	-73.5468	0	-35.9667	37.5801	73.5468	-30	73.5468	0	0	0	0	-127	-127	-127	-127	-127	-127	-127	-127	-127	-127	
0	1	0	-0	0	0	-35.7849	-37.471	-73.2559	-30	-73.2559	0	-35.7849	37.471	73.2559	-30	73.2559	0	0	0	0	-127	-127	-127	-127	-127	-127	-127	-127	-127	-127	
0	1	0	-0	0	0	-35.6031	-37.3619	-72.965	-30	-72.965	0	-35.6031	37.3619	72.965	-30	72.965	0	0	0	0	-127	-127	-127	-127	-127	-127	-127	-127	-127	-127	
0	1	0	-0	0	0	-35.4143	-37.2486	-72.6629	-30	-72.6629	0	-35.4143	37.2486	72.6629	-30	72.6629	0	0	0	0	-127	-127	-127	-127	-127	-127	-127	-127	-127	-127	
0	1	0	-0	0	0	-35.2254	-37.1352	-72.3607	-30	-72.3607	0	-35.2254	37.1352	72.3607	-30	72.3607	0	0	0	0	-127	-127	-127	-127	-127	-127	-127	-127	-127	-127	
0	1	0	-0	0	0	-35.0296	-37.0178	-72.0474	-30	-72.0474	0	-35.0296	37.0178	72.0474	-30	72.0474	0	0	0	0	-127	-127	-127	-127	-127	-127	-127	-127	-127	-127	
0	1	0	-0	0	0	-34.8338	-36.9003	-71.7341	-30	-71.7341	0	-34.8338	36.9003	71.7341	-30	71.7341	0	0	0	0	-127	-127	-127	-127	-127	-127	-127	-127	-127	-127	
0	1	0	-0	0	0	-34.6312	-36.7788	-71.41	-30	-71.41	0	-34.6312	36.7788	71.41	-30	71.41	0	0	0	0	-127	-127	-127	-127	-127	-127	-127	-127	-127	-127	
0	1	0	-0	0	0	-34.4286	-36.6572	-71.0858	-30	-71.0858	0	-34.4286	36.6572	71.0858	-30	71.0858	0	0	0	0	-127	-127	-127	-127	-127	-127	-127	-127	-127	-127	
0	1	0	-0	0	0	-34.2194	-36.5316	-70.751	-30	-70.751	0	-34.2194	36.5316	70.751	-30	70.751	0	0	0	0	-127	-127	-127	-127	-127	-127	-127	-127	-127	-127	
0	1	0	-0	0	0	-34.0101	-36.4061	-70.4162	-30	-70.4162	0	-34.0101	36.4061	70.4162	-30	70.4162	0	0	0	0	-127	-127	-127	-127	-127	-127	-127	-127	-127	-127	
0	1	0	-0	0	0	-33.7944	-36.2766	-70.071	-30	-70.071	0	-33.7944	36.2766	70.071	-30	70.071	0	0	0	0	-127	-127	-127	-127	-127	-127	-127	-127	-127	-127	
0	1	0	-0	0	0	-33.5786	-36.1472	-69.7258	-30	-69.7258	0	-33.5786	36.1472	69.7258	-30	69.7258	0	0	0	0	-127	-127	-127	-127	-127	-127	-127	-127	-127	-127	
0	1	0	-0	0	0	-33.3565	-36.0139	-69.3704	-30	-69.3704	0	-33.3565	36.0139	69.3704	-30	69.3704	0	0	0	0	-127	-127	-127	-127	-127	-127	-127	-127	-127	-127	
0	1	0	-0	0	0	-33.1344	-35.8806	-69.015	-30	-69.015	0	-33.1344	35.8806	69.015	-30	69.015	0	0	0	0	-127	-127	-127	-127	-127	-127	-127	-127	-127	-127	
0	1	0	-0	0	0	-32.906	-35.7436	-68.6496	-30	-68.6496	0	-32.906	35.7436	68.6496	-30	68.6496	0	0	0	0	-127	-127	-127	-127	-127	-127	-127	-127	-127	-127	
0	1	0	-0	0	0	-32.6777	-35.6066	-68.2843	-30	-68.2843	0	-32.6777	35.6066	68.2843	-30	68.2843	0	0	0	0	-127	-127	-127	-127	-127	-127	-127	-127	-127	-127	
0	1	0	-0	0	0	-32.4433	-35.466	-67.9092	-30	-67.9092	0	-32.4433	35.466	67.9092	-30	67.9092	0	0	0	0	-127	-127	-127	-127	-127	-127	-127	-127	-127	-127	
0	1	0	-0	0	0	-32.2089	-35.3253	-67.5342	-30	-67.5342	0	-32.2089	35.3253	67.5342	-30	67.5342	0	0	0	0	-127	-127	-127	-127	-127	-127	-127	-127	-127	-127	
0	1	0	-0	0	0	-31.9686	-35.1811	-67.1497	-30	-67.1497	0	-31.9686	35.1811	67.1497	-30	67.1497	0	0	0	0	-127	-127	-127	-127	-127	-127	-127	-127	-127	-127	
0	1	0	-0	0	0	-31.7283	-35.0369	-66.7652	-30	-66.7652	0	-31.7283	35.0369	66.7652	-30	66.7652	0	0	0	0	-127	-127	-127	-127	-127	-127	-127	-127	-127	-127	
0	1	0	-0	0	0	-31.4823	-34.8893	-66.3716	-30	-66.3716	0	-31.4823	34.8893	66.3716	-30	66.3716	0	0	0	0	-127	-127	-127	-127	-127	-127	-127	-127	-127	-127	
0	1	0	-0	0	0	-31.2362	-34.7417	-65.9779	-30	-65.9779	0	-31.2362	34.7417	65.9779	-30	65.9779	0	0	0	0	-127	-127	-127	-127	-127	-127	-127	-127	-127	-127	
0	1	0	-0	0	0	-30.9846	-34.5908	-65.5754	-30	-65.5754	0	-30.9846	34.5908	65.5754	-30	65.5754	0	0	0	0	-127	-127	-127	-127	-127	-127	-127	-127	-127	-127	
0	1	0	-0	0	0	-30.733	-34.4398	-65.1728	-30	-65.1728	0	-30.733	34.4398	65.1728	-30	65.1728	0	0	0	0	-127	-127	-127	-127	-127	-127	-127	-127	-127	-127	
0	1	0	-0	0	0	-30.476	-34.2856	-64.7616	-30	-64.7616	0	-30.476	34.2856	64.7616	-30	64.7616	0	0	0	0	-127	-127	-127	-127	-127	-127	-127	-127	-127	-127	
0	1	0	-0	0	0	-30.2191	-34.1314	-64.3504	-30	-64.3504	0	-30.2191	34.1314	64.3504	-30	64.3504	0	0	0	0	-127	-127	-127	-127	-127	-127	-127	-127	-127	-127	
0	1	0	-0	0	0	-29.9568	-33.9741	-63.9309	-30	-63.9309	0	-29.9568	33.9741	63.9309	-30	63.9309	0	0	0	0	-127	-127	-127	-127	-127	-127	-127	-127	-127	-127	
0	1	0	-0	0	0	-29.6946	-33.8168	-63.5114	-30	-63.5114	0	-29.6946	33.8168	63.5114	-30	63.5114	0	0	0	0	-127	-127	-127	-127	-127	-127	-127	-127	-127	-127	
0	1	0	-0	0	0	-29.4274	-33.6564	-63.0838	-30	-63.0838	0	-29.4274	33.6564	63.0838	-30	63.0838	0	0	0	0	-127	-127	-127	-127	-127	-127	-127	-127	-127	-127	
0	1	0	-0	0	0	-29.1602	-33.4961	-62.6563	-30	-62.6563	0	-29.1602	33.4961	62.6563	-30	62.6563	0	0	0	0	-127	-127	-127	-127	-127	-127	-127	-127	-127	-127	
0	1	0	-0	0	0	-28.8881	-33.3328	-62.2209	-30	-62.2209	0	-28.8881	33.3328	62.2209	-30	62.2209	0	0	0	0	-127	-127	-127	-127	-127	-127	-127	-127	-127	-127	
0	1	0	-0	0	0	-28.616	-33.1696	-61.7856	-30	-61.7856	0	-28.616	33.1696	61.7856	-30	61.7856	0	0	0	0	-127	-127	-127	-127	-127	-127	-127	-127	-127	-127	
0	1	0	-0	0	0	-28.3392	-33.0035	-61.3428	-30	-61.3428	0	-28.3392	33.0035	61.3428	-30	61.3428	0	0	0	0	-127	-127	-127	-127	-127	-127	-127	-127	-127	-127	
0	1	0	-0	0	0	-28.0624	-32.8375	-60.9	-30	-60.9	0	-28.0624	32.8375	60.9	-30	60.9	0	0	0	0	-127	-127	-127	-127	-127	-127	-127	-127	-127	-127	
0	1	0	-0	0	0	-27.7812	-32.6687	-60.45	-30	-60.45	0	-27.7812	32.6687	60.45	-30	60.45	0	0	0	0	-127	-127	-127	-127	-127	-127	-127	-127	-127	-127	
0	1	0	-0	0	0	-27.5	-32.5	-60	-30	-60	0	-27.5	32.5	60	-30	60	0	0	0	0	-127	-127	-127	-127	-127	-127	-127	-127	-127	-127	
0	1	0	-0	0	0	-27.2145	-32.3287	-59.5432	-30	-59.5432	0	-27.2145	32.3287	59.5432	-30	59.5432	0	0	0	0	-127	-127	-127	-127	-127	-127	-127	-127	-127	-127	
0	1	0	-0	0	0	-26.929	-32.1574	-59.0863	-30	-59.0863	0	-26.929	32.1574	59.0863	-30	59.0863	0	0	0	0	-127	-127	-127	-127	-127	-127	-127	-127	-127	-127	
0	1	0	-0	0	0	-26.6394	-31.9836	-58.623	-30	-58.623	0	-26.6394	31.9836	58.623	-30	58.623	0	0	0	0	-127	-127	-127	-127	-127	-127	-127	-127	-127	-127	
0	1	0	-0	0	0	-26.3498	-31.8099	-58.1596	-30	-58.1596	0	-26.3498	31.8099	58.1596	-30	58.1596	0	0	0	0	-127	-127	-127	-127	-127	-127	-127	-127	-127	-127	
0	1	0	-0	0	0	-26.0563	-31.6338	-57.69	-30	-57.69	0	-26.0563	31.6338	57.69	-30	57.69	0	0	0	0	-127	-127	-127	-127	-127	-127	-127	-127	-127	-127	
0	1	0	-0	0	0	-25.7628	-31.4577	-57.2204	-30	-57.2204	0	-25.7628	31.4577	57.2204	-30	57.2204	0	0	0	0	-127	-127	-127	-127	-127	-127	-127	-127	-127	-127	
0	1	0	-0	0	0	-25.4656	-31.2794	-56.745	-30	-56.745	0	-25.4656	31.2794	56.745	-30	56.745	0	0	0	0	-127	-127	-127	-127	-127	-127	-127	-127	-127	-127	
0	1	0	-0	0	0	-25.1684	-31.1011	-56.2695	-30	-56.2695	0	-25.1684	31.1011	56.2695	-30	56.2695	0	0	0	0	-127	-127	-127	-127	-127	-127	-127	-127	-127	-127	
0	1	0	-0	0	0	-24.8678	-30.9207	-55.7884	-30	-55.7884	0	-24.8678	30.9207	55.7884	-30	55.7884	0	0	0	0	-127	-127	-127	-127	-127	-127	-127	-127	-127	-127	
0	1	0	-0	0	0	-24.5671	-30.7403	-55.3073	-30	-55.3073	0	-24.5671	30.7403	55.3073	-30	55.3073	0	0	0	0	-127	-127	-127	-127	-127	-127	-127	-127	-127	-127	
0	1	0	-0	0	0	-24.2632	-30.5579	-54.821	-30	-54.821	0	-24.2632	30.5579	54.821	-30	54.821	0	0	0	0	-127	-127	-127	-127	-127	-127	-127	-127	-127	-127	
0	1	0	-0	0	0	-23.9592	-30.3755	-54.3347	-30	-54.3347	0	-23.9592	30.3755	54.3347	-30	54.3347	0	0	0	0	-127	-127	-127	-127	-127	-127	-127	-127	-127	-127	
0	1	0	-0	0	0	-23.6522	-30.1913	-53.8435	-30	-53.8435	0	-23.6522	30.1913	53.8435	-30	53.8435	0	0	0	0	-127	-127	-127	-127	-127	-127	-127	-127	-127	-127	
0	1	0	-0	0	0	-23.3452	-30.0071	-53.3523	-30	-53.3523	0	-23.3452	30.0071	53.3523	-30	53.3523	0	0	0	0	-127	-127	-127	-127	-127	-127	-127	-127	-127	-127	
0	1	0	-0	0	0	-23.0353	-29.8212	-52.8565	-30	-52.8565	0	-23.0353	29.8212	52.8565	-30	52.8565	0	0	0	0	-127	-127	-127	-127	-127	-127	-127	-127	-127	-127	
0	1	0	-0	0	0	-22.7255	-29.6353	-52.3607	-30	-52.3607	0	-22.7255	29.6353	52.3607	-30	52.3607	0	0	0	0	-127	-127	-127	-127	-127	-127	-127	-127	-127	-127	
0	1	0	-0	0	0	-22.4129	-29.4477	-51.8606	-30	-51.8606	0	-22.4129	29.4477	51.8606	-30	51.8606	0	0	0	0	-127	-127	-127	-127	-127	-127	-127	-127	-127	-127	
0	1	0	-0	0	0	-22.1004	-29.2602	-51.3606	-30	-51.3606	0	-22.1004	29.2602	51.3606	-30	51.3606	0	0	0	0	-127	-127	-127	-127	-127	-127	-127	-127	-127	-127	
0	1	0	-0	0	0	-21.7855	-29.0712	-50.8567	-30	-50.8567	0	-21.7855	29.0712	50.8567	-30	50.8567	0	0	0	0	-127	-127	-127	-127	-127	-127	-127	-127	-127	-127	
0	1	0	-0	0	0	-21.4705	-28.8823	-50.3528	-30	-50.3528	0	-21.4705	28.8823	50.3528	-30	50.3528	0	0	0	0	-127	-127	-127	-127	-127	-127	-127	-127	-127	-127	
0	1	0	-0	0	0	-21.1533	-28.692	-49.8453	-30	-49.8453	0	-21.1533	28.692	49.8453	-30	49.8453	0	0	0	0	-63.5	-63.5	-63.5	-63.5	-63.5	-63.5	-63.5	-63.5	-63.5	-63.5	
0	1	0	-0	0	0	-20.8361	-28.5017	-49.3379	-30	-49.3379	0	-20.8361	28.5017	49.3379	-30	49.3379	0	0	0	0	0	0	0	0	0	0	0	0	0	0	
0	1	0	-0	0	0	-20.517	-28.3102	-48.8272	-30	-48.8272	0	-20.517	28.3102	48.8272	-30	48.8272	0	0	0	0	0	0	0	0	0	0	0	0	0	0	
0	1	0	-0	0	0	-20.1978	-28.1187	-48.3165	-30	-48.3165	0	-20.1978	28.1187	48.3165	-30	48.3165	0	0	0	0	0	0	0	0	0	0	0	0	0	0	
0	1	0	-0	0	0	-19.8769	-27.9261	-47.803	-30	-47.803	0	-19.8769	27.9261	47.803	-30	47.803	0	0	0	0	0	0	0	0	0	0	0	0	0	0	
0	1	0	-0	0	0	-19.5559	-27.7336	-47.2894	-30	-47.2894	0	-19.5559	27.7336	47.2894	-30	47.2894	0	0	0	0	0	0	0	0	0	0	0	0	0	0	
0	1	0	-0	0	0	-19.2334	-27.54	-46.7734	-30	-46.7734	0	-19.2334	27.54	46.7734	-30	46.7734	0	0	0	0	0	0	0	0	0	0	0	0	0	0	
0	1	0	-0	0	0	-18.9109	-27.3465	-46.2574	-30	-46.2574	0	-18.9109	27.3465	46.2574	-30	46.2574	0	0	0	0	0	0	0	0	0	0	0	0	0	0	
0	1	0	-0	0	0	-18.587	-27.1522	-45.7392	-30	-45.7392	0	-18.587	27.1522	45.7392	-30	45.7392	0	0	0	0	0	0	0	0	0	0	0	0	0	0	
0	1	0	-0	0	0	-18.2631	-26.9579	-45.221	-30	-45.221	0	-18.2631	26.9579	45.221	-30	45.221	0	0	0	0	0	0	0	0	0	0	0	0	0	0	
0	1	0	-0	0	0	-17.9382	-26.7629	-44.7011	-30	-44.7011	0	-17.9382	26.7629	44.7011	-30	44.7011	0	0	0	0	0	0	0	0	0	0	0	0	0	0	
0	1	0	-0	0	0	-17.6132	-26.5679	-44.1812	-30	-44.1812	0	-17.6132	26.5679	44.1812	-30	44.1812	0	0	0	0	0	0	0	0	0	0	0	0	0	0	
0	1	0	-0	0	0	-17.2874	-26.3724	-43.6598	-30	-43.6598	0	-17.2874	26.3724	43.6598	-30	43.6598	0	0	0	0	0	0	0	0	0	0	0	0	0	0	
0	1	0	-0	0	0	-16.9615	-26.1769	-43.1384	-30	-43.1384	0	-16.9615	26.1769	43.1384	-30	43.1384	0	0	0	0	0	0	0	0	0	0	0	0	0	0	
0	1	0	-0	0	0	-16.6349	-25.981	-42.6159	-30	-42.6159	0	-16.6349	25.981	42.6159	-30	42.6159	0	0	0	0	0	0	0	0	0	0	0	0	0	0	
0	1	0	-0	0	0	-16.3084	-25.785	-42.0934	-30	-42.0934	0	-16.3084	25.785	42.0934	-30	42.0934	0	0	0	0	0	0	0	0	0	0	0	0	0	0	
0	1	0	-0	0	0	-15.9814	-25.5888	-41.5703	-30	-41.5703	0	-15.9814	25.5888	41.5703	-30	41.5703	0	0	0	0	0	0	0	0	0	0	0	0	0	0	
0	1	0	-0	0	0	-15.6544	-25.3926	-41.0471	-30	-41.0471	0	-15.6544	25.3926	41.0471	-30	41.0471	0	0	0	0	0	0	0	0	0	0	0	0	0	0	
0	1	0	-0	0	0	-15.3272	-25.1963	-40.5236	-30	-40.5236	0	-15.3272	25.1963	40.5236	-30	40.5236	0	0	0	0	0	0	0	0	0	0	0	0	0	0	
0	1	0	-0	0	0	-15	-25	-40	-30	-40	0	-15	25	40	-30	40	0	0	0	0	0	0	0	0	0	0	0	0	0	0	
0	1	0	-0	0	0	-14.6728	-24.8037	-39.4765	-30	-39.4765	0	-14.6728	24.8037	39.4765	-30	39.4765	0	0	0	0	0	0	0	0	0	0	0	0	0	0	
0	1	0	-0	0	0	-14.3456	-24.6073	-38.9529	-30	-38.9529	0	-14.3456	24.6073	38.9529	-30	38.9529	0	0	0	0	0	0	0	0	0	0	0	0	0	0	
0	1	0	-0	0	0	-14.0186	-24.4112	-38.4298	-30	-38.4298	0	-14.0186	24.4112	38.4298	-30	38.4298	0	0	0	0	0	0	0	0	0	0	0	0	0	0	
0	1	0	-0	0	0	-13.6916	-24.215	-37.9066	-30	-37.9066	0	-13.6916	24.215	37.9066	-30	37.9066	0	0	0	0	0	0	0	0	0	0	0	0	0	0	
0	1	0	-0	0	0	-13.3651	-24.019	-37.3841	-30	-37.3841	0	-13.3651	24.019	37.3841	-30	37.3841	0	0	0	0	0	0	0	0	0	0	0	0	0	0	
0	1	0	-0	0	0	-13.0385	-23.8231	-36.8616	-30	-36.8616	0	-13.0385	23.8231	36.8616	-30	36.8616	0	0	0	0	0	0	0	0	0	0	0	0	0	0	
0	1	0	-0	0	0	-12.7126	-23.6276	-36.3402	-30	-36.3402	0	-12.7126	23.6276	36.3402	-30	36.3402	0	0	0	0	0	0	0	0	0	0	0	0	0	0	
0	1	0	-0	0	0	-12.3868	-23.4321	-35.8189	-30	-35.8189	0	-12.3868	23.4321	35.8189	-30	35.8189	0	0	0	0	0	0	0	0	0	0	0	0	0	0	
0	1	0	-0	0	0	-12.0618	-23.2371	-35.2989	-30	-35.2989	0	-12.0618	23.2371	35.2989	-30	35.2989	0	0	0	0	0	0	0	0	0	0	0	0	0	0	
0	1	0	-0	0	0	-11.7369	-23.0421	-34.779	-30	-34.779	0	-11.7369	23.0421	34.779	-30	34.779	0	0	0	0	0	0	0	0	0	0	0	0	0	0	
0	1	0	-0	0	0	-11.413	-22.8478	-34.2608	-30	-34.2608	0	-11.413	22.8478	34.2608	-30	34.2608	0	0	0	0	0	0	0	0	0	0	0	0	0	0	
0	1	0	-0	0	0	-11.0891	-22.6535	-33.7426	-30	-33.7426	0	-11.0891	22.6535	33.7426	-30	33.7426	0	0	0	0	0	0	0	0	0	0	0	0	0	0	
0	1	0	-0	0	0	-10.7666	-22.46	-33.2266	-30	-33.2266	0	-10.7666	22.46	33.2266	-30	33.2266	0	0	0	0	0	0	0	0	0	0	0	0	0	0	
0	1	0	-0	0	0	-10.4441	-22.2665	-32.7106	-30	-32.7106	0	-10.4441	22.2665	32.7106	-30	32.7106	0	0	0	0	0	0	0	0	0	0	0	0	0	0	
0	1	0	-0	0	0	-10.1232	-22.0739	-32.1971	-30	-32.1971	0	-10.1232	22.0739	32.1971	-30	32.1971	0	0	0	0	0	0	0	0	0	0	0	0	0	0	
0	1	0	-0	0	0	-9.80222	-21.8813	-31.6835	-30	-31.6835	0	-9.80222	21.8813	31.6835	-30	31.6835	0	0	0	0	0	0	0	0	0	0	0	0	0	0	
0	1	0	-0	0	0	-9.48305	-21.6898	-31.1729	-30	-31.1729	0	-9.48305	21.6898	31.1729	-30	31.1729	0	0	0	0	0	0	0	0	0	0	0	0	0	0	
0	1	0	-0	0	0	-9.16389	-21.4984	-30.6622	-30	-30.6622	0	-9.16389	21.4984	30.6622	-30	30.6622	0	0	0	0	0	0	0	0	0	0	0	0	0	0	
0	1	0	-0	0	0	-8.8467	-21.308	-30.1547	-30	-30.1547	0	-8.8467	21.308	30.1547	-30	30.1547	0	0	0	0	0	0	0	0	0	0	0	0	0	0	
0	1	0	-0	0	0	-8.52951	-21.1177	-29.6472	-30	-29.6472	0	-8.52951	21.1177	29.6472	-30	29.6472	0	0	0	0	0	0	0	0	0	0	0	0	0	0	
0	1	0	-0	0	0	-8.21455	-20.9287	-29.1433	-30	-29.1433	0	-8.21455	20.9287	29.1433	-30	29.1433	0	0	0	0	0	0	0	0	0	0	0	0	0	0	
0	1	0	-0	0	0	-7.8996	-20.7398	-28.6394	-30	-28.6394	0	-7.8996	20.7398	28.6394	-30	28.6394	0	0	0	0	0	0	0	0	0	0	0	0	0	0	
0	1	0	-0	0	0	-7.58708	-20.5523	-28.1394	-30	-28.1394	0	-7.58708	20.5523	28.1394	-30	28.1394	0	0	0	0	0	0	0	0	0	0	0	0	0	0	
0	1	0	-0	0	0	-7.27456	-20.3648	-27.6393	-30	-27.6393	0	-7.27456	20.3648	27.6393	-30	27.6393	0	0	0	0	0	0	0	0	0	0	0	0	0	0	
0	1	0	-0	0	0	-6.9647	-20.1788	-27.1435	-30	-27.1435	0	-6.9647	20.1788	27.1435	-30	27.1435	0	0	0	0	0	0	0	0	0	0	0	0	0	0	
0	1	0	-0	0	0	-6.65485	-19.9929	-26.6478	-30	-26.6478	0	-6.65485	19.9929	26.6478	-30	26.6478	0	0	0	0	0	0	0	0	0	0	0	0	0	0	
0	1	0	-0	0	0	-6.34783	-19.8087	-26.1565	-30	-26.1565	0	-6.34783	19.8087	26.1565	-30	26.1565	0	0	0	0	0	0	0	0	0	0	0	0	0	0	
0	1	0	-0	0	0	-6.04081	-19.6245	-25.6653	-30	-25.6653	0	-6.04081	19.6245	25.6653	-30	25.6653	0	0	0	0	0	0	0	0	0	0	0	0	0	0	
0	1	0	-0	0	0	-5.73685	-19.4421	-25.179	-30	-25.179	0	-5.73685	19.4421	25.179	-30	25.179	0	0	0	0	0	0	0	0	0	0	0	0	0	0	
0	1	0	-0	0	0	-5.4329	-19.2597	-24.6927	-30	-24.6927	0	-5.4329	19.2597	24.6927	-30	24.6927	0	0	0	0	0	0	0	0	0	0	0	0	0	0	
0	1	0	-0	0	0	-5.13224	-19.0794	-24.2116	-30	-24.2116	0	-5.13224	19.0794	24.2116	-30	24.2116	0	0	0	0	0	0	0	0	0	0	0	0	0	0	
0	1	0	-0	0	0	-4.83158	-18.899	-23.7305	-30	-23.7305	0	-4.83158	18.899	23.7305	-30	23.7305	0	0	0	0	0	0	0	0	0	0	0	0	0	0	
0	1	0	-0	0	0	-4.53442	-18.7207	-23.255	-30	-23.255	0	-4.53442	18.7207	23.255	-30	23.255	0	0	0	0	0	0	0	0	0	0	0	0	0	0	
0	1	0	-0	0	0	-4.23725	-18.5423	-22.7795	-30	-22.7795	0	-4.23725	18.5423	22.7795	-30	22.7795	0	0	0	0	0	0	0	0	0	0	0	0	0	0	
0	1	0	-0	0	0	-3.94375	-18.3662	-22.31	-30	-22.31	0	-3.94375	18.3662	22.31	-30	22.31	0	0	0	0	0	0	0	0	0	0	0	0	0	0	
0	1	0	-0	0	0	-3.65026	-18.1901	-21.8404	-30	-21.8404	0	-3.65026	18.1901	21.8404	-30	21.8404	0	0	0	0	0	0	0	0	0	0	0	0	0	0	
0	1	0	-0	0	0	-3.36066	-18.0164	-21.377	-30	-21.377	0	-3.36066	18.0164	21.377	-30	21.377	0	0	0	0	0	0	0	0	0	0	0	0	0	0	
0	1	0	-0	0	0	-3.07105	-17.8427	-20.9136	-30	-20.9136	0	-3.07105	17.8427	20.9136	-30	20.9136	0	0	0	0	0	0	0	0	0	0	0	0	0	0	
0	1	0	-0	0	0	-2.78552	-17.6713	-20.4568	-30	-20.4568	0	-2.78552	17.6713	20.4568	-30	20.4568	0	0	0	0	0	0	0	0	0	0	0	0	0	0	
0	1	0	-0	0	0	-2.49999	-17.5	-20	-30	-20	0	-2.49999	17.5	20	-30	20	0	0	0	0	0	0	0	0	0	0	0	0	0	0	
0	1	0	-0	0	0	-2.21878	-17.3313	-19.55	-30	-19.55	0	-2.21878	17.3313	19.55	-30	19.55	0	0	0	0	0	0	0	0	0	0	0	0	0	0	
0	1	0	-0	0	0	-1.93757	-17.1625	-19.1001	-30	-19.1001	0	-1.93757	17.1625	19.1001	-30	19.1001	0	0	0	0	0	0	0	0	0	0	0	0	0	0	
0	1	0	-0	0	0	-1.6608	-16.9965	-18.6573	-30	-18.6573	0	-1.6608	16.9965	18.6573	-30	18.6573	0	0	0	0	0	0	0	0	0	0	0	0	0	0	
0	1	0	-0	0	0	-1.38404	-16.8304	-18.2144	-30	-18.2144	0	-1.38404	16.8304	18.2144	-30	18.2144	0	0	0	0	0	0	0	0	0	0	0	0	0	0	
0	1	0	-0	0	0	-1.11194	-16.6672	-17.7791	-30	-17.7791	0	-1.11194	16.6672	17.7791	-30	17.7791	0	0	0	0	0	0	0	0	0	0	0	0	0	0	
0	1	0	-0	0	0	-0.839842	-16.5039	-17.3438	-30	-17.3438	0	-0.839842	16.5039	17.3438	-30	17.3438	0	0	0	0	0	0	0	0	0	0	0	0	0	0	
0	1	0	-0	0	0	-0.572614	-16.3436	-16.9162	-30	-16.9162	0	-0.572614	16.3436	16.9162	-30	16.9162	0	0	0	0	0	0	0	0	0	0	0	0	0	0	
0	1	0	-0	0	0	-0.305387	-16.1833	-16.4886	-30	-16.4886	0	-0.305387	16.1833	16.4886	-30	16.4886	0	0	0	0	0	0	0	0	0	0	0	0	0	0	
0	1	0	-0	0	0	-0.0431724	-16.0259	-16.0691	-30	-16.0691	0	-0.0431724	16.0259	16.0691	-30	16.0691	0	0	0	0	0	0	0	0	0	0	0	0	0	0	
0	1	0	-0	0	0	0.219042	-15.8686	-15.6495	-30	-15.6495	0	0.219042	15.8686	15.6495	-30	15.6495	0	0	0	0	0	0	0	0	0	0	0	0	0	0	
0	1	0	-0	0	0	0.476013	-15.7144	-15.2384	-30	-15.2384	0	0.476013	15.7144	15.2384	-30	15.2384	0	0	0	0	0	0	0	0	0	0	0	0	0	0	
0	1	0	-0	0	0	0.732985	-15.5602	-14.8272	-30	-14.8272	0	0.732985	15.5602	14.8272	-30	14.8272	0	0	0	0	0	0	0	0	0	0	0	0	0	0	
0	1	0	-0	0	0	0.984599	-15.4092	-14.4246	-30	-14.4246	0	0.984599	15.4092	14.4246	-30	14.4246	0	0	0	0	0	0	0	0	0	0	0	0	0	0	
0	1	0	-0	0	0	1.23621	-15.2583	-14.0221	-30	-14.0221	0	1.23621	15.2583	14.0221	-30	14.0221	0	0	0	0	0	0	0	0	0	0	0	0	0	0	
0	1	0	-0	0	0	1.48224	-15.1106	-13.6285	-30	-13.6285	0	1.48224	15.1106	13.6285	-30	13.6285	0	0	0	0	0	0	0	0	0	0	0	0	0	0	
0	1	0	-0	0	0	1.72827	-14.963	-13.2348	-30	-13.2348	0	1.72827	14.963	13.2348	-30	13.2348	0	0	0	0	0	0	0	0	0	0	0	0	0	0	
0	1	0	-0	0	0	1.96857	-14.8189	-12.8503	-30	-12.8503	0	1.96857	14.8189	12.8503	-30	12.8503	0	0	0	0	0	0	0	0	0	0	0	0	0	0	
0	1	0	-0	0	0	2.20887	-14.6747	-12.4658	-30	-12.4658	0	2.20887	14.6747	12.4658	-30	12.4658	0	0	0	0	0	0	0	0	0	0	0	0	0	0	
0	1	0	-0	0	0	2.44326	-14.534	-12.0908	-30	-12.0908	0	2.44326	14.534	12.0908	-30	12.0908	0	0	0	0	0	0	0	0	0	0	0	0	0	0	
0	1	0	-0	0	0	2.67766	-14.3934	-11.7157	-30	-11.7157	0	2.67766	14.3934	11.7157	-30	11.7157	0	0	0	0	0	0	0	0	0	0	0	0	0	0	
0	1	0	-0	0	0	2.90601	-14.2564	-11.3504	-30	-11.3504	0	2.90601	14.2564	11.3504	-30	11.3504	0	0	0	0	0	0	0	0	0	0	0	0	0	0	
0	1	0	-0	0	0	3.13437	-14.1194	-10.985	-30	-10.985	0	3.13437	14.1194	10.985	-30	10.985	0	0	0	0	0	0	0	0	0	0	0	0	0	0	
0	1	0	-0	0	0	3.3565	-13.9861	-10.6296	-30	-10.6296	0	3.3565	13.9861	10.6296	-30	10.6296	0	0	0	0	0	0	0	0	0	0	0	0	0	0	
0	1	0	-0	0	0	3.57864	-13.8529	-10.2742	-30	-10.2742	0	3.57864	13.8529	10.2742	-30	10.2742	0	0	0	0	0	0	0	0	0	0	0	0	0	0	
0	1	0	-0	0	0	3.79438	-13.7234	-9.92899	-30	-9.92899	0	3.79438	13.7234	9.92899	-30	9.92899	0	0	0	0	0	0	0	0	0	0	0	0	0	0	
0	1	0	-0	0	0	4.01013	-13.5939	-9.58375	-30	-9.58375	0	4.01013	13.5939	9.58375	-30	9.58375	0	0	0	0	0	0	0	0	0	0	0	0	0	0	
0	1	0	-0	0	0	4.21938	-13.4684	-9.24897	-30	-9.24897	0	4.21938	13.4684	9.24897	-30	9.24897	0	0	0	0	0	0	0	0	0	0	0	0	0	0	
0	1	0	-0	0	0	4.42862	-13.3428	-8.91419	-30	-8.91419	0	4.42862	13.3428	8.91419	-30	8.91419	0	0	0	0	0	0	0	0	0	0	0	0	0	0	
0	1	0	-0	0	0	4.63122	-13.2213	-8.59004	-30	-8.59004	0	4.63122	13.2213	8.59004	-30	8.59004	0	0	0	0	0	0	0	0	0	0	0	0	0	0	
0	1	0	-0	0	0	4.83382	-13.0997	-8.26589	-30	-8.26589	0	4.83382	13.0997	8.26589	-30	8.26589	0	0	0	0	0	0	0	0	0	0	0	0	0	0	
0	1	0	-0	0	0	5.02962	-12.9822	-7.9526	-30	-7.9526	0	5.02962	12.9822	7.9526	-30	7.9526	0	0	0	0	0	0	0	0	0	0	0	0	0	0	
0	1	0	-0	0	0	5.22543	-12.8647	-7.6393	-30	-7.6393	0	5.22543	12.8647	7.6393	-30	7.6393	0	0	0	0	0	0	0	0	0	0	0	0	0	0	
0	1	0	-0	0	0	5.41428	-12.7514	-7.33713	-30	-7.33713	0	5.41428	12.7514	7.33713	-30	7.33713	0	0	0	0	0	0	0	0	0	0	0	0	0	0	
0	1	0	-0	0	0	5.60313	-12.6381	-7.03495	-30	-7.03495	0	5.60313	12.6381	7.03495	-30	7.03495	0	0	0	0	0	0	0	0	0	0	0	0	0	0	
0	1	0	-0	0	0	5.78495	-12.529	-6.74406	-30	-6.74406	0	5.78495	12.529	6.74406	-30	6.74406	0	0	0	0	0	0	0	0	0	0	0	0	0	0	
0	1	0	-0	0	0	5.96678	-12.4199	-6.45317	-30	-6.45317	0	5.96678	12.4199	6.45317	-30	6.45317	0	0	0	0	0	0	0	0	0	0	0	0	0	0	
0	1	0	-0	0	0	6.14139	-12.3152	-6.17379	-30	-6.17379	0	6.14139	12.3152	6.17379	-30	6.17379	0	0	0	0	0	0	0	0	0	0	0	0	0	0	
0	1	0	-0	0	0	6.316	-12.2104	-5.89442	-30	-5.89442	0	6.316	12.2104	5.89442	-30	5.89442	0	0	0	0	0	0	0	0	0	0	0	0	0	0	
0	1	0	-0	0	0	6.4833	-12.11	-5.6267	-30	-5.6267	0	6.4833	12.11	5.6267	-30	5.6267	0	0	0	0	0	0	0	0	0	0	0	0	0	0	
0	1	0	-0	0	0	6.65061	-12.0096	-5.35899	-30	-5.35899	0	6.65061	12.0096	5.35899	-30	5.35899	0	0	0	0	0	0	0	0	0	0	0	0	0	0	
0	1	0	-0	0	0	6.81052	-11.9137	-5.10316	-30	-5.10316	0	6.81052	11.9137	5.10316	-30	5.10316	0	0	0	0	0	0	0	0	0	0	0	0	0	0	
0	1	0	-0	0	0	6.97043	-11.8178	-4.84734	-30	-4.84734	0	6.97043	11.8178	4.84734	-30	4.84734	0	0	0	0	0	0	0	0	0	0	0	0	0	0	
0	1	0	-0	0	0	7.12278	-11.7263	-4.60354	-30	-4.60354	0	7.12278	11.7263	4.60354	-30	4.60354	0	0	0	0	0	0	0	0	0	0	0	0	0	0	
0	1	0	-0	0	0	7.27513	-11.6349	-4.35975	-30	-4.35975	0	7.27513	11.6349	4.35975	-30	4.35975	0	0	0	0	0	0	0	0	0	0	0	0	0	0	
0	1	0	-0	0	0	7.41989	-11.5481	-4.12816	-30	-4.12816	0	7.41989	11.5481	4.12816	-30	4.12816	0	0	0	0	0	0	0	0	0	0	0	0	0	0	
0	1	0	-0	0	0	7.56465	-11.4612	-3.89657	-30	-3.89657	0	7.56465	11.4612	3.89657	-30	3.89657	0	0	0	0	0	0	0	0	0	0	0	0	0	0	
0	1	0	-0	0	0	7.70164	-11.379	-3.67739	-30	-3.67739	0	7.70164	11.379	3.67739	-30	3.67739	0	0	0	0	0	0	0	0	0	0	0	0	0	0	
0	1	0	-0	0	0	7.83864	-11.2968	-3.4582	-30	-3.4582	0	7.83864	11.2968	3.4582	-30	3.4582	0	0	0	0	0	0	0	0	0	0	0	0	0	0	
0	1	0	-0	0	0	7.96781	-11.2193	-3.25151	-30	-3.25151	0	7.96781	11.2193	3.25151	-30	3.25151	0	0	0	0	0	0	0	0	0	0	0	0	0	0	
0	1	0	-0	0	0	8.09698	-11.1418	-3.04481	-30	-3.04481	0	8.09698	11.1418	3.04481	-30	3.04481	0	0	0	0	0	0	0	0	0	0	0	0	0	0	
0	1	0	-0	0	0	8.21825	-11.0691	-2.85081	-30	-2.85081	0	8.21825	11.0691	2.85081	-30	2.85081	0	0	0	0	0	0	0	0	0	0	0	0	0	0	
0	1	0	-0	0	0	8.33952	-10.9963	-2.65681	-30	-2.65681	0	8.33952	10.9963	2.65681	-30	2.65681	0	0	0	0	0	0	0	0	0	0	0	0	0	0	
0	1	0	-0	0	0	8.45276	-10.9283	-2.47558	-30	-2.47558	0	8.45276	10.9283	2.47558	-30	2.47558	0	0	0	0	0	0	0	0	0	0	0	0	0	0	
0	1	0	-0	0	0	8.56601	-10.8604	-2.29435	-30	-2.29435	0	8.56601	10.8604	2.29435	-30	2.29435	0	0	0	0	0	0	0	0	0	0	0	0	0	0	
0	1	0	-0	0	0	8.6712	-10.7972	-2.12605	-30	-2.12605	0	8.6712	10.7972	2.12605	-30	2.12605	0	0	0	0	0	0	0	0	0	0	0	0	0	0	
0	1	0	-0	0	0	8.7764	-10.7341	-1.95774	-30	-1.95774	0	8.7764	10.7341	1.95774	-30	1.95774	0	0	0	0	0	0	0	0	0	0	0	0	0	0	
0	1	0	-0	0	0	8.87345	-10.6759	-1.80247	-30	-1.80247	0	8.87345	10.6759	1.80247	-30	1.80247	0	0	0	0	0	0	0	0	0	0	0	0	0	0	
0	1	0	-0	0	0	8.97051	-10.6177	-1.6472	-30	-1.6472	0	8.97051	10.6177	1.6472	-30	1.6472	0	0	0	0	0	0	0	0	0	0	0	0	0	0	
0	1	0	-0	0	0	9.05932	-10.5644	-1.50507	-30	-1.50507	0	9.05932	10.5644	1.50507	-30	1.50507	0	0	0	0	0	0	0	0	0	0	0	0	0	0	
0	1	0	-0	0	0	9.14813	-10.5111	-1.36295	-30	-1.36295	0	9.14813	10.5111	1.36295	-30	1.36295	0	0	0	0	0	0	0	0	0	0	0	0	0	0	
0	1	0	-0	0	0	9.22869	-10.4628	-1.23409	-30	-1.23409	0	9.22869	10.4628	1.23409	-30	1.23409	0	0	0	0	0	0	0	0	0	0	0	0	0	0	
0	1	0	-0	0	0	9.30925	-10.4145	-1.10524	-30	-1.10524	0	9.30925	10.4145	1.10524	-30	1.10524	0	0	0	0	0	0	0	0	0	0	0	0	0	0	
0	1	0	-0	0	0	9.38147	-10.3711	-0.98967	-30	-0.98967	0	9.38147	10.3711	0.98967	-30	0.98967	0	0	0	0	0	0	0	0	0	0	0	0	0	0	
0	1	0	-0	0	0	9.45369	-10.3278	-0.874104	-30	-0.874104	0	9.45369	10.3278	0.874104	-30	0.874104	0	0	0	0	0	0	0	0	0	0	0	0	0	0	
0	1	0	-0	0	0	9.51752	-10.2895	-0.771946	-30	-0.771946	0	9.51752	10.2895	0.771946	-30	0.771946	0	0	0	0	0	0	0	0	0	0	0	0	0	0	
0	1	0	-0	0	0	9.58134	-10.2512	-0.669788	-30	-0.669788	0	9.58134	10.2512	0.669788	-30	0.669788	0	0	0	0	0	0	0	0	0	0	0	0	0	0	
0	1	0	-0	0	0	9.63678	-10.2179	-0.581122	-30	-0.581122	0	9.63678	10.2179	0.581122	-30	0.581122	0	0	0	0	0	0	0	0	0	0	0	0	0	0	
0	1	0	-0	0	0	9.69221	-10.1847	-0.492457	-30	-0.492457	0	9.69221	10.1847	0.492457	-30	0.492457	0	0	0	0	0	0	0	0	0	0	0	0	0	0	
0	1	0	-0	0	0	9.73917	-10.1565	-0.417342	-30	-0.417342	0	9.73917	10.1565	0.417342	-30	0.417342	0	0	0	0	0	0	0	0	0	0	0	0	0	0	
0	1	0	-0	0	0	9.78612	-10.1283	-0.342228	-30	-0.342228	0	9.78612	10.1283	0.342228	-30	0.342228	0	0	0	0	0	0	0	0	0	0	0	0	0	0	
0	1	0	-0	0	0	9.82459	-10.1053	-0.280663	-30	-0.280663	0	9.82459	10.1053	0.280663	-30	0.280663	0	0	0	0	0	0	0	0	0	0	0	0	0	0	
0	1	0	-0	0	0	9.86307	-10.0822	-0.219099	-30	-0.219099	0	9.86307	10.0822	0.219099	-30	0.219099	0	0	0	0	0	0	0	0	0	0	0	0	0	0	
0	1	0	-0	0	0	9.893	-10.0642	-0.1712	-30	-0.1712	0	9.893	10.0642	0.1712	-30	0.1712	0	0	0	0	0	0	0	0	0	0	0	0	0	0	
0	1	0	-0	0	0	9.92294	-10.0462	-0.123301	-30	-0.123301	0	9.92294	10.0462	0.123301	-30	0.123301	0	0	0	0	0	0	0	0	0	0	0	0	0	0	
0	1	0	-0	0	0	9.94434	-10.0334	-0.0890663	-30	-0.0890663	0	9.94434	10.0334	0.0890663	-30	0.0890663	0	0	0	0	0	0	0	0	0	0	0	0	0	0	
0	1	0	-0	0	0	9.96574	-10.0206	-0.0548321	-30	-0.0548321	0	9.96574	10.0206	0.0548321	-30	0.0548321	0	0	0	0	0	0	0	0	0	0	0	0	0	0	
0	1	0	-0	0	0	9.97858	-10.0129	-0.0342629	-30	-0.0342629	0	9.97858	10.0129	0.0342629	-30	0.0342629	0	0	0	0	0	0	0	0	0	0	0	0	0	0	
0	1	0	-0	0	0	9.99141	-10.0052	-0.0136937	-30	-0.0136937	0	9.99141	10.0052	0.0136937	-30	0.0136937	0	0	0	0	0	0	0	0	0	0	0	0	0	0	
0	1	0	-0	0	0	9.99571	-10.0026	-0.00684685	-30	-0.00684685	0	9.99571	10.0026	0.00684685	-30	0.00684685	0	0	0	0	0	0	0	0	0	0	0	0	0	0	
0	1	0	-0	0	0	10	-10	0	-30	0	0	10	10	0	-30	0	0	0	0	0	0	0	0	0	0	0	0	0	0	0	
0	1	0	-0	0	0	10	-10	0	-30	0	0	10	10	0	-30	0	0	0	0	0	0	0	0	0	0	0	0	0	0	0	
0	1	0	-0	0	0	10	-10	0	-30	0	0	10	10	0	-30	0	0	0	0	0	0	0	0	0	0	0	0	0	0	0	
0	1	0	-0	0	0	10	-10	0	-30	0	0	10	10	0	-30	0	0	0	0	0	0	0	0	0	0	0	0	0	0	0	
0	1	0	-0	0	0	10	-10	0	-30	0	0	10	10	0	-30	0	0	0	0	0	0	0	0	0	0	0	0	0	0	0	
0	1	0	-0	0	0	10	-10	0	-30	0	0	10	10	0	-30	0	0	0	0	0	0	0	0	0	0	0	0	0	0	0	
0	1	0	-0	0	0	10	-10	0	-30	0	0	10	10	0	-30	0	0	0	0	0	0	0	0	0	0	0	0	0	0	0	
0	1	0	-0	0	0	10	-10	0	-30	0	0	10	10	0	-30	0	0	0	0	0	0	0	0	0	0	0	0	0	0	0	
0	1	0	-0	0	0	10	-10	0	-30	0	0	10	10	0	-30	0	0	0	0	0	0	0	0	0	0	0	0	0	0	0	
0	1	0	-0	0	0	10	-10	0	-30	0	0	10	10	0	-30	0	0	0	0	0	0	0	0	0	0	0	0	0	0	0	
0	1	0	-0	0	0	10	-10	0	-30	0	0	10	10	0	-30	0	0	0	0	0	0	0	0	0	0	0	0	0	0	0	
0	1	0	-0	0	0	10	-10	0	-30	0	0	10	10	0	-30	0	0	0	0	0	0	0	0	0	0	0	0	0	0	0	
0	1	0	-0	0	0	10	-10	0	-30	0	0	10	10	0	-30	0	0	0	0	0	0	0	0	0	0	0	0	0	0	0	
0	1	0	-0	0	0	10	-10	0	-30	0	0	10	10	0	-30	0	0	0	0	0	0	0	0	0	0	0	0	0	0	0	
0	1	0	-0	0	0	10	-10	0	-30	0	0	10	10	0	-30	0	0	0	0	0	0	0	0	0	0	0	0	0	0	0	
