DATA LENGTH(steps) :
569
STEPLENGTH(sec):
0.005

dPCz,	PEL_Q0,	PEL_Qx,	PEL_Qy,	PEL_Qz,	WST,	RSP,	RSR,	RSY,	REB,	RWY,	RWP,	LSP,	LSR,	LSY,	LEB,	LWY,	LWP,	NKY,	NK1,	NK2,	RF1,	RF2,	RF3,	RF4,	RF5,	LF1,	LF2,	LF3,	LF4,	LF5,

0	1	0	-0	0	0	10	-10	0	-30	0	0	10	10	0	-30	0	0	0	0	0	0	0	0	0	0	0	0	0	0	0	
0	1	0	-0	0	0	10	-10	0	-30	0	0	10	10	0	-30	0	0	0	0	0	0	0	0	0	0	0	0	0	0	0	
0	1	0	-0	0	0	10	-10	0	-30	0	0	10	10	0	-30	0	0	0	0	0	0	0	0	0	0	0	0	0	0	0	
0	1	0	-0	0	0	10	-10	0	-30	0	0	9.98952	10.0012	0	-30	-0.00455501	0	0	0	0	0	0	0	0	0	0	0	0	0	0	
0	1	0	-0	0	0	10	-10	0	-30	0	0	9.97903	10.0025	0	-30	-0.00911003	0	0	0	0	0	0	0	0	0	0	0	0	0	0	
0	1	0	-0	0	0	10	-10	0	-30	0	0	9.94758	10.0062	0	-30	-0.0228037	0	0	0	0	0	0	0	0	0	0	0	0	0	0	
0	1	0	-0	0	0	10	-10	0	-30	0	0	9.91612	10.0099	0	-30	-0.0364974	0	0	0	0	0	0	0	0	0	0	0	0	0	0	
0	1	0	-0	0	0	10	-10	0	-30	0	0	9.86375	10.016	0	-30	-0.0593011	0	0	0	0	0	0	0	0	0	0	0	0	0	0	
0	1	0	-0	0	0	10	-10	0	-30	0	0	9.81139	10.0222	0	-30	-0.0821049	0	0	0	0	0	0	0	0	0	0	0	0	0	0	
0	1	0	-0	0	0	10	-10	0	-30	0	0	9.73813	10.0308	0	-30	-0.11399	0	0	0	0	0	0	0	0	0	0	0	0	0	0	
0	1	0	-0	0	0	10	-10	0	-30	0	0	9.66488	10.0394	0	-30	-0.145875	0	0	0	0	0	0	0	0	0	0	0	0	0	0	
0	1	0	-0	0	0	10	-10	0	-30	0	0	9.57083	10.0505	0	-30	-0.186813	0	0	0	0	0	0	0	0	0	0	0	0	0	0	
0	1	0	-0	0	0	10	-10	0	-30	0	0	9.47678	10.0615	0	-30	-0.227751	0	0	0	0	0	0	0	0	0	0	0	0	0	0	
0	1	0	-0	0	0	10	-10	0	-30	0	0	9.36199	10.0751	0	-30	-0.277713	0	0	0	0	0	0	0	0	0	0	0	0	0	0	
0	1	0	-0	0	0	10	-10	0	-30	0	0	9.2472	10.0886	0	-30	-0.327675	0	0	0	0	0	0	0	0	0	0	0	0	0	0	
0	1	0	-0	0	0	10	-10	0	-30	0	0	9.11183	10.1045	0	-30	-0.386603	0	0	0	0	0	0	0	0	0	0	0	0	0	0	
0	1	0	-0	0	0	10	-10	0	-30	0	0	8.97647	10.1204	0	-30	-0.445532	0	0	0	0	0	0	0	0	0	0	0	0	0	0	
0	1	0	-0	0	0	10	-10	0	-30	0	0	8.82063	10.1388	0	-30	-0.51337	0	0	0	0	0	0	0	0	0	0	0	0	0	0	
0	1	0	-0	0	0	10	-10	0	-30	0	0	8.66478	10.1571	0	-30	-0.581208	0	0	0	0	0	0	0	0	0	0	0	0	0	0	
0	1	0	-0	0	0	10	-10	0	-30	0	0	8.48863	10.1778	0	-30	-0.657899	0	0	0	0	0	0	0	0	0	0	0	0	0	0	
0	1	0	-0	0	0	10	-10	0	-30	0	0	8.31247	10.1985	0	-30	-0.734589	0	0	0	0	0	0	0	0	0	0	0	0	0	0	
0	1	0	-0	0	0	10	-10	0	-30	0	0	8.11618	10.2216	0	-30	-0.820017	0	0	0	0	0	0	0	0	0	0	0	0	0	0	
0	1	0	-0	0	0	10	-10	0	-30	0	0	7.91988	10.2447	0	-30	-0.905445	0	0	0	0	0	0	0	0	0	0	0	0	0	0	
0	1	0	-0	0	0	10	-10	0	-30	0	0	7.70365	10.2702	0	-30	-0.999582	0	0	0	0	0	0	0	0	0	0	0	0	0	0	
0	1	0	-0	0	0	10	-10	0	-30	0	0	7.48741	10.2956	0	-30	-1.09372	0	0	0	0	0	0	0	0	0	0	0	0	0	0	
0	1	0	-0	0	0	10	-10	0	-30	0	0	7.25147	10.3234	0	-30	-1.19642	0	0	0	0	0	0	0	0	0	0	0	0	0	0	
0	1	0	-0	0	0	10	-10	0	-30	0	0	7.01552	10.3511	0	-30	-1.29912	0	0	0	0	0	0	0	0	0	0	0	0	0	0	
0	1	0	-0	0	0	10	-10	0	-30	0	0	6.76004	10.3812	0	-30	-1.41034	0	0	0	0	0	0	0	0	0	0	0	0	0	0	
0	1	0	-0	0	0	10	-10	0	-30	0	0	6.50456	10.4112	0	-30	-1.52155	0	0	0	0	0	0	0	0	0	0	0	0	0	0	
0	1	0	-0	0	0	10	-10	0	-30	0	0	6.22986	10.4435	0	-30	-1.64112	0	0	0	0	0	0	0	0	0	0	0	0	0	0	
0	1	0	-0	0	0	10	-10	0	-30	0	0	5.95515	10.4758	0	-30	-1.7607	0	0	0	0	0	0	0	0	0	0	0	0	0	0	
0	1	0	-0	0	0	10	-10	0	-30	0	0	5.66145	10.5104	0	-30	-1.88853	0	0	0	0	0	0	0	0	0	0	0	0	0	0	
0	1	0	-0	0	0	10	-10	0	-30	0	0	5.36776	10.5449	0	-30	-2.01635	0	0	0	0	0	0	0	0	0	0	0	0	0	0	
0	1	0	-0	0	0	10	-10	0	-30	0	0	5.05541	10.5817	0	-30	-2.15234	0	0	0	0	0	0	0	0	0	0	0	0	0	0	
0	1	0	-0	0	0	10	-10	0	-30	0	0	4.74306	10.6185	0	-30	-2.28834	0	0	0	0	0	0	0	0	0	0	0	0	0	0	
0	1	0	-0	0	0	10	-10	0	-30	0	0	4.41229	10.6574	0	-30	-2.43229	0	0	0	0	0	0	0	0	0	0	0	0	0	0	
0	1	0	-0	0	0	10	-10	0	-30	0	0	4.08152	10.6963	0	-30	-2.57625	0	0	0	0	0	0	0	0	0	0	0	0	0	0	
0	1	0	-0	0	0	10	-10	0	-30	0	0	3.73273	10.7373	0	-30	-2.72808	0	0	0	0	0	0	0	0	0	0	0	0	0	0	
0	1	0	-0	0	0	10	-10	0	-30	0	0	3.38395	10.7784	0	-30	-2.87992	0	0	0	0	0	0	0	0	0	0	0	0	0	0	
0	1	0	-0	0	0	10	-10	0	-30	0	0	3.01742	10.8215	0	-30	-3.03946	0	0	0	0	0	0	0	0	0	0	0	0	0	0	
0	1	0	-0	0	0	10	-10	0	-30	0	0	2.6509	10.8646	0	-30	-3.199	0	0	0	0	0	0	0	0	0	0	0	0	0	0	
0	1	0	-0	0	0	10	-10	0	-30	0	0	2.26705	10.9097	0	-30	-3.3661	0	0	0	0	0	0	0	0	0	0	0	0	0	0	
0	1	0	-0	0	0	10	-10	0	-30	0	0	1.8832	10.9549	0	-30	-3.5332	0	0	0	0	0	0	0	0	0	0	0	0	0	0	
0	1	0	-0	0	0	9.99321	-10.0006	0.0061593	-30	-0.0061593	0	1.48239	11.0021	0	-30	-3.70767	0	0	0	0	0	0	0	0	0	0	0	0	0	0	
0	1	0	-0	0	0	9.98643	-10.0012	0.0123186	-30	-0.0123186	0	1.08157	11.0492	0	-30	-3.88213	0	0	0	0	0	0	0	0	0	0	0	0	0	0	
0	1	0	-0	0	0	9.96609	-10.0031	0.0308251	-30	-0.0308251	0	0.664201	11.0983	0	-30	-4.06382	0	0	0	0	0	0	0	0	0	0	0	0	0	0	
0	1	0	-0	0	0	9.94575	-10.0049	0.0493317	-30	-0.0493317	0	0.24683	11.1474	0	-30	-4.2455	0	0	0	0	0	0	0	0	0	0	0	0	0	0	
0	1	0	-0	0	0	9.91185	-10.008	0.0801281	-30	-0.0801281	0	-0.186727	11.1984	0	-30	-4.43423	0	0	0	0	0	0	0	0	0	0	0	0	0	0	
0	1	0	-0	0	0	9.87796	-10.0111	0.110925	-30	-0.110925	0	-0.620284	11.2495	0	-30	-4.62297	0	0	0	0	0	0	0	0	0	0	0	0	0	0	
0	1	0	-0	0	0	9.83055	-10.0154	0.15404	-30	-0.15404	0	-1.06957	11.3023	0	-30	-4.81852	0	0	0	0	0	0	0	0	0	0	0	0	0	0	
0	1	0	-0	0	0	9.78314	-10.0197	0.197155	-30	-0.197155	0	-1.51885	11.3552	0	-30	-5.01407	0	0	0	0	0	0	0	0	0	0	0	0	0	0	
0	1	0	-0	0	0	9.72229	-10.0252	0.252474	-30	-0.252474	0	-1.98341	11.4098	0	-30	-5.21629	0	0	0	0	0	0	0	0	0	0	0	0	0	0	
0	1	0	-0	0	0	9.66144	-10.0308	0.307793	-30	-0.307793	0	-2.44796	11.4645	0	-30	-5.41852	0	0	0	0	0	0	0	0	0	0	0	0	0	0	
0	1	0	-0	0	0	9.58716	-10.0375	0.375316	-30	-0.375316	0	-2.92736	11.5209	0	-30	-5.62719	0	0	0	0	0	0	0	0	0	0	0	0	0	0	
0	1	0	-0	0	0	9.51288	-10.0443	0.442839	-30	-0.442839	0	-3.40675	11.5772	0	-30	-5.83586	0	0	0	0	0	0	0	0	0	0	0	0	0	0	
0	1	0	-0	0	0	9.4253	-10.0523	0.522452	-30	-0.522452	0	-3.9005	11.6353	0	-30	-6.05081	0	0	0	0	0	0	0	0	0	0	0	0	0	0	
0	1	0	-0	0	0	9.33772	-10.0602	0.602064	-30	-0.602064	0	-4.39424	11.6934	0	-30	-6.26575	0	0	0	0	0	0	0	0	0	0	0	0	0	0	
0	1	0	-0	0	0	9.23688	-10.0694	0.693737	-30	-0.693737	0	-4.90185	11.7532	0	-30	-6.48671	0	0	0	0	0	0	0	0	0	0	0	0	0	0	
0	1	0	-0	0	0	9.13604	-10.0786	0.785411	-30	-0.785411	0	-5.40947	11.8129	0	-30	-6.70767	0	0	0	0	0	0	0	0	0	0	0	0	0	0	
0	1	0	-0	0	0	9.02205	-10.0889	0.88903	-30	-0.88903	0	-5.93046	11.8742	0	-30	-6.93445	0	0	0	0	0	0	0	0	0	0	0	0	0	0	
0	1	0	-0	0	0	8.90806	-10.0992	0.992649	-30	-0.992649	0	-6.45145	11.9355	0	-30	-7.16123	0	0	0	0	0	0	0	0	0	0	0	0	0	0	
0	1	0	-0	0	0	8.78107	-10.1108	1.10813	-30	-1.10813	0	-6.98527	11.9983	0	-30	-7.39359	0	0	0	0	0	0	0	0	0	0	0	0	0	0	
0	1	0	-0	0	0	8.65407	-10.1223	1.22361	-30	-1.22361	0	-7.5191	12.061	0	-30	-7.62595	0	0	0	0	0	0	0	0	0	0	0	0	0	0	
0	1	0	-0	0	0	8.51415	-10.1351	1.35081	-30	-1.35081	0	-8.06527	12.1253	0	-30	-7.8637	0	0	0	0	0	0	0	0	0	0	0	0	0	0	
0	1	0	-0	0	0	8.37424	-10.1478	1.478	-30	-1.478	0	-8.61144	12.1896	0	-30	-8.10145	0	0	0	0	0	0	0	0	0	0	0	0	0	0	
0	1	0	-0	0	0	8.22154	-10.1617	1.6168	-30	-1.6168	0	-9.16939	12.2552	0	-30	-8.34433	0	0	0	0	0	0	0	0	0	0	0	0	0	0	
0	1	0	-0	0	0	8.06885	-10.1756	1.7556	-30	-1.7556	0	-9.72733	12.3209	0	-30	-8.5872	0	0	0	0	0	0	0	0	0	0	0	0	0	0	
0	1	0	-0	0	0	7.90355	-10.1906	1.90586	-30	-1.90586	0	-10.2965	12.3878	0	-30	-8.83498	0	0	0	0	0	0	0	0	0	0	0	0	0	0	
0	1	0	-0	0	0	7.73825	-10.2056	2.05612	-30	-2.05612	0	-10.8657	12.4548	0	-30	-9.08276	0	0	0	0	0	0	0	0	0	0	0	0	0	0	
0	1	0	-0	0	0	7.56049	-10.2218	2.21772	-30	-2.21772	0	-11.4456	12.523	0	-30	-9.33514	0	0	0	0	0	0	0	0	0	0	0	0	0	0	
0	1	0	-0	0	0	7.38273	-10.238	2.37932	-30	-2.37932	0	-12.0255	12.5912	0	-30	-9.58753	0	0	0	0	0	0	0	0	0	0	0	0	0	0	
0	1	0	-0	0	0	7.19271	-10.2552	2.55207	-30	-2.55207	0	-12.6154	12.6606	0	-30	-9.84436	0	0	0	0	0	0	0	0	0	0	0	0	0	0	
0	1	0	-0	0	0	7.00269	-10.2725	2.72482	-30	-2.72482	0	-13.2054	12.73	0	-30	-10.1012	0	0	0	0	0	0	0	0	0	0	0	0	0	0	
0	1	0	-0	0	0	6.80055	-10.2909	2.90856	-30	-2.90856	0	-13.8049	12.8006	0	-30	-10.3621	0	0	0	0	0	0	0	0	0	0	0	0	0	0	
0	1	0	-0	0	0	6.59841	-10.3092	3.09231	-30	-3.09231	0	-14.4044	12.8711	0	-30	-10.6231	0	0	0	0	0	0	0	0	0	0	0	0	0	0	
0	1	0	-0	0	0	6.38441	-10.3287	3.28689	-30	-3.28689	0	-15.0128	12.9427	0	-30	-10.8879	0	0	0	0	0	0	0	0	0	0	0	0	0	0	
0	1	0	-0	0	0	6.17041	-10.3481	3.48146	-30	-3.48146	0	-15.6212	13.0143	0	-30	-11.1527	0	0	0	0	0	0	0	0	0	0	0	0	0	0	
0	1	0	-0	0	0	5.94472	-10.3686	3.68664	-30	-3.68664	0	-16.2379	13.0868	0	-30	-11.4212	0	0	0	0	0	0	0	0	0	0	0	0	0	0	
0	1	0	-0	0	0	5.71904	-10.3892	3.89182	-30	-3.89182	0	-16.8547	13.1594	0	-30	-11.6897	0	0	0	0	0	0	0	0	0	0	0	0	0	0	
0	1	0	-0	0	0	5.48189	-10.4107	4.10739	-30	-4.10739	0	-17.4792	13.2328	0	-30	-11.9615	0	0	0	0	0	0	0	0	0	0	0	0	0	0	
0	1	0	-0	0	0	5.24474	-10.4323	4.32297	-30	-4.32297	0	-18.1036	13.3063	0	-30	-12.2333	0	0	0	0	0	0	0	0	0	0	0	0	0	0	
0	1	0	-0	0	0	4.99636	-10.4549	4.54877	-30	-4.54877	0	-18.7352	13.3806	0	-30	-12.5083	0	0	0	0	0	0	0	0	0	0	0	0	0	0	
0	1	0	-0	0	0	4.74799	-10.4775	4.77457	-30	-4.77457	0	-19.3668	13.4549	0	-30	-12.7832	0	0	0	0	0	0	0	0	0	0	0	0	0	0	
0	1	0	-0	0	0	4.48864	-10.501	5.01034	-30.0051	-5.01034	0	-20.0048	13.53	0	-30.0056	-13.0609	0	0	0	0	0	0	0	0	0	0	0	0	0	0	
0	1	0	-0	0	0	4.22929	-10.5246	5.24612	-30.0103	-5.24612	0	-20.6429	13.6051	0	-30.0111	-13.3387	0	0	0	0	0	0	0	0	0	0	0	0	0	0	
0	1	0	-0	0	0	3.9592	-10.5492	5.49163	-30.0257	-5.49163	0	-21.2868	13.6808	0	-30.0278	-13.6189	0	0	0	0	0	0	0	0	0	0	0	0	0	0	
0	1	0	-0	0	0	3.6891	-10.5737	5.73714	-30.0411	-5.73714	0	-21.9306	13.7565	0	-30.0444	-13.8992	0	0	0	0	0	0	0	0	0	0	0	0	0	0	
0	1	0	-0	0	0	3.40858	-10.5992	5.99219	-30.0668	-5.99219	0	-22.5798	13.8329	0	-30.0721	-14.1818	0	0	0	0	0	0	0	0	0	0	0	0	0	0	
0	1	0	-0	0	0	3.12806	-10.6247	6.24725	-30.0925	-6.24725	0	-23.2289	13.9093	0	-30.0999	-14.4643	0	0	0	0	0	0	0	0	0	0	0	0	0	0	
0	1	0	-0	0	0	2.83734	-10.6511	6.51152	-30.1284	-6.51152	0	-23.8826	13.9862	0	-30.1386	-14.7489	0	0	0	0	0	0	0	0	0	0	0	0	0	0	
0	1	0	-0	0	0	2.54663	-10.6776	6.7758	-30.1643	-6.7758	0	-24.5363	14.0631	0	-30.1774	-15.0334	0	0	0	0	0	0	0	0	0	0	0	0	0	0	
0	1	0	-0	0	0	2.24602	-10.7049	7.04907	-30.2105	-7.04907	0	-25.1939	14.1405	0	-30.2272	-15.3197	0	0	0	0	0	0	0	0	0	0	0	0	0	0	
0	1	0	-0	0	0	1.94542	-10.7322	7.32234	-30.2566	-7.32234	0	-25.8515	14.2178	0	-30.277	-15.6059	0	0	0	0	0	0	0	0	0	0	0	0	0	0	
0	1	0	-0	0	0	1.63522	-10.7604	7.60432	-30.313	-7.60432	0	-26.5124	14.2956	0	-30.3378	-15.8936	0	0	0	0	0	0	0	0	0	0	0	0	0	0	
0	1	0	-0	0	0	1.32502	-10.7886	7.88631	-30.3693	-7.88631	0	-27.1733	14.3733	0	-30.3986	-16.1813	0	0	0	0	0	0	0	0	0	0	0	0	0	0	
0	1	0	-0	0	0	1.00554	-10.8177	8.17677	-30.4358	-8.17677	0	-27.8369	14.4514	0	-30.4702	-16.4702	0	0	0	0	0	0	0	0	0	0	0	0	0	0	
0	1	0	-0	0	0	0.68606	-10.8467	8.46723	-30.5023	-8.46723	0	-28.5004	14.5295	0	-30.5419	-16.759	0	0	0	0	0	0	0	0	0	0	0	0	0	0	
0	1	0	-0	0	0	0.357612	-10.8766	8.76582	-30.579	-8.76582	0	-29.1659	14.6078	0	-30.6244	-17.0487	0	0	0	0	0	0	0	0	0	0	0	0	0	0	
0	1	0	-0	0	0	0.0291636	-10.9064	9.06442	-30.6556	-9.06442	0	-29.8314	14.6861	0	-30.7069	-17.3384	0	0	0	0	0	0	0	0	0	0	0	0	0	0	
0	1	0	-0	0	0	-0.307936	-10.9371	9.37087	-30.7423	-9.37087	0	-30.4982	14.7645	0	-30.8001	-17.6287	0	0	0	0	0	0	0	0	0	0	0	0	0	0	
0	1	0	-0	0	0	-0.645036	-10.9677	9.67731	-30.8289	-9.67731	0	-31.165	14.8429	0	-30.8934	-17.9189	0	0	0	0	0	0	0	0	0	0	0	0	0	0	
0	1	0	-0	0	0	-0.990472	-10.9991	9.99135	-30.9256	-9.99135	0	-31.8325	14.9215	0	-30.9973	-18.2095	0	0	0	0	0	0	0	0	0	0	0	0	0	0	
0	1	0	-0	0	0	-1.33591	-11.0305	10.3054	-31.0222	-10.3054	0	-32.5	15	0	-31.1012	-18.5	0	0	0	0	0	0	0	0	0	0	0	0	0	0	
0	1	0	-0	0	0	-1.68931	-11.0627	10.6266	-31.1288	-10.6266	0	-33.1675	15.0785	0	-31.2157	-18.7906	0	0	0	0	63.5	63.5	63.5	63.5	63.5	0	63.5	-63.5	-63.5	-63.5	
0	1	0	-0	0	0	-2.04271	-11.0948	10.9479	-31.2354	-10.9479	0	-33.8349	15.157	0	-31.3302	-19.0811	0	0	0	0	127	127	127	127	127	0	127	-127	-127	-127	
0	1	0	-0	0	0	-2.40373	-11.1276	11.2761	-31.3519	-11.2761	0	-34.5018	15.2355	0	-31.4551	-19.3714	0	0	0	0	127	127	127	127	127	0	127	-127	-127	-127	
0	1	0	-0	0	0	-2.76475	-11.1604	11.6043	-31.4683	-11.6043	0	-35.1686	15.314	0	-31.58	-19.6616	0	0	0	0	127	127	127	127	127	0	127	-127	-127	-127	
0	1	0	-0	0	0	-3.13305	-11.1939	11.9392	-31.5946	-11.9392	0	-35.8341	15.3923	0	-31.7152	-19.9513	0	0	0	0	127	127	127	127	127	0	127	-127	-127	-127	
0	1	0	-0	0	0	-3.50135	-11.2274	12.274	-31.7208	-12.274	0	-36.4996	15.4705	0	-31.8505	-20.241	0	0	0	0	127	127	127	127	127	0	127	-127	-127	-127	
0	1	0	-0	0	0	-3.87655	-11.2615	12.6151	-31.8567	-12.6151	0	-37.1631	15.5486	0	-31.9959	-20.5298	0	0	0	0	127	127	127	127	127	0	127	-127	-127	-127	
0	1	0	-0	0	0	-4.25175	-11.2956	12.9562	-31.9926	-12.9562	0	-37.8267	15.6267	0	-32.1414	-20.8187	0	0	0	0	127	127	127	127	127	0	127	-127	-127	-127	
0	1	0	-0	0	0	-4.63351	-11.3303	13.3032	-32.1381	-13.3032	0	-38.4876	15.7044	0	-32.2969	-21.1063	0	0	0	0	127	127	127	127	127	0	127	-127	-127	-127	
0	1	0	-0	0	0	-5.01527	-11.365	13.6502	-32.2836	-13.6502	0	-39.1484	15.7822	0	-32.4523	-21.394	0	0	0	0	127	127	127	127	127	0	127	-127	-127	-127	
0	1	0	-0	0	0	-5.40316	-11.4003	14.0029	-32.4386	-14.0029	0	-39.8061	15.8595	0	-32.6177	-21.6803	0	0	0	0	127	127	127	127	127	0	127	-127	-127	-127	
0	1	0	-0	0	0	-5.79106	-11.4356	14.3555	-32.5936	-14.3555	0	-40.4637	15.9369	0	-32.7831	-21.9666	0	0	0	0	127	127	127	127	127	0	127	-127	-127	-127	
0	1	0	-0	0	0	-6.18474	-11.4713	14.7134	-32.758	-14.7134	0	-41.1174	16.0138	0	-32.9582	-22.2511	0	0	0	0	127	127	127	127	127	0	127	-127	-127	-127	
0	1	0	-0	0	0	-6.57841	-11.5071	15.0713	-32.9224	-15.0713	0	-41.7711	16.0907	0	-33.1333	-22.5356	0	0	0	0	127	127	127	127	127	0	127	-127	-127	-127	
0	1	0	-0	0	0	-6.97748	-11.5434	15.4341	-33.0961	-15.4341	0	-42.4202	16.1671	0	-33.318	-22.8182	0	0	0	0	127	127	127	127	127	0	127	-127	-127	-127	
0	1	0	-0	0	0	-7.37655	-11.5797	15.7969	-33.2698	-15.7969	0	-43.0693	16.2435	0	-33.5026	-23.1007	0	0	0	0	127	127	127	127	127	0	127	-127	-127	-127	
0	1	0	-0	0	0	-7.78062	-11.6164	16.1642	-33.4527	-16.1642	0	-43.7132	16.3192	0	-33.6967	-23.381	0	0	0	0	127	127	127	127	127	0	127	-127	-127	-127	
0	1	0	-0	0	0	-8.1847	-11.6532	16.5316	-33.6355	-16.5316	0	-44.3571	16.395	0	-33.8907	-23.6613	0	0	0	0	127	127	127	127	127	0	127	-127	-127	-127	
0	1	0	-0	0	0	-8.59336	-11.6903	16.9031	-33.8274	-16.9031	0	-44.9952	16.47	0	-34.0939	-23.9391	0	0	0	0	127	127	127	127	127	0	127	-127	-127	-127	
0	1	0	-0	0	0	-9.00203	-11.7275	17.2746	-34.0193	-17.2746	0	-45.6332	16.5451	0	-34.2971	-24.2168	0	0	0	0	127	127	127	127	127	0	127	-127	-127	-127	
0	1	0	-0	0	0	-9.41487	-11.765	17.6499	-34.22	-17.6499	0	-46.2648	16.6194	0	-34.5093	-24.4917	0	0	0	0	127	127	127	127	127	0	127	-127	-127	-127	
0	1	0	-0	0	0	-9.82772	-11.8025	18.0252	-34.4208	-18.0252	0	-46.8964	16.6937	0	-34.7215	-24.7666	0	0	0	0	127	127	127	127	127	0	127	-127	-127	-127	
0	1	0	-0	0	0	-10.2444	-11.8404	18.404	-34.6303	-18.404	0	-47.5208	16.7672	0	-34.9425	-25.0385	0	0	0	0	127	127	127	127	127	0	127	-127	-127	-127	
0	1	0	-0	0	0	-10.661	-11.8783	18.7828	-34.8399	-18.7828	0	-48.1453	16.8406	0	-35.1635	-25.3103	0	0	0	0	127	127	127	127	127	0	127	-127	-127	-127	
0	1	0	-0	0	0	-11.081	-11.9165	19.1646	-35.0581	-19.1646	0	-48.762	16.9132	0	-35.393	-25.5788	0	0	0	0	127	127	127	127	127	0	127	-127	-127	-127	
0	1	0	-0	0	0	-11.501	-11.9546	19.5464	-35.2762	-19.5464	0	-49.3788	16.9857	0	-35.6225	-25.8472	0	0	0	0	127	127	127	127	127	0	127	-127	-127	-127	
0	1	0	-0	0	0	-11.924	-11.9931	19.9309	-35.5028	-19.9309	0	-49.9872	17.0573	0	-35.8603	-26.1121	0	0	0	0	127	127	127	127	127	0	127	-127	-127	-127	
0	1	0	-0	0	0	-12.347	-12.0315	20.3155	-35.7295	-20.3155	0	-50.5956	17.1289	0	-36.0982	-26.3769	0	0	0	0	127	127	127	127	127	0	127	-127	-127	-127	
0	1	0	-0	0	0	-12.7725	-12.0702	20.7023	-35.9644	-20.7023	0	-51.1951	17.1994	0	-36.3441	-26.6379	0	0	0	0	127	127	127	127	127	0	127	-127	-127	-127	
0	1	0	-0	0	0	-13.198	-12.1089	21.0891	-36.1994	-21.0891	0	-51.7946	17.27	0	-36.5901	-26.8988	0	0	0	0	127	127	127	127	127	0	127	-127	-127	-127	
0	1	0	-0	0	0	-13.6257	-12.1478	21.4779	-36.4425	-21.4779	0	-52.3846	17.3394	0	-36.8439	-27.1556	0	0	0	0	127	127	127	127	127	0	127	-127	-127	-127	
0	1	0	-0	0	0	-14.0533	-12.1866	21.8666	-36.6856	-21.8666	0	-52.9745	17.4087	0	-37.0977	-27.4124	0	0	0	0	127	127	127	127	127	0	127	-127	-127	-127	
0	1	0	-0	0	0	-14.4827	-12.2257	22.257	-36.9367	-22.257	0	-53.5544	17.477	0	-37.3591	-27.6648	0	0	0	0	127	127	127	127	127	0	127	-127	-127	-127	
0	1	0	-0	0	0	-14.912	-12.2647	22.6473	-37.1878	-22.6473	0	-54.1343	17.5452	0	-37.6205	-27.9173	0	0	0	0	127	127	127	127	127	0	127	-127	-127	-127	
0	1	0	-0	0	0	-15.3426	-12.3039	23.0388	-37.4467	-23.0388	0	-54.7034	17.6122	0	-37.8892	-28.165	0	0	0	0	127	127	127	127	127	0	127	-127	-127	-127	
0	1	0	-0	0	0	-15.7732	-12.343	23.4302	-37.7057	-23.4302	0	-55.2726	17.6791	0	-38.158	-28.4128	0	0	0	0	127	127	127	127	127	0	127	-127	-127	-127	
0	1	0	-0	0	0	-16.2047	-12.3822	23.8225	-37.9722	-23.8225	0	-55.8306	17.7448	0	-38.4338	-28.6557	0	0	0	0	127	127	127	127	127	0	127	-127	-127	-127	
0	1	0	-0	0	0	-16.6362	-12.4215	24.2147	-38.2387	-24.2147	0	-56.3885	17.8104	0	-38.7096	-28.8986	0	0	0	0	127	127	127	127	127	0	127	-127	-127	-127	
0	1	0	-0	0	0	-17.0681	-12.4607	24.6074	-38.5128	-24.6074	0	-56.9347	17.8747	0	-38.9922	-29.1363	0	0	0	0	127	127	127	127	127	0	127	-127	-127	-127	
0	1	0	-0	0	0	-17.5	-12.5	25	-38.7868	-25	0	-57.4808	17.9389	0	-39.2748	-29.374	0	0	0	0	127	127	127	127	127	0	127	-127	-127	-127	
0	1	0	-0	0	0	-17.9319	-12.5393	25.3926	-39.0681	-25.3926	0	-58.0147	18.0017	0	-39.564	-29.6064	0	0	0	0	127	127	127	127	127	-63.5	127	-127	-127	-127	
0	1	0	-0	0	0	-18.3638	-12.5785	25.7853	-39.3494	-25.7853	0	-58.5486	18.0646	0	-39.8531	-29.8388	0	0	0	0	127	127	127	127	127	-127	127	-127	-127	-127	
0	1	0	-0	0	0	-18.7953	-12.6178	26.1775	-39.6377	-26.1775	0	-59.0695	18.1258	0	-40.1485	-30.0656	0	0	0	0	127	127	127	127	127	-127	127	-127	-127	-127	
0	1	0	-0	0	0	-19.2267	-12.657	26.5698	-39.9261	-26.5698	0	-59.5905	18.1871	0	-40.4439	-30.2923	0	0	0	0	127	127	127	127	127	-127	127	-127	-127	-127	
0	1	0	-0	0	0	-19.6574	-12.6961	26.9612	-40.2213	-26.9612	0	-60.0981	18.2468	0	-40.7452	-30.5133	0	0	0	0	127	127	127	127	127	-127	127	-127	-127	-127	
0	1	0	-0	0	0	-20.088	-12.7352	27.3527	-40.5165	-27.3527	0	-60.6058	18.3066	0	-41.0466	-30.7343	0	0	0	0	127	127	127	127	127	-127	127	-127	-127	-127	
0	1	0	-0	0	0	-20.5173	-12.7743	27.743	-40.8185	-27.743	0	-61.0995	18.3646	0	-41.3536	-30.9492	0	0	0	0	127	127	127	127	127	-127	127	-127	-127	-127	
0	1	0	-0	0	0	-20.9466	-12.8133	28.1333	-41.1204	-28.1333	0	-61.5932	18.4227	0	-41.6606	-31.1641	0	0	0	0	127	127	127	127	127	-127	127	-127	-127	-127	
0	1	0	-0	0	0	-21.3743	-12.8522	28.5221	-41.4288	-28.5221	0	-62.0726	18.4791	0	-41.9729	-31.3728	0	0	0	0	127	127	127	127	127	-127	127	-127	-127	-127	
0	1	0	-0	0	0	-21.802	-12.8911	28.9109	-41.7372	-28.9109	0	-62.552	18.5355	0	-42.2852	-31.5815	0	0	0	0	127	127	127	127	127	-127	127	-127	-127	-127	
0	1	0	-0	0	0	-22.2275	-12.9298	29.2977	-42.0518	-29.2977	0	-63.0166	18.5902	0	-42.6026	-31.7837	0	0	0	0	127	127	127	127	127	-127	127	-127	-127	-127	
0	1	0	-0	0	0	-22.653	-12.9684	29.6845	-42.3664	-29.6845	0	-63.4811	18.6448	0	-42.92	-31.9859	0	0	0	0	127	127	127	127	127	-127	127	-127	-127	-127	
0	1	0	-0	0	0	-23.076	-13.0069	30.0691	-42.6871	-30.0691	0	-63.9304	18.6977	0	-43.2421	-32.1815	0	0	0	0	127	127	127	127	127	-127	127	-127	-127	-127	
0	1	0	-0	0	0	-23.4989	-13.0453	30.4536	-43.0078	-30.4536	0	-64.3797	18.7506	0	-43.5642	-32.377	0	0	0	0	127	127	127	127	127	-127	127	-127	-127	-127	
0	1	0	-0	0	0	-23.919	-13.0835	30.8354	-43.3343	-30.8354	0	-64.8133	18.8016	0	-43.8907	-32.5658	0	0	0	0	127	127	127	127	127	-127	127	-127	-127	-127	
0	1	0	-0	0	0	-24.339	-13.1217	31.2173	-43.6608	-31.2173	0	-65.2468	18.8525	0	-44.2172	-32.7545	0	0	0	0	127	127	127	127	127	-127	127	-127	-127	-127	
0	1	0	-0	0	0	-24.7556	-13.1596	31.596	-43.9929	-31.596	0	-65.6642	18.9016	0	-44.5478	-32.9362	0	0	0	0	127	127	127	127	127	-127	127	-127	-127	-127	
0	1	0	-0	0	0	-25.1723	-13.1975	31.9748	-44.325	-31.9748	0	-66.0816	18.9508	0	-44.8784	-33.1179	0	0	0	0	127	127	127	127	127	-127	127	-127	-127	-127	
0	1	0	-0	0	0	-25.5851	-13.235	32.3501	-44.6625	-32.3501	0	-66.4824	18.9979	0	-45.2128	-33.2923	0	0	0	0	127	127	127	127	127	-127	127	-127	-127	-127	
0	1	0	-0	0	0	-25.998	-13.2726	32.7254	-45	-32.7254	0	-66.8832	19.0451	0	-45.5471	-33.4668	0	0	0	0	127	127	127	127	127	-127	127	-127	-127	-127	
0	1	0	-0	0	0	-26.4066	-13.3097	33.0969	-45.3426	-33.0969	0	-67.267	19.0902	0	-45.8849	-33.6339	0	0	0	0	127	127	127	127	127	-127	127	-127	-127	-127	
0	1	0	-0	0	0	-26.8153	-13.3468	33.4684	-45.6852	-33.4684	0	-67.6509	19.1354	0	-46.2227	-33.801	0	0	0	0	127	127	127	127	127	-127	127	-127	-127	-127	
0	1	0	-0	0	0	-27.2194	-13.3836	33.8358	-46.0328	-33.8358	0	-68.0174	19.1785	0	-46.5636	-33.9605	0	0	0	0	63.5	63.5	63.5	63.5	63.5	-127	127	-127	-127	-127	
0	1	0	-0	0	0	-27.6234	-13.4203	34.2031	-46.3803	-34.2031	0	-68.3839	19.2216	0	-46.9044	-34.12	0	0	0	0	0	0	0	0	0	-127	127	-127	-127	-127	
0	1	0	-0	0	0	-28.0225	-13.4566	34.5659	-46.7325	-34.5659	0	-68.7327	19.2627	0	-47.2481	-34.2719	0	0	0	0	0	0	0	0	0	-127	127	-127	-127	-127	
0	1	0	-0	0	0	-28.4216	-13.4929	34.9287	-47.0846	-34.9287	0	-69.0815	19.3037	0	-47.5918	-34.4237	0	0	0	0	0	0	0	0	0	-127	127	-127	-127	-127	
0	1	0	-0	0	0	-28.8153	-13.5287	35.2866	-47.4413	-35.2866	0	-69.4123	19.3426	0	-47.9378	-34.5677	0	0	0	0	0	0	0	0	0	-127	127	-127	-127	-127	
0	1	0	-0	0	0	-29.2089	-13.5644	35.6444	-47.7979	-35.6444	0	-69.743	19.3816	0	-48.2839	-34.7117	0	0	0	0	0	0	0	0	0	-127	127	-127	-127	-127	
0	1	0	-0	0	0	-29.5968	-13.5997	35.9971	-48.1587	-35.9971	0	-70.0554	19.4183	0	-48.6321	-34.8476	0	0	0	0	0	0	0	0	0	-127	127	-127	-127	-127	
0	1	0	-0	0	0	-29.9847	-13.635	36.3498	-48.5195	-36.3498	0	-70.3678	19.455	0	-48.9802	-34.9836	0	0	0	0	0	0	0	0	0	-127	127	-127	-127	-127	
0	1	0	-0	0	0	-30.3665	-13.6697	36.6968	-48.8842	-36.6968	0	-70.6615	19.4896	0	-49.3301	-35.1115	0	0	0	0	0	0	0	0	0	-127	63.5	-63.5	-63.5	-63.5	
0	1	0	-0	0	0	-30.7482	-13.7044	37.0438	-49.2489	-37.0438	0	-70.9552	19.5241	0	-49.68	-35.2393	0	0	0	0	0	0	0	0	0	-127	0	0	0	0	
0	1	0	-0	0	0	-31.1234	-13.7385	37.3849	-49.6174	-37.3849	0	-71.2299	19.5565	0	-50.0313	-35.3589	0	0	0	0	0	0	0	0	0	-127	0	0	0	0	
0	1	0	-0	0	0	-31.4986	-13.7726	37.726	-49.9858	-37.726	0	-71.5046	19.5888	0	-50.3826	-35.4785	0	0	0	0	0	0	0	0	0	-127	0	0	0	0	
0	1	0	-0	0	0	-31.8669	-13.8061	38.0608	-50.3577	-38.0608	0	-71.76	19.6188	0	-50.7349	-35.5897	0	0	0	0	0	0	0	0	0	-127	0	0	0	0	
0	1	0	-0	0	0	-32.2352	-13.8396	38.3957	-50.7295	-38.3957	0	-72.0155	19.6489	0	-51.0872	-35.7009	0	0	0	0	0	0	0	0	0	-127	0	0	0	0	
0	1	0	-0	0	0	-32.5963	-13.8724	38.7239	-51.1045	-38.7239	0	-72.2515	19.6767	0	-51.4402	-35.8036	0	0	0	0	0	0	0	0	0	-127	0	0	0	0	
0	1	0	-0	0	0	-32.9573	-13.9052	39.0521	-51.4795	-39.0521	0	-72.4874	19.7044	0	-51.7933	-35.9063	0	0	0	0	0	0	0	0	0	-127	0	0	0	0	
0	1	0	-0	0	0	-33.3107	-13.9373	39.3733	-51.8575	-39.3733	0	-72.7036	19.7299	0	-52.1466	-36.0004	0	0	0	0	0	0	0	0	0	-127	0	0	0	0	
0	1	0	-0	0	0	-33.6641	-13.9695	39.6946	-52.2354	-39.6946	0	-72.9199	19.7553	0	-52.5	-36.0946	0	0	0	0	0	0	0	0	0	-127	0	0	0	0	
0	1	0	-0	0	0	-34.0095	-14.0009	40.0086	-52.616	-40.0086	0	-73.1162	19.7784	0	-52.8534	-36.18	0	0	0	0	0	0	0	0	0	-127	0	0	0	0	
0	1	0	-0	0	0	-34.355	-14.0323	40.3226	-52.9966	-40.3226	0	-73.3125	19.8015	0	-53.2068	-36.2654	0	0	0	0	0	0	0	0	0	-127	0	0	0	0	
0	1	0	-0	0	0	-34.6921	-14.0629	40.6291	-53.3796	-40.6291	0	-73.4886	19.8222	0	-53.5598	-36.3421	0	0	0	0	0	0	0	0	0	-127	0	0	0	0	
0	1	0	-0	0	0	-35.0291	-14.0936	40.9356	-53.7626	-40.9356	0	-73.6648	19.8429	0	-53.9128	-36.4188	0	0	0	0	0	0	0	0	0	-127	0	0	0	0	
0	1	0	-0	0	0	-35.3576	-14.1234	41.2342	-54.1478	-41.2342	0	-73.8206	19.8612	0	-54.2651	-36.4866	0	0	0	0	0	0	0	0	0	-127	0	0	0	0	
0	1	0	-0	0	0	-35.686	-14.1533	41.5328	-54.5329	-41.5328	0	-73.9765	19.8796	0	-54.6174	-36.5545	0	0	0	0	0	0	0	0	0	-127	0	0	0	0	
0	1	0	-0	0	0	-36.0055	-14.1823	41.8232	-54.92	-41.8232	0	-74.1118	19.8955	0	-54.9687	-36.6134	0	0	0	0	0	0	0	0	0	-63.5	0	0	0	0	
0	1	0	-0	0	0	-36.325	-14.2114	42.1137	-55.307	-42.1137	0	-74.2472	19.9114	0	-55.32	-36.6723	0	0	0	0	0	0	0	0	0	0	0	0	0	0	
0	1	0	-0	0	0	-36.6352	-14.2395	42.3957	-55.6956	-42.3957	0	-74.362	19.9249	0	-55.6699	-36.7223	0	0	0	0	0	0	0	0	0	0	0	0	0	0	
0	1	0	-0	0	0	-36.9454	-14.2677	42.6777	-56.0842	-42.6777	0	-74.4768	19.9384	0	-56.0197	-36.7723	0	0	0	0	0	0	0	0	0	0	0	0	0	0	
0	1	0	-0	0	0	-37.246	-14.2951	42.951	-56.4742	-42.951	0	-74.5708	19.9495	0	-56.3679	-36.8132	0	0	0	0	0	0	0	0	0	0	0	0	0	0	
0	1	0	-0	0	0	-37.5466	-14.3224	43.2242	-56.8641	-43.2242	0	-74.6649	19.9606	0	-56.7161	-36.8541	0	0	0	0	0	0	0	0	0	0	0	0	0	0	
0	1	0	-0	0	0	-37.8373	-14.3488	43.4885	-57.2552	-43.4885	0	-74.7381	19.9692	0	-57.0621	-36.886	0	0	0	0	0	0	0	0	0	0	0	0	0	0	
0	1	0	-0	0	0	-38.128	-14.3753	43.7528	-57.6462	-43.7528	0	-74.8114	19.9778	0	-57.4082	-36.9179	0	0	0	0	0	0	0	0	0	0	0	0	0	0	
0	1	0	-0	0	0	-38.4086	-14.4008	44.0078	-58.038	-44.0078	0	-74.8638	19.984	0	-57.7519	-36.9407	0	0	0	0	0	0	0	0	0	0	0	0	0	0	
0	1	0	-0	0	0	-38.6891	-14.4263	44.2628	-58.4299	-44.2628	0	-74.9161	19.9902	0	-58.0955	-36.9635	0	0	0	0	0	0	0	0	0	0	0	0	0	0	
0	1	0	-0	0	0	-38.9592	-14.4508	44.5083	-58.8223	-44.5083	0	-74.9476	19.9938	0	-58.4364	-36.9772	0	0	0	0	0	0	0	0	0	0	0	0	0	0	
0	1	0	-0	0	0	-39.2293	-14.4754	44.7538	-59.2147	-44.7538	0	-74.979	19.9975	0	-58.7773	-36.9908	0	0	0	0	0	0	0	0	0	0	0	0	0	0	
0	1	0	-0	0	0	-39.4886	-14.499	44.9896	-59.6073	-44.9896	0	-74.9895	19.9988	0	-59.1151	-36.9954	0	0	0	0	0	0	0	0	0	0	0	0	0	0	
0	1	0	-0	0	0	-39.748	-14.5225	45.2254	-60	-45.2254	0	-75	20	0	-59.4529	-37	0	0	0	0	0	0	0	0	0	0	0	0	0	0	
0	1	0	-0	0	0	-39.9964	-14.5451	45.4512	-60.3926	-45.4512	0	-75	20	0	-59.7872	-37	0	0	0	0	0	0	0	0	0	0	0	0	0	0	
0	1	0	-0	0	0	-40.2447	-14.5677	45.677	-60.7853	-45.677	0	-75	20	0	-60.1216	-37	0	0	0	0	0	0	0	0	0	0	0	0	0	0	
0	1	0	-0	0	0	-40.4819	-14.5893	45.8926	-61.1777	-45.8926	0	-75	20	0	-60.4522	-37	0	0	0	0	0	0	0	0	0	0	0	0	0	0	
0	1	0	-0	0	0	-40.719	-14.6108	46.1082	-61.57	-46.1082	0	-75	20	0	-60.7828	-37	0	0	0	0	0	0	0	0	0	0	0	0	0	0	
0	1	0	-0	0	0	-40.9447	-14.6313	46.3134	-61.9619	-46.3134	0	-75	20	0	-61.1093	-37	0	0	0	0	0	0	0	0	0	0	0	0	0	0	
0	1	0	-0	0	0	-41.1704	-14.6518	46.5186	-62.3537	-46.5186	0	-75	20	0	-61.4358	-37	0	0	0	0	0	0	0	0	0	0	0	0	0	0	
0	1	0	-0	0	0	-41.3844	-14.6713	46.7131	-62.7448	-46.7131	0	-75	20	0	-61.7579	-37	0	0	0	0	0	0	0	0	0	0	0	0	0	0	
0	1	0	-0	0	0	-41.5985	-14.6908	46.9077	-63.1358	-46.9077	0	-75	20	0	-62.08	-37	0	0	0	0	0	0	0	0	0	0	0	0	0	0	
0	1	0	-0	0	0	-41.8006	-14.7091	47.0914	-63.5258	-47.0914	0	-75	20	0	-62.3974	-37	0	0	0	0	0	0	0	0	0	0	0	0	0	0	
0	1	0	-0	0	0	-42.0027	-14.7275	47.2751	-63.9158	-47.2751	0	-75	20	0	-62.7148	-37	0	0	0	0	0	0	0	0	0	0	0	0	0	0	
0	1	0	-0	0	0	-42.1927	-14.7448	47.4479	-64.3044	-47.4479	0	-75	20	0	-63.0271	-37	0	0	0	0	0	0	0	0	0	0	0	0	0	0	
0	1	0	-0	0	0	-42.3827	-14.7621	47.6206	-64.693	-47.6206	0	-75	20	0	-63.3395	-37	0	0	0	0	0	0	0	0	0	0	0	0	0	0	
0	1	0	-0	0	0	-42.5605	-14.7782	47.7822	-65.08	-47.7822	0	-75	20	0	-63.6464	-37	0	0	0	0	0	0	0	0	0	0	0	0	0	0	
0	1	0	-0	0	0	-42.7382	-14.7944	47.9438	-65.4671	-47.9438	0	-75	20	0	-63.9534	-37	0	0	0	0	0	0	0	0	0	0	0	0	0	0	
0	1	0	-0	0	0	-42.9035	-14.8094	48.0941	-65.8522	-48.0941	0	-75	20	0	-64.2548	-37	0	0	0	0	0	0	0	0	0	0	0	0	0	0	
0	1	0	-0	0	0	-43.0688	-14.8244	48.2444	-66.2374	-48.2444	0	-75	20	0	-64.5561	-37	0	0	0	0	0	0	0	0	0	0	0	0	0	0	
0	1	0	-0	0	0	-43.2215	-14.8383	48.3832	-66.6204	-48.3832	0	-75	20	0	-64.8515	-37	0	0	0	0	0	0	0	0	0	0	0	0	0	0	
0	1	0	-0	0	0	-43.3742	-14.8522	48.522	-67.0033	-48.522	0	-75	20	0	-65.1468	-37	0	0	0	0	0	0	0	0	0	0	0	0	0	0	
0	1	0	-0	0	0	-43.5141	-14.8649	48.6492	-67.384	-48.6492	0	-75	20	0	-65.436	-37	0	0	0	0	0	0	0	0	0	0	0	0	0	0	
0	1	0	-0	0	0	-43.6541	-14.8777	48.7764	-67.7646	-48.7764	0	-75	20	0	-65.7251	-37	0	0	0	0	0	0	0	0	0	0	0	0	0	0	
0	1	0	-0	0	0	-43.7811	-14.8892	48.8919	-68.1425	-48.8919	0	-75	20	0	-66.0078	-37	0	0	0	0	0	0	0	0	0	0	0	0	0	0	
0	1	0	-0	0	0	-43.908	-14.9007	49.0073	-68.5204	-49.0073	0	-75	20	0	-66.2904	-37	0	0	0	0	0	0	0	0	0	0	0	0	0	0	
0	1	0	-0	0	0	-44.022	-14.9111	49.1109	-68.8955	-49.1109	0	-75	20	0	-66.5662	-37	0	0	0	0	0	0	0	0	0	0	0	0	0	0	
0	1	0	-0	0	0	-44.136	-14.9215	49.2146	-69.2705	-49.2146	0	-75	20	0	-66.8421	-37	0	0	0	0	0	0	0	0	0	0	0	0	0	0	
0	1	0	-0	0	0	-44.2369	-14.9306	49.3062	-69.6423	-49.3062	0	-75	20	0	-67.1108	-37	0	0	0	0	0	0	0	0	0	0	0	0	0	0	
0	1	0	-0	0	0	-44.3377	-14.9398	49.3979	-70.0142	-49.3979	0	-75	20	0	-67.3795	-37	0	0	0	0	0	0	0	0	0	0	0	0	0	0	
0	1	0	-0	0	0	-44.4253	-14.9478	49.4775	-70.3826	-49.4775	0	-75	20	0	-67.6409	-37	0	0	0	0	0	0	0	0	0	0	0	0	0	0	
0	1	0	-0	0	0	-44.5129	-14.9557	49.5572	-70.751	-49.5572	0	-75	20	0	-67.9023	-37	0	0	0	0	0	0	0	0	0	0	0	0	0	0	
0	1	0	-0	0	0	-44.5872	-14.9625	49.6247	-71.1158	-49.6247	0	-75	20	0	-68.1561	-37	0	0	0	0	0	0	0	0	0	0	0	0	0	0	
0	1	0	-0	0	0	-44.6614	-14.9692	49.6922	-71.4805	-49.6922	0	-75	20	0	-68.4099	-37	0	0	0	0	0	0	0	0	0	0	0	0	0	0	
0	1	0	-0	0	0	-44.7223	-14.9747	49.7475	-71.8413	-49.7475	0	-75	20	0	-68.6558	-37	0	0	0	0	0	0	0	0	0	0	0	0	0	0	
0	1	0	-0	0	0	-44.7831	-14.9803	49.8029	-72.2021	-49.8029	0	-75	20	0	-68.9018	-37	0	0	0	0	0	0	0	0	0	0	0	0	0	0	
0	1	0	-0	0	0	-44.8305	-14.9846	49.846	-72.5587	-49.846	0	-75	20	0	-69.1396	-37	0	0	0	0	0	0	0	0	0	0	0	0	0	0	
0	1	0	-0	0	0	-44.878	-14.9889	49.889	-72.9153	-49.889	0	-75	20	0	-69.3775	-37	0	0	0	0	0	0	0	0	0	0	0	0	0	0	
0	1	0	-0	0	0	-44.9118	-14.992	49.9199	-73.2675	-49.9199	0	-75	20	0	-69.607	-37	0	0	0	0	0	0	0	0	0	0	0	0	0	0	
0	1	0	-0	0	0	-44.9457	-14.9951	49.9507	-73.6197	-49.9507	0	-75	20	0	-69.8366	-37	0	0	0	0	0	0	0	0	0	0	0	0	0	0	
0	1	0	-0	0	0	-44.9661	-14.9969	49.9692	-73.9672	-49.9692	0	-75	20	0	-70.0575	-37	0	0	0	0	0	0	0	0	0	0	0	0	0	0	
0	1	0	-0	0	0	-44.9864	-14.9988	49.9876	-74.3147	-49.9876	0	-75	20	0	-70.2785	-37	0	0	0	0	0	0	0	0	0	0	0	0	0	0	
0	1	0	-0	0	0	-44.9932	-14.9994	49.9938	-74.6574	-49.9938	0	-75	20	0	-70.4907	-37	0	0	0	0	0	0	0	0	0	0	0	0	0	0	
0	1	0	-0	0	0	-45	-15	50	-75	-50	0	-75	20	0	-70.7029	-37	0	0	0	0	0	0	0	0	0	0	0	0	0	0	
0	1	0	-0	0	0	-45	-15	50	-75.3375	-50	0	-75	20	0	-70.9061	-37	0	0	0	0	0	0	0	0	0	0	0	0	0	0	
0	1	0	-0	0	0	-45	-15	50	-75.6749	-50	0	-75	20	0	-71.1093	-37	0	0	0	0	0	0	0	0	0	0	0	0	0	0	
0	1	0	-0	0	0	-45	-15	50	-76.0071	-50	0	-75	20	0	-71.3034	-37	0	0	0	0	0	0	0	0	0	0	0	0	0	0	
0	1	0	-0	0	0	-45	-15	50	-76.3392	-50	0	-75	20	0	-71.4974	-37	0	0	0	0	0	0	0	0	0	0	0	0	0	0	
0	1	0	-0	0	0	-45	-15	50	-76.6657	-50	0	-75	20	0	-71.682	-37	0	0	0	0	0	0	0	0	0	0	0	0	0	0	
0	1	0	-0	0	0	-45	-15	50	-76.9922	-50	0	-75	20	0	-71.8667	-37	0	0	0	0	0	0	0	0	0	0	0	0	0	0	
0	1	0	-0	0	0	-45	-15	50	-77.3129	-50	0	-75	20	0	-72.0418	-37	0	0	0	0	0	0	0	0	0	0	0	0	0	0	
0	1	0	-0	0	0	-45	-15	50	-77.6335	-50	0	-75	20	0	-72.2169	-37	0	0	0	0	0	0	0	0	0	0	0	0	0	0	
0	1	0	-0	0	0	-45	-15	50	-77.9482	-50	0	-75	20	0	-72.3823	-37	0	0	0	0	0	0	0	0	0	0	0	0	0	0	
0	1	0	-0	0	0	-45	-15	50	-78.2628	-50	0	-75	20	0	-72.5476	-37	0	0	0	0	0	0	0	0	0	0	0	0	0	0	
0	1	0	-0	0	0	-45	-15	50	-78.5712	-50	0	-75	20	0	-72.7031	-37	0	0	0	0	0	0	0	0	0	0	0	0	0	0	
0	1	0	-0	0	0	-45	-15	50	-78.8796	-50	0	-75	20	0	-72.8586	-37	0	0	0	0	0	0	0	0	0	0	0	0	0	0	
0	1	0	-0	0	0	-45	-15	50	-79.1815	-50	0	-75	20	0	-73.004	-37	0	0	0	0	0	0	0	0	0	0	0	0	0	0	
0	1	0	-0	0	0	-45	-15	50	-79.4835	-50	0	-75	20	0	-73.1495	-37	0	0	0	0	0	0	0	0	0	0	0	0	0	0	
0	1	0	-0	0	0	-45	-15	50	-79.7787	-50	0	-75	20	0	-73.2847	-37	0	0	0	0	0	0	0	0	0	0	0	0	0	0	
0	1	0	-0	0	0	-45	-15	50	-80.0739	-50	0	-75	20	0	-73.42	-37	0	0	0	0	0	0	0	0	0	0	0	0	0	0	
0	1	0	-0	0	0	-45	-15	50	-80.3623	-50	0	-75	20	0	-73.5449	-37	0	0	0	0	0	0	0	0	0	0	0	0	0	0	
0	1	0	-0	0	0	-45	-15	50	-80.6506	-50	0	-75	20	0	-73.6698	-37	0	0	0	0	0	0	0	0	0	0	0	0	0	0	
0	1	0	-0	0	0	-45	-15	50	-80.9319	-50	0	-75	20	0	-73.7843	-37	0	0	0	0	0	0	0	0	0	0	0	0	0	0	
0	1	0	-0	0	0	-45	-15	50	-81.2132	-50	0	-75	20	0	-73.8988	-37	0	0	0	0	0	0	0	0	0	0	0	0	0	0	
0	1	0	-0	0	0	-45	-15	50	-81.4872	-50	0	-75	20	0	-74.0027	-37	0	0	0	0	0	0	0	0	0	0	0	0	0	0	
0	1	0	-0	0	0	-45	-15	50	-81.7612	-50	0	-75	20	0	-74.1066	-37	0	0	0	0	0	0	0	0	0	0	0	0	0	0	
0	1	0	-0	0	0	-45	-15	50	-82.0278	-50	0	-75	20	0	-74.1999	-37	0	0	0	0	0	0	0	0	0	0	0	0	0	0	
0	1	0	-0	0	0	-45	-15	50	-82.2943	-50	0	-75	20	0	-74.2931	-37	0	0	0	0	0	0	0	0	0	0	0	0	0	0	
0	1	0	-0	0	0	-45	-15	50	-82.5532	-50	0	-75	20	0	-74.3756	-37	0	0	0	0	0	0	0	0	0	0	0	0	0	0	
0	1	0	-0	0	0	-45	-15	50	-82.8122	-50	0	-75	20	0	-74.4581	-37	0	0	0	0	0	0	0	0	0	0	0	0	0	0	
0	1	0	-0	0	0	-45	-15	50	-83.0633	-50	0	-75	20	0	-74.5298	-37	0	0	0	0	0	0	0	0	0	0	0	0	0	0	
0	1	0	-0	0	0	-45	-15	50	-83.3144	-50	0	-75	20	0	-74.6015	-37	0	0	0	0	0	0	0	0	0	0	0	0	0	0	
0	1	0	-0	0	0	-45	-15	50	-83.5575	-50	0	-75	20	0	-74.6622	-37	0	0	0	0	0	0	0	0	0	0	0	0	0	0	
0	1	0	-0	0	0	-45	-15	50	-83.8006	-50	0	-75	20	0	-74.723	-37	0	0	0	0	0	0	0	0	0	0	0	0	0	0	
0	1	0	-0	0	0	-45	-15	50	-84.0355	-50	0	-75	20	0	-74.7728	-37	0	0	0	0	0	0	0	0	0	0	0	0	0	0	
0	1	0	-0	0	0	-45	-15	50	-84.2705	-50	0	-75	20	0	-74.8226	-37	0	0	0	0	0	0	0	0	0	0	0	0	0	0	
0	1	0	-0	0	0	-45	-15	50	-84.4972	-50	0	-75	20	0	-74.8613	-37	0	0	0	0	0	0	0	0	0	0	0	0	0	0	
0	1	0	-0	0	0	-45	-15	50	-84.7238	-50	0	-75	20	0	-74.9001	-37	0	0	0	0	0	0	0	0	0	0	0	0	0	0	
0	1	0	-0	0	0	-45	-15	50	-84.9419	-50	0	-75	20	0	-74.9279	-37	0	0	0	0	0	0	0	0	0	0	0	0	0	0	
0	1	0	-0	0	0	-45	-15	50	-85.1601	-50	0	-75	20	0	-74.9556	-37	0	0	0	0	0	0	0	0	0	0	0	0	0	0	
0	1	0	-0	0	0	-45	-15	50	-85.3697	-50	0	-75	20	0	-74.9722	-37	0	0	0	0	0	0	0	0	0	0	0	0	0	0	
0	1	0	-0	0	0	-45	-15	50	-85.5792	-50	0	-75	20	0	-74.9889	-37	0	0	0	0	0	0	0	0	0	0	0	0	0	0	
0	1	0	-0	0	0	-45	-15	50	-85.78	-50	0	-75	20	0	-74.9944	-37	0	0	0	0	0	0	0	0	0	0	0	0	0	0	
0	1	0	-0	0	0	-45	-15	50	-85.9807	-50	0	-75	20	0	-75	-37	0	0	0	0	0	0	0	0	0	0	0	0	0	0	
0	1	0	-0	0	0	-44.9932	-14.9994	49.9938	-86.1726	-49.9938	0	-75	20	0	-75	-37	0	0	0	0	0	0	0	0	0	0	0	0	0	0	
0	1	0	-0	0	0	-44.9864	-14.9988	49.9876	-86.3645	-49.9876	0	-75	20	0	-75	-37	0	0	0	0	0	0	0	0	0	0	0	0	0	0	
0	1	0	-0	0	0	-44.9661	-14.9969	49.9692	-86.5473	-49.9692	0	-75	20	0	-75	-37	0	0	0	0	0	0	0	0	0	0	0	0	0	0	
0	1	0	-0	0	0	-44.9457	-14.9951	49.9507	-86.7302	-49.9507	0	-75	20	0	-75	-37	0	0	0	0	0	0	0	0	0	0	0	0	0	0	
0	1	0	-0	0	0	-44.9118	-14.992	49.9199	-86.9039	-49.9199	0	-75	20	0	-75	-37	0	0	0	0	0	0	0	0	0	0	0	0	0	0	
0	1	0	-0	0	0	-44.878	-14.9889	49.889	-87.0776	-49.889	0	-75	20	0	-75	-37	0	0	0	0	0	0	0	0	0	0	0	0	0	0	
0	1	0	-0	0	0	-44.8305	-14.9846	49.846	-87.242	-49.846	0	-75	20	0	-75	-37	0	0	0	0	0	0	0	0	0	0	0	0	0	0	
0	1	0	-0	0	0	-44.7831	-14.9803	49.8029	-87.4064	-49.8029	0	-75	20	0	-75	-37	0	0	0	0	0	0	0	0	0	0	0	0	0	0	
0	1	0	-0	0	0	-44.7223	-14.9747	49.7475	-87.5614	-49.7475	0	-75	20	0	-75	-37	0	0	0	0	0	0	0	0	0	0	0	0	0	0	
0	1	0	-0	0	0	-44.6614	-14.9692	49.6922	-87.7164	-49.6922	0	-75	20	0	-75	-37	0	0	0	0	0	0	0	0	0	0	0	0	0	0	
0	1	0	-0	0	0	-44.5872	-14.9625	49.6247	-87.8619	-49.6247	0	-75	20	0	-75	-37	0	0	0	0	0	0	0	0	0	0	0	0	0	0	
0	1	0	-0	0	0	-44.5129	-14.9557	49.5572	-88.0074	-49.5572	0	-75	20	0	-75	-37	0	0	0	0	0	0	0	0	0	0	0	0	0	0	
0	1	0	-0	0	0	-44.4253	-14.9478	49.4775	-88.1433	-49.4775	0	-75	20	0	-75	-37	0	0	0	0	0	0	0	0	0	0	0	0	0	0	
0	1	0	-0	0	0	-44.3377	-14.9398	49.3979	-88.2792	-49.3979	0	-75	20	0	-75	-37	0	0	0	0	0	0	0	0	0	0	0	0	0	0	
0	1	0	-0	0	0	-44.2369	-14.9306	49.3062	-88.4055	-49.3062	0	-75	20	0	-75	-37	0	0	0	0	0	0	0	0	0	0	0	0	0	0	
0	1	0	-0	0	0	-44.136	-14.9215	49.2146	-88.5317	-49.2146	0	-75	20	0	-75	-37	0	0	0	0	0	0	0	0	0	0	0	0	0	0	
0	1	0	-0	0	0	-44.0221	-14.9111	49.1109	-88.6481	-49.1109	0	-75	20	0	-75	-37	0	0	0	0	0	0	0	0	0	0	0	0	0	0	
0	1	0	-0	0	0	-43.9081	-14.9007	49.0073	-88.7646	-49.0073	0	-75	20	0	-75	-37	0	0	0	0	0	0	0	0	0	0	0	0	0	0	
0	1	0	-0	0	0	-43.7811	-14.8892	48.8919	-88.8712	-48.8919	0	-75	20	0	-75	-37	0	0	0	0	0	0	0	0	0	0	0	0	0	0	
0	1	0	-0	0	0	-43.6541	-14.8777	48.7764	-88.9778	-48.7764	0	-75	20	0	-75	-37	0	0	0	0	0	0	0	0	0	0	0	0	0	0	
0	1	0	-0	0	0	-43.5141	-14.8649	48.6492	-89.0744	-48.6492	0	-75	20	0	-74.9944	-37	0	0	0	0	0	0	0	0	0	0	0	0	0	0	
0	1	0	-0	0	0	-43.3742	-14.8522	48.522	-89.1711	-48.522	0	-75	20	0	-74.9889	-37	0	0	0	0	0	0	0	0	0	0	0	0	0	0	
0	1	0	-0	0	0	-43.2215	-14.8383	48.3832	-89.2577	-48.3832	0	-75	20	0	-74.9722	-37	0	0	0	0	0	0	0	0	0	0	0	0	0	0	
0	1	0	-0	0	0	-43.0688	-14.8244	48.2444	-89.3444	-48.2444	0	-75	20	0	-74.9556	-37	0	0	0	0	0	0	0	0	0	0	0	0	0	0	
0	1	0	-0	0	0	-42.9035	-14.8094	48.0941	-89.421	-48.0941	0	-75	20	0	-74.9279	-37	0	0	0	0	0	0	0	0	0	0	0	0	0	0	
0	1	0	-0	0	0	-42.7382	-14.7944	47.9438	-89.4977	-47.9438	0	-75	20	0	-74.9001	-37	0	0	0	0	0	0	0	0	0	0	0	0	0	0	
0	1	0	-0	0	0	-42.5605	-14.7782	47.7823	-89.5642	-47.7823	0	-75	20	0	-74.8613	-37	0	0	0	0	0	0	0	0	0	0	0	0	0	0	
0	1	0	-0	0	0	-42.3827	-14.7621	47.6207	-89.6307	-47.6207	0	-75	20	0	-74.8226	-37	0	0	0	0	0	0	0	0	0	0	0	0	0	0	
0	1	0	-0	0	0	-42.1927	-14.7448	47.4479	-89.687	-47.4479	0	-75	20	0	-74.7728	-37	0	0	0	0	0	0	0	0	0	0	0	0	0	0	
0	1	0	-0	0	0	-42.0027	-14.7275	47.2751	-89.7434	-47.2751	0	-75	20	0	-74.723	-37	0	0	0	0	0	0	0	0	0	0	0	0	0	0	
0	1	0	-0	0	0	-41.8006	-14.7091	47.0914	-89.7895	-47.0914	0	-75	20	0	-74.6622	-37	0	0	0	0	0	0	0	0	0	0	0	0	0	0	
0	1	0	-0	0	0	-41.5985	-14.6908	46.9077	-89.8357	-46.9077	0	-75	20	0	-74.6015	-37	0	0	0	0	0	0	0	0	0	0	0	0	0	0	
0	1	0	-0	0	0	-41.3844	-14.6713	46.7131	-89.8716	-46.7131	0	-75	20	0	-74.5298	-37	0	0	0	0	0	0	0	0	0	0	0	0	0	0	
0	1	0	-0	0	0	-41.1704	-14.6518	46.5186	-89.9075	-46.5186	0	-75	20	0	-74.4582	-37	0	0	0	0	0	0	0	0	0	0	0	0	0	0	
0	1	0	-0	0	0	-40.9447	-14.6313	46.3134	-89.9332	-46.3134	0	-75	20	0	-74.3757	-37	0	0	0	0	0	0	0	0	0	0	0	0	0	0	
0	1	0	-0	0	0	-40.719	-14.6108	46.1082	-89.9589	-46.1082	0	-75	20	0	-74.2931	-37	0	0	0	0	0	0	0	0	0	0	0	0	0	0	
0	1	0	-0	0	0	-40.4819	-14.5893	45.8926	-89.9743	-45.8926	0	-75	20	0	-74.1999	-37	0	0	0	0	0	0	0	0	0	0	0	0	0	0	
0	1	0	-0	0	0	-40.2447	-14.5677	45.677	-89.9897	-45.677	0	-75	20	0	-74.1066	-37	0	0	0	0	0	0	0	0	0	0	0	0	0	0	
0	1	0	-0	0	0	-39.9964	-14.5451	45.4512	-89.9949	-45.4512	0	-75	20	0	-74.0027	-37	0	0	0	0	0	0	0	0	0	0	0	0	0	0	
0	1	0	-0	0	0	-39.748	-14.5225	45.2254	-90	-45.2254	0	-75	20	0	-73.8988	-37	0	0	0	0	0	0	0	0	0	0	0	0	0	0	
0	1	0	-0	0	0	-39.4886	-14.499	44.9896	-89.9949	-44.9896	0	-75	20	0	-73.7843	-37	0	0	0	0	0	0	0	0	0	0	0	0	0	0	
0	1	0	-0	0	0	-39.2293	-14.4754	44.7538	-89.9897	-44.7538	0	-75	20	0	-73.6698	-37	0	0	0	0	0	0	0	0	0	0	0	0	0	0	
0	1	0	-0	0	0	-38.9592	-14.4508	44.5083	-89.9743	-44.5083	0	-75	20	0	-73.5449	-37	0	0	0	0	0	0	0	0	0	0	0	0	0	0	
0	1	0	-0	0	0	-38.6891	-14.4263	44.2628	-89.9589	-44.2628	0	-75	20	0	-73.42	-37	0	0	0	0	0	0	0	0	0	0	0	0	0	0	
0	1	0	-0	0	0	-38.4086	-14.4008	44.0078	-89.9332	-44.0078	0	-75	20	0	-73.2847	-37	0	0	0	0	0	0	0	0	0	0	0	0	0	0	
0	1	0	-0	0	0	-38.128	-14.3753	43.7528	-89.9075	-43.7528	0	-75	20	0	-73.1495	-37	0	0	0	0	0	0	0	0	0	0	0	0	0	0	
0	1	0	-0	0	0	-37.8373	-14.3488	43.4885	-89.8716	-43.4885	0	-75	20	0	-73.004	-37	0	0	0	0	0	0	0	0	0	0	0	0	0	0	
0	1	0	-0	0	0	-37.5466	-14.3224	43.2242	-89.8357	-43.2242	0	-75	20	0	-72.8586	-37	0	0	0	0	0	0	0	0	0	0	0	0	0	0	
0	1	0	-0	0	0	-37.246	-14.2951	42.951	-89.7895	-42.951	0	-75	20	0	-72.7031	-37	0	0	0	0	0	0	0	0	0	0	0	0	0	0	
0	1	0	-0	0	0	-36.9455	-14.2678	42.6777	-89.7434	-42.6777	0	-75	20	0	-72.5476	-37	0	0	0	0	0	0	0	0	0	0	0	0	0	0	
0	1	0	-0	0	0	-36.6353	-14.2396	42.3957	-89.687	-42.3957	0	-75	20	0	-72.3823	-37	0	0	0	0	0	0	0	0	0	0	0	0	0	0	
0	1	0	-0	0	0	-36.3251	-14.2114	42.1137	-89.6307	-42.1137	0	-75	20	0	-72.2169	-37	0	0	0	0	0	0	0	0	0	0	0	0	0	0	
0	1	0	-0	0	0	-36.0056	-14.1823	41.8232	-89.5642	-41.8232	0	-75	20	0	-72.0418	-37	0	0	0	0	0	0	0	0	0	0	0	0	0	0	
0	1	0	-0	0	0	-35.6861	-14.1533	41.5328	-89.4977	-41.5328	0	-75	20	0	-71.8667	-37	0	0	0	0	0	0	0	0	0	0	0	0	0	0	
0	1	0	-0	0	0	-35.3576	-14.1234	41.2342	-89.421	-41.2342	0	-75	20	0	-71.6821	-37	0	0	0	0	0	0	0	0	0	0	0	0	0	0	
0	1	0	-0	0	0	-35.0291	-14.0936	40.9356	-89.3444	-40.9356	0	-75	20	0	-71.4974	-37	0	0	0	0	0	0	0	0	0	0	0	0	0	0	
0	1	0	-0	0	0	-34.6921	-14.0629	40.6292	-89.2577	-40.6292	0	-75	20	0	-71.3034	-37	0	0	0	0	0	0	0	0	0	0	0	0	0	0	
0	1	0	-0	0	0	-34.355	-14.0323	40.3227	-89.1711	-40.3227	0	-75	20	0	-71.1093	-37	0	0	0	0	0	0	0	0	0	0	0	0	0	0	
0	1	0	-0	0	0	-34.0095	-14.0009	40.0087	-89.0744	-40.0087	0	-75	20	0	-70.9061	-37	0	0	0	0	0	0	0	0	0	0	0	0	0	0	
0	1	0	-0	0	0	-33.6641	-13.9695	39.6946	-88.9778	-39.6946	0	-75	20	0	-70.7029	-37	0	0	0	0	0	0	0	0	0	0	0	0	0	0	
0	1	0	-0	0	0	-33.3107	-13.9373	39.3734	-88.8712	-39.3734	0	-75	20	0	-70.4907	-37	0	0	0	0	0	0	0	0	0	0	0	0	0	0	
0	1	0	-0	0	0	-32.9573	-13.9052	39.0521	-88.7646	-39.0521	0	-75	20	0	-70.2785	-37	0	0	0	0	0	0	0	0	0	0	0	0	0	0	
0	1	0	-0	0	0	-32.5963	-13.8724	38.7239	-88.6481	-38.7239	0	-75	20	0	-70.0575	-37	0	0	0	0	0	0	0	0	0	0	0	0	0	0	
0	1	0	-0	0	0	-32.2352	-13.8396	38.3957	-88.5317	-38.3957	0	-75	20	0	-69.8366	-37	0	0	0	0	0	0	0	0	0	0	0	0	0	0	
0	1	0	-0	0	0	-31.8669	-13.8061	38.0609	-88.4055	-38.0609	0	-75	20	0	-69.607	-37	0	0	0	0	0	0	0	0	0	0	0	0	0	0	
0	1	0	-0	0	0	-31.4986	-13.7726	37.7261	-88.2793	-37.7261	0	-75	20	0	-69.3775	-37	0	0	0	0	0	0	0	0	0	0	0	0	0	0	
0	1	0	-0	0	0	-31.1234	-13.7385	37.385	-88.1433	-37.385	0	-75	20	0	-69.1396	-37	0	0	0	0	0	0	0	0	0	0	0	0	0	0	
0	1	0	-0	0	0	-30.7482	-13.7044	37.0438	-88.0074	-37.0438	0	-75	20	0	-68.9018	-37	0	0	0	0	0	0	0	0	0	0	0	0	0	0	
0	1	0	-0	0	0	-30.3665	-13.6697	36.6968	-87.8619	-36.6968	0	-75	20	0	-68.6558	-37	0	0	0	0	0	0	0	0	0	0	0	0	0	0	
0	1	0	-0	0	0	-29.9848	-13.635	36.3498	-87.7164	-36.3498	0	-75	20	0	-68.4099	-37	0	0	0	0	0	0	0	0	0	0	0	0	0	0	
0	1	0	-0	0	0	-29.5969	-13.5997	35.9971	-87.5614	-35.9971	0	-75	20	0	-68.1561	-37	0	0	0	0	0	0	0	0	0	0	0	0	0	0	
0	1	0	-0	0	0	-29.2089	-13.5644	35.6445	-87.4064	-35.6445	0	-75	20	0	-67.9023	-37	0	0	0	0	0	0	0	0	0	0	0	0	0	0	
0	1	0	-0	0	0	-28.8153	-13.5287	35.2866	-87.242	-35.2866	0	-75	20	0	-67.6409	-37	0	0	0	0	0	0	0	0	0	0	0	0	0	0	
0	1	0	-0	0	0	-28.4216	-13.4929	34.9287	-87.0776	-34.9287	0	-75	20	0	-67.3795	-37	0	0	0	0	0	0	0	0	0	0	0	0	0	0	
0	1	0	-0	0	0	-28.0225	-13.4566	34.5659	-86.9039	-34.5659	0	-75	20	0	-67.1108	-37	0	0	0	0	0	0	0	0	0	0	0	0	0	0	
0	1	0	-0	0	0	-27.6234	-13.4203	34.2031	-86.7302	-34.2031	0	-75	20	0	-66.8421	-37	0	0	0	0	0	0	0	0	0	0	0	0	0	0	
0	1	0	-0	0	0	-27.2194	-13.3836	33.8358	-86.5473	-33.8358	0	-75	20	0	-66.5662	-37	0	0	0	0	0	0	0	0	0	0	0	0	0	0	
0	1	0	-0	0	0	-26.8153	-13.3468	33.4685	-86.3645	-33.4685	0	-75	20	0	-66.2904	-37	0	0	0	0	0	0	0	0	0	0	0	0	0	0	
0	1	0	-0	0	0	-26.4066	-13.3097	33.097	-86.1726	-33.097	0	-75	20	0	-66.0078	-37	0	0	0	0	0	0	0	0	0	0	0	0	0	0	
0	1	0	-0	0	0	-25.998	-13.2726	32.7255	-85.9807	-32.7255	0	-75	20	0	-65.7252	-37	0	0	0	0	0	0	0	0	0	0	0	0	0	0	
0	1	0	-0	0	0	-25.5851	-13.235	32.3501	-85.78	-32.3501	0	-74.9895	19.9988	0	-65.436	-36.9954	0	0	0	0	0	0	0	0	0	0	0	0	0	0	
0	1	0	-0	0	0	-25.1723	-13.1975	31.9748	-85.5792	-31.9748	0	-74.979	19.9975	0	-65.1469	-36.9908	0	0	0	0	0	0	0	0	0	0	0	0	0	0	
0	1	0	-0	0	0	-24.7556	-13.1596	31.596	-85.3697	-31.596	0	-74.9476	19.9938	0	-64.8515	-36.9772	0	0	0	0	0	0	0	0	0	0	0	0	0	0	
0	1	0	-0	0	0	-24.339	-13.1217	31.2173	-85.1601	-31.2173	0	-74.9161	19.9902	0	-64.5561	-36.9635	0	0	0	0	0	0	0	0	0	0	0	0	0	0	
0	1	0	-0	0	0	-23.919	-13.0835	30.8354	-84.9419	-30.8354	0	-74.8638	19.984	0	-64.2548	-36.9407	0	0	0	0	0	0	0	0	0	0	0	0	0	0	
0	1	0	-0	0	0	-23.4989	-13.0453	30.4536	-84.7238	-30.4536	0	-74.8114	19.9778	0	-63.9534	-36.9179	0	0	0	0	0	0	0	0	0	0	0	0	0	0	
0	1	0	-0	0	0	-23.076	-13.0069	30.0691	-84.4972	-30.0691	0	-74.7381	19.9692	0	-63.6464	-36.886	0	0	0	0	0	0	0	0	0	0	0	0	0	0	
0	1	0	-0	0	0	-22.653	-12.9684	29.6845	-84.2705	-29.6845	0	-74.6649	19.9606	0	-63.3395	-36.8541	0	0	0	0	0	0	0	0	0	0	0	0	0	0	
0	1	0	-0	0	0	-22.2275	-12.9298	29.2977	-84.0355	-29.2977	0	-74.5708	19.9495	0	-63.0271	-36.8132	0	0	0	0	0	0	0	0	0	0	0	0	0	0	
0	1	0	-0	0	0	-21.802	-12.8911	28.9109	-83.8006	-28.9109	0	-74.4768	19.9384	0	-62.7148	-36.7723	0	0	0	0	0	0	0	0	0	0	0	0	0	0	
0	1	0	-0	0	0	-21.3743	-12.8522	28.5221	-83.5575	-28.5221	0	-74.362	19.9249	0	-62.3974	-36.7223	0	0	0	0	0	0	0	0	0	0	0	0	0	0	
0	1	0	-0	0	0	-20.9466	-12.8133	28.1333	-83.3144	-28.1333	0	-74.2472	19.9114	0	-62.08	-36.6723	0	0	0	0	0	0	0	0	0	0	0	0	0	0	
0	1	0	-0	0	0	-20.5173	-12.7743	27.743	-83.0633	-27.743	0	-74.1118	19.8955	0	-61.7579	-36.6134	0	0	0	0	0	0	0	0	0	0	0	0	0	0	
0	1	0	-0	0	0	-20.088	-12.7352	27.3527	-82.8122	-27.3527	0	-73.9765	19.8796	0	-61.4359	-36.5545	0	0	0	0	0	0	0	0	0	0	0	0	0	0	
0	1	0	-0	0	0	-19.6574	-12.6961	26.9612	-82.5532	-26.9612	0	-73.8206	19.8612	0	-61.1093	-36.4866	0	0	0	0	0	0	0	0	0	0	0	0	0	0	
0	1	0	-0	0	0	-19.2267	-12.657	26.5698	-82.2943	-26.5698	0	-73.6648	19.8429	0	-60.7828	-36.4188	0	0	0	0	0	0	0	0	0	0	0	0	0	0	
0	1	0	-0	0	0	-18.7953	-12.6178	26.1775	-82.0278	-26.1775	0	-73.4886	19.8222	0	-60.4522	-36.3421	0	0	0	0	0	0	0	0	0	0	0	0	0	0	
0	1	0	-0	0	0	-18.3638	-12.5785	25.7853	-81.7612	-25.7853	0	-73.3125	19.8015	0	-60.1216	-36.2654	0	0	0	0	0	0	0	0	0	0	0	0	0	0	
0	1	0	-0	0	0	-17.9319	-12.5393	25.3926	-81.4872	-25.3926	0	-73.1162	19.7784	0	-59.7873	-36.18	0	0	0	0	0	0	0	0	0	0	0	0	0	0	
0	1	0	-0	0	0	-17.5	-12.5	25	-81.2132	-25	0	-72.9199	19.7553	0	-59.4529	-36.0946	0	0	0	0	0	0	0	0	0	0	0	0	0	0	
0	1	0	-0	0	0	-17.0681	-12.4607	24.6074	-80.9319	-24.6074	0	-72.7036	19.7299	0	-59.1151	-36.0004	0	0	0	0	0	0	0	0	0	0	0	0	0	0	
0	1	0	-0	0	0	-16.6362	-12.4215	24.2147	-80.6506	-24.2147	0	-72.4874	19.7044	0	-58.7773	-35.9063	0	0	0	0	0	0	0	0	0	0	0	0	0	0	
0	1	0	-0	0	0	-16.2048	-12.3822	23.8225	-80.3623	-23.8225	0	-72.2515	19.6767	0	-58.4364	-35.8036	0	0	0	0	0	0	0	0	0	0	0	0	0	0	
0	1	0	-0	0	0	-15.7733	-12.343	23.4302	-80.0739	-23.4302	0	-72.0155	19.6489	0	-58.0955	-35.7009	0	0	0	0	0	0	0	0	0	0	0	0	0	0	
0	1	0	-0	0	0	-15.3427	-12.3039	23.0388	-79.7787	-23.0388	0	-71.76	19.6188	0	-57.7519	-35.5897	0	0	0	0	0	0	0	0	0	0	0	0	0	0	
0	1	0	-0	0	0	-14.912	-12.2647	22.6473	-79.4835	-22.6473	0	-71.5046	19.5888	0	-57.4083	-35.4785	0	0	0	0	0	0	0	0	0	0	0	0	0	0	
0	1	0	-0	0	0	-14.4827	-12.2257	22.257	-79.1815	-22.257	0	-71.2299	19.5565	0	-57.0622	-35.3589	0	0	0	0	0	0	0	0	0	0	0	0	0	0	
0	1	0	-0	0	0	-14.0533	-12.1866	21.8666	-78.8796	-21.8666	0	-70.9552	19.5241	0	-56.7161	-35.2393	0	0	0	0	0	0	0	0	0	0	0	0	0	0	
0	1	0	-0	0	0	-13.6257	-12.1478	21.4779	-78.5712	-21.4779	0	-70.6615	19.4896	0	-56.3679	-35.1115	0	0	0	0	0	0	0	0	0	0	0	0	0	0	
0	1	0	-0	0	0	-13.1981	-12.1089	21.0891	-78.2628	-21.0891	0	-70.3678	19.455	0	-56.0198	-34.9836	0	0	0	0	0	0	0	0	0	0	0	0	0	0	
0	1	0	-0	0	0	-12.7725	-12.0702	20.7023	-77.9482	-20.7023	0	-70.0554	19.4183	0	-55.6699	-34.8476	0	0	0	0	0	0	0	0	0	0	0	0	0	0	
0	1	0	-0	0	0	-12.347	-12.0315	20.3155	-77.6335	-20.3155	0	-69.7431	19.3816	0	-55.32	-34.7117	0	0	0	0	0	0	0	0	0	0	0	0	0	0	
0	1	0	-0	0	0	-11.9241	-11.9931	19.931	-77.3129	-19.931	0	-69.4123	19.3426	0	-54.9687	-34.5677	0	0	0	0	0	0	0	0	0	0	0	0	0	0	
0	1	0	-0	0	0	-11.5011	-11.9546	19.5465	-76.9922	-19.5465	0	-69.0815	19.3037	0	-54.6174	-34.4237	0	0	0	0	0	0	0	0	0	0	0	0	0	0	
0	1	0	-0	0	0	-11.0811	-11.9165	19.1646	-76.6657	-19.1646	0	-68.7327	19.2627	0	-54.2651	-34.2719	0	0	0	0	0	0	0	0	0	0	0	0	0	0	
0	1	0	-0	0	0	-10.661	-11.8783	18.7828	-76.3392	-18.7828	0	-68.3839	19.2216	0	-53.9128	-34.1201	0	0	0	0	0	0	0	0	0	0	0	0	0	0	
0	1	0	-0	0	0	-10.2444	-11.8404	18.404	-76.0071	-18.404	0	-68.0174	19.1785	0	-53.5598	-33.9606	0	0	0	0	0	0	0	0	0	0	0	0	0	0	
0	1	0	-0	0	0	-9.82777	-11.8025	18.0253	-75.6749	-18.0253	0	-67.6509	19.1354	0	-53.2068	-33.801	0	0	0	0	0	0	0	0	0	0	0	0	0	0	
0	1	0	-0	0	0	-9.4149	-11.765	17.6499	-75.3375	-17.6499	0	-67.267	19.0902	0	-52.8534	-33.6339	0	0	0	0	0	0	0	0	0	0	0	0	0	0	
0	1	0	-0	0	0	-9.00203	-11.7275	17.2746	-75	-17.2746	0	-66.8832	19.0451	0	-52.5	-33.4668	0	0	0	0	0	0	0	0	0	0	0	0	0	0	
0	1	0	-0	0	0	-8.59336	-11.6903	16.9031	-74.6574	-16.9031	0	-66.4824	18.9979	0	-52.1466	-33.2923	0	0	0	0	0	0	0	0	0	0	0	0	0	0	
0	1	0	-0	0	0	-8.1847	-11.6532	16.5316	-74.3147	-16.5316	0	-66.0816	18.9508	0	-51.7933	-33.1179	0	0	0	0	0	0	0	0	0	0	0	0	0	0	
0	1	0	-0	0	0	-7.78065	-11.6164	16.1642	-73.9672	-16.1642	0	-65.6642	18.9016	0	-51.4402	-32.9362	0	0	0	0	0	0	0	0	0	0	0	0	0	0	
0	1	0	-0	0	0	-7.3766	-11.5797	15.7969	-73.6197	-15.7969	0	-65.2468	18.8525	0	-51.0872	-32.7545	0	0	0	0	0	0	0	0	0	0	0	0	0	0	
0	1	0	-0	0	0	-6.97754	-11.5434	15.4341	-73.2676	-15.4341	0	-64.8133	18.8016	0	-50.7349	-32.5658	0	0	0	0	0	0	0	0	0	0	0	0	0	0	
0	1	0	-0	0	0	-6.57847	-11.5071	15.0713	-72.9154	-15.0713	0	-64.3797	18.7506	0	-50.3826	-32.377	0	0	0	0	0	0	0	0	0	0	0	0	0	0	
0	1	0	-0	0	0	-6.18476	-11.4713	14.7134	-72.5587	-14.7134	0	-63.9304	18.6977	0	-50.0313	-32.1815	0	0	0	0	0	0	0	0	0	0	0	0	0	0	
0	1	0	-0	0	0	-5.79106	-11.4356	14.3555	-72.2021	-14.3555	0	-63.4811	18.6448	0	-49.68	-31.9859	0	0	0	0	0	0	0	0	0	0	0	0	0	0	
0	1	0	-0	0	0	-5.40316	-11.4003	14.0029	-71.8413	-14.0029	0	-63.0166	18.5902	0	-49.3301	-31.7837	0	0	0	0	0	0	0	0	0	0	0	0	0	0	
0	1	0	-0	0	0	-5.01527	-11.365	13.6503	-71.4805	-13.6503	0	-62.552	18.5355	0	-48.9802	-31.5815	0	0	0	0	0	0	0	0	0	0	0	0	0	0	
0	1	0	-0	0	0	-4.63354	-11.3303	13.3032	-71.1158	-13.3032	0	-62.0726	18.4791	0	-48.6321	-31.3728	0	0	0	0	0	0	0	0	0	0	0	0	0	0	
0	1	0	-0	0	0	-4.25181	-11.2956	12.9562	-70.7511	-12.9562	0	-61.5932	18.4227	0	-48.284	-31.1641	0	0	0	0	0	0	0	0	0	0	0	0	0	0	
0	1	0	-0	0	0	-3.87658	-11.2615	12.6151	-70.3827	-12.6151	0	-61.0995	18.3646	0	-47.9379	-30.9492	0	0	0	0	0	0	0	0	0	0	0	0	0	0	
0	1	0	-0	0	0	-3.50135	-11.2274	12.274	-70.0142	-12.274	0	-60.6058	18.3066	0	-47.5918	-30.7343	0	0	0	0	0	0	0	0	0	0	0	0	0	0	
0	1	0	-0	0	0	-3.13305	-11.1939	11.9392	-69.6424	-11.9392	0	-60.0981	18.2468	0	-47.2481	-30.5133	0	0	0	0	0	0	0	0	0	0	0	0	0	0	
0	1	0	-0	0	0	-2.76475	-11.1604	11.6043	-69.2705	-11.6043	0	-59.5905	18.1871	0	-46.9045	-30.2923	0	0	0	0	0	0	0	0	0	0	0	0	0	0	
0	1	0	-0	0	0	-2.40373	-11.1276	11.2761	-68.8955	-11.2761	0	-59.0695	18.1258	0	-46.5636	-30.0656	0	0	0	0	0	0	0	0	0	0	0	0	0	0	
0	1	0	-0	0	0	-2.04271	-11.0948	10.9479	-68.5205	-10.9479	0	-58.5486	18.0646	0	-46.2227	-29.8388	0	0	0	0	0	0	0	0	0	0	0	0	0	0	
0	1	0	-0	0	0	-1.68931	-11.0627	10.6266	-68.1425	-10.6266	0	-58.0147	18.0017	0	-45.8849	-29.6064	0	0	0	0	0	0	0	0	0	0	0	0	0	0	
0	1	0	-0	0	0	-1.33591	-11.0305	10.3054	-67.7646	-10.3054	0	-57.4809	17.9389	0	-45.5471	-29.3741	0	0	0	0	0	0	0	0	0	0	0	0	0	0	
0	1	0	-0	0	0	-0.990501	-10.9991	9.99135	-67.384	-9.99135	0	-56.9347	17.8747	0	-45.2128	-29.1363	0	0	0	0	0	0	0	0	0	0	0	0	0	0	
0	1	0	-0	0	0	-0.645093	-10.9677	9.67731	-67.0033	-9.67731	0	-56.3886	17.8104	0	-44.8784	-28.8986	0	0	0	0	0	0	0	0	0	0	0	0	0	0	
0	1	0	-0	0	0	-0.307965	-10.9371	9.37087	-66.6204	-9.37087	0	-55.8306	17.7448	0	-44.5478	-28.6557	0	0	0	0	0	0	0	0	0	0	0	0	0	0	
0	1	0	-0	0	0	0.0291636	-10.9064	9.06442	-66.2374	-9.06442	0	-55.2727	17.6791	0	-44.2172	-28.4128	0	0	0	0	0	0	0	0	0	0	0	0	0	0	
0	1	0	-0	0	0	0.357612	-10.8766	8.76582	-65.8522	-8.76582	0	-54.7035	17.6122	0	-43.8907	-28.165	0	0	0	0	0	0	0	0	0	0	0	0	0	0	
0	1	0	-0	0	0	0.68606	-10.8467	8.46723	-65.4671	-8.46723	0	-54.1343	17.5452	0	-43.5642	-27.9173	0	0	0	0	0	0	0	0	0	0	0	0	0	0	
0	1	0	-0	0	0	1.00554	-10.8177	8.17677	-65.0801	-8.17677	0	-53.5544	17.477	0	-43.2421	-27.6648	0	0	0	0	0	0	0	0	0	0	0	0	0	0	
0	1	0	-0	0	0	1.32502	-10.7886	7.88631	-64.6931	-7.88631	0	-52.9745	17.4087	0	-42.92	-27.4124	0	0	0	0	0	0	0	0	0	0	0	0	0	0	
0	1	0	-0	0	0	1.63522	-10.7604	7.60432	-64.3044	-7.60432	0	-52.3846	17.3394	0	-42.6026	-27.1556	0	0	0	0	0	0	0	0	0	0	0	0	0	0	
0	1	0	-0	0	0	1.94542	-10.7322	7.32234	-63.9158	-7.32234	0	-51.7946	17.27	0	-42.2852	-26.8988	0	0	0	0	0	0	0	0	0	0	0	0	0	0	
0	1	0	-0	0	0	2.24602	-10.7049	7.04907	-63.5258	-7.04907	0	-51.1951	17.1994	0	-41.9729	-26.6379	0	0	0	0	0	0	0	0	0	0	0	0	0	0	
0	1	0	-0	0	0	2.54663	-10.6776	6.7758	-63.1359	-6.7758	0	-50.5956	17.1289	0	-41.6606	-26.3769	0	0	0	0	0	0	0	0	0	0	0	0	0	0	
0	1	0	-0	0	0	2.83734	-10.6511	6.51152	-62.7448	-6.51152	0	-49.9872	17.0573	0	-41.3536	-26.1121	0	0	0	0	0	0	0	0	0	0	0	0	0	0	
0	1	0	-0	0	0	3.12806	-10.6247	6.24725	-62.3538	-6.24725	0	-49.3788	16.9857	0	-41.0466	-25.8472	0	0	0	0	0	0	0	0	0	0	0	0	0	0	
0	1	0	-0	0	0	3.40858	-10.5992	5.99222	-61.9619	-5.99222	0	-48.7621	16.9132	0	-40.7452	-25.5788	0	0	0	0	0	0	0	0	0	0	0	0	0	0	
0	1	0	-0	0	0	3.6891	-10.5737	5.7372	-61.5701	-5.7372	0	-48.1453	16.8406	0	-40.4439	-25.3103	0	0	0	0	0	0	0	0	0	0	0	0	0	0	
0	1	0	-0	0	0	3.95917	-10.5492	5.49166	-61.1777	-5.49166	0	-47.5208	16.7672	0	-40.1485	-25.0385	0	0	0	0	0	0	0	0	0	0	0	0	0	0	
0	1	0	-0	0	0	4.22923	-10.5246	5.24612	-60.7853	-5.24612	0	-46.8964	16.6937	0	-39.8531	-24.7667	0	0	0	0	0	0	0	0	0	0	0	0	0	0	
0	1	0	-0	0	0	4.48861	-10.501	5.01034	-60.3927	-5.01034	0	-46.2648	16.6194	0	-39.564	-24.4917	0	0	0	0	0	0	0	0	0	0	0	0	0	0	
0	1	0	-0	0	0	4.74799	-10.4775	4.77457	-60	-4.77457	0	-45.6332	16.5451	0	-39.2748	-24.2168	0	0	0	0	0	0	0	0	0	0	0	0	0	0	
0	1	0	-0	0	0	4.99634	-10.4549	4.54877	-59.6074	-4.54877	0	-44.9952	16.47	0	-38.9922	-23.9391	0	0	0	0	0	0	0	0	0	0	0	0	0	0	
0	1	0	-0	0	0	5.24468	-10.4323	4.32297	-59.2147	-4.32297	0	-44.3571	16.395	0	-38.7096	-23.6613	0	0	0	0	0	0	0	0	0	0	0	0	0	0	
0	1	0	-0	0	0	5.48186	-10.4107	4.10739	-58.8223	-4.10739	0	-43.7132	16.3192	0	-38.4338	-23.381	0	0	0	0	0	0	0	0	0	0	0	0	0	0	
0	1	0	-0	0	0	5.71904	-10.3892	3.89182	-58.4299	-3.89182	0	-43.0694	16.2435	0	-38.158	-23.1007	0	0	0	0	0	0	0	0	0	0	0	0	0	0	
0	1	0	-0	0	0	5.94472	-10.3686	3.68664	-58.0381	-3.68664	0	-42.4202	16.1671	0	-37.8892	-22.8182	0	0	0	0	0	0	0	0	0	0	0	0	0	0	
0	1	0	-0	0	0	6.17041	-10.3481	3.48146	-57.6463	-3.48146	0	-41.7711	16.0907	0	-37.6205	-22.5356	0	0	0	0	0	0	0	0	0	0	0	0	0	0	
0	1	0	-0	0	0	6.38441	-10.3287	3.28692	-57.2552	-3.28692	0	-41.1174	16.0138	0	-37.3591	-22.2511	0	0	0	0	0	0	0	0	0	0	0	0	0	0	
0	1	0	-0	0	0	6.59841	-10.3092	3.09237	-56.8642	-3.09237	0	-40.4637	15.9369	0	-37.0977	-21.9666	0	0	0	0	0	0	0	0	0	0	0	0	0	0	
0	1	0	-0	0	0	6.80055	-10.2909	2.90859	-56.4742	-2.90859	0	-39.8061	15.8596	0	-36.8439	-21.6803	0	0	0	0	0	0	0	0	0	0	0	0	0	0	
0	1	0	-0	0	0	7.00269	-10.2725	2.72482	-56.0842	-2.72482	0	-39.1485	15.7822	0	-36.5901	-21.394	0	0	0	0	0	0	0	0	0	0	0	0	0	0	
0	1	0	-0	0	0	7.19271	-10.2552	2.55207	-55.6956	-2.55207	0	-38.4876	15.7044	0	-36.3442	-21.1063	0	0	0	0	0	0	0	0	0	0	0	0	0	0	
0	1	0	-0	0	0	7.38273	-10.238	2.37932	-55.307	-2.37932	0	-37.8267	15.6267	0	-36.0982	-20.8187	0	0	0	0	0	0	0	0	0	0	0	0	0	0	
0	1	0	-0	0	0	7.56049	-10.2218	2.21772	-54.92	-2.21772	0	-37.1631	15.5486	0	-35.8604	-20.5298	0	0	0	0	0	0	0	0	0	0	0	0	0	0	
0	1	0	-0	0	0	7.73825	-10.2056	2.05612	-54.5329	-2.05612	0	-36.4996	15.4705	0	-35.6225	-20.241	0	0	0	0	0	0	0	0	0	0	0	0	0	0	
0	1	0	-0	0	0	7.90355	-10.1906	1.90586	-54.1478	-1.90586	0	-35.8341	15.3923	0	-35.393	-19.9513	0	0	0	0	0	0	0	0	0	0	0	0	0	0	
0	1	0	-0	0	0	8.06885	-10.1756	1.7556	-53.7626	-1.7556	0	-35.1686	15.314	0	-35.1635	-19.6616	0	0	0	0	0	0	0	0	0	0	0	0	0	0	
0	1	0	-0	0	0	8.22154	-10.1617	1.6168	-53.3796	-1.6168	0	-34.5018	15.2355	0	-34.9425	-19.3714	0	0	0	0	0	0	0	0	0	0	0	0	0	0	
0	1	0	-0	0	0	8.37424	-10.1478	1.478	-52.9966	-1.478	0	-33.835	15.1571	0	-34.7215	-19.0811	0	0	0	0	0	0	0	0	0	0	0	0	0	0	
0	1	0	-0	0	0	8.51415	-10.1351	1.35081	-52.616	-1.35081	0	-33.1675	15.0785	0	-34.5093	-18.7906	0	0	0	0	0	0	0	0	0	0	0	0	0	0	
0	1	0	-0	0	0	8.65407	-10.1223	1.22361	-52.2354	-1.22361	0	-32.5	15	0	-34.2971	-18.5	0	0	0	0	0	0	0	0	0	0	0	0	0	0	
0	1	0	-0	0	0	8.78107	-10.1108	1.10813	-51.8575	-1.10813	0	-31.8325	14.9215	0	-34.0939	-18.2095	0	0	0	0	0	0	0	0	0	0	0	0	0	0	
0	1	0	-0	0	0	8.90806	-10.0992	0.992649	-51.4796	-0.992649	0	-31.1651	14.8429	0	-33.8907	-17.9189	0	0	0	0	0	0	0	0	0	0	0	0	0	0	
0	1	0	-0	0	0	9.02205	-10.0889	0.88903	-51.1045	-0.88903	0	-30.4982	14.7645	0	-33.6967	-17.6287	0	0	0	0	0	0	0	0	0	0	0	0	0	0	
0	1	0	-0	0	0	9.13604	-10.0786	0.785411	-50.7295	-0.785411	0	-29.8314	14.6861	0	-33.5026	-17.3384	0	0	0	0	0	0	0	0	0	0	0	0	0	0	
0	1	0	-0	0	0	9.23688	-10.0694	0.693737	-50.3577	-0.693737	0	-29.1659	14.6078	0	-33.318	-17.0487	0	0	0	0	0	0	0	0	0	0	0	0	0	0	
0	1	0	-0	0	0	9.33772	-10.0602	0.602064	-49.9858	-0.602064	0	-28.5004	14.5295	0	-33.1333	-16.759	0	0	0	0	0	0	0	0	0	0	0	0	0	0	
0	1	0	-0	0	0	9.4253	-10.0523	0.522452	-49.6174	-0.522452	0	-27.8369	14.4514	0	-32.9582	-16.4702	0	0	0	0	0	0	0	0	0	0	0	0	0	0	
0	1	0	-0	0	0	9.51288	-10.0443	0.442839	-49.249	-0.442839	0	-27.1733	14.3733	0	-32.7831	-16.1814	0	0	0	0	0	0	0	0	0	0	0	0	0	0	
0	1	0	-0	0	0	9.58716	-10.0375	0.375316	-48.8842	-0.375316	0	-26.5124	14.2956	0	-32.6177	-15.8937	0	0	0	0	0	0	0	0	0	0	0	0	0	0	
0	1	0	-0	0	0	9.66144	-10.0308	0.307793	-48.5195	-0.307793	0	-25.8516	14.2178	0	-32.4523	-15.606	0	0	0	0	0	0	0	0	0	0	0	0	0	0	
0	1	0	-0	0	0	9.72229	-10.0252	0.252474	-48.1587	-0.252474	0	-25.1939	14.1405	0	-32.2969	-15.3197	0	0	0	0	0	0	0	0	0	0	-63.5	63.5	63.5	63.5	
0	1	0	-0	0	0	9.78314	-10.0197	0.197155	-47.7979	-0.197155	0	-24.5363	14.0631	0	-32.1414	-15.0334	0	0	0	0	0	0	0	0	0	0	-127	127	127	127	
0	1	0	-0	0	0	9.83055	-10.0154	0.15404	-47.4413	-0.15404	0	-23.8826	13.9862	0	-31.996	-14.7489	0	0	0	0	0	0	0	0	0	0	-127	127	127	127	
0	1	0	-0	0	0	9.87796	-10.0111	0.110925	-47.0847	-0.110925	0	-23.2289	13.9093	0	-31.8506	-14.4644	0	0	0	0	0	0	0	0	0	0	-127	127	127	127	
0	1	0	-0	0	0	9.91185	-10.008	0.0801281	-46.7325	-0.0801281	0	-22.5798	13.8329	0	-31.7153	-14.1818	0	0	0	0	0	0	0	0	0	0	-127	127	127	127	
0	1	0	-0	0	0	9.94575	-10.0049	0.0493317	-46.3803	-0.0493317	0	-21.9307	13.7565	0	-31.5801	-13.8993	0	0	0	0	0	0	0	0	0	0	-127	127	127	127	
0	1	0	-0	0	0	9.96609	-10.0031	0.0308251	-46.0328	-0.0308251	0	-21.2868	13.6808	0	-31.4551	-13.619	0	0	0	0	0	0	0	0	0	0	-127	127	127	127	
0	1	0	-0	0	0	9.98643	-10.0012	0.0123186	-45.6852	-0.0123186	0	-20.6429	13.6051	0	-31.3302	-13.3387	0	0	0	0	0	0	0	0	0	0	-127	127	127	127	
0	1	0	-0	0	0	9.99321	-10.0006	0.0061593	-45.3426	-0.0061593	0	-20.0048	13.53	0	-31.2157	-13.0609	0	0	0	0	-63.5	-63.5	-63.5	-63.5	-63.5	0	-127	127	127	127	
0	1	0	-0	0	0	10	-10	0	-45	0	0	-19.3668	13.4549	0	-31.1012	-12.7832	0	0	0	0	-127	-127	-127	-127	-127	0	-127	127	127	127	
0	1	0	-0	0	0	10	-10	0	-44.6625	0	0	-18.7352	13.3806	0	-30.9973	-12.5083	0	0	0	0	-127	-127	-127	-127	-127	0	-127	127	127	127	
0	1	0	-0	0	0	10	-10	0	-44.325	0	0	-18.1036	13.3063	0	-30.8934	-12.2333	0	0	0	0	-127	-127	-127	-127	-127	0	-127	127	127	127	
0	1	0	-0	0	0	10	-10	0	-43.9929	0	0	-17.4792	13.2328	0	-30.8001	-11.9615	0	0	0	0	-127	-127	-127	-127	-127	0	-127	127	127	127	
0	1	0	-0	0	0	10	-10	0	-43.6608	0	0	-16.8547	13.1594	0	-30.7069	-11.6897	0	0	0	0	-127	-127	-127	-127	-127	0	-127	127	127	127	
0	1	0	-0	0	0	10	-10	0	-43.3343	0	0	-16.238	13.0868	0	-30.6244	-11.4213	0	0	0	0	-127	-127	-127	-127	-127	0	-127	127	127	127	
0	1	0	-0	0	0	10	-10	0	-43.0078	0	0	-15.6212	13.0143	0	-30.5419	-11.1528	0	0	0	0	-127	-127	-127	-127	-127	0	-127	127	127	127	
0	1	0	-0	0	0	10	-10	0	-42.6871	0	0	-15.0128	12.9427	0	-30.4702	-10.8879	0	0	0	0	-127	-127	-127	-127	-127	0	-127	127	127	127	
0	1	0	-0	0	0	10	-10	0	-42.3664	0	0	-14.4044	12.8711	0	-30.3986	-10.6231	0	0	0	0	-127	-127	-127	-127	-127	0	-127	127	127	127	
0	1	0	-0	0	0	10	-10	0	-42.0518	0	0	-13.8049	12.8006	0	-30.3378	-10.3621	0	0	0	0	-127	-127	-127	-127	-127	0	-127	127	127	127	
0	1	0	-0	0	0	10	-10	0	-41.7372	0	0	-13.2054	12.73	0	-30.277	-10.1012	0	0	0	0	-127	-127	-127	-127	-127	0	-127	127	127	127	
0	1	0	-0	0	0	10	-10	0	-41.4288	0	0	-12.6154	12.6606	0	-30.2272	-9.84439	0	0	0	0	-127	-127	-127	-127	-127	0	-127	127	127	127	
0	1	0	-0	0	0	10	-10	0	-41.1204	0	0	-12.0255	12.5912	0	-30.1774	-9.58759	0	0	0	0	-127	-127	-127	-127	-127	0	-127	127	127	127	
0	1	0	-0	0	0	10	-10	0	-40.8185	0	0	-11.4456	12.523	0	-30.1386	-9.33517	0	0	0	0	-127	-127	-127	-127	-127	0	-127	127	127	127	
0	1	0	-0	0	0	10	-10	0	-40.5166	0	0	-10.8657	12.4548	0	-30.0999	-9.08276	0	0	0	0	-127	-127	-127	-127	-127	0	-127	127	127	127	
0	1	0	-0	0	0	10	-10	0	-40.2214	0	0	-10.2966	12.3878	0	-30.0721	-8.83498	0	0	0	0	-127	-127	-127	-127	-127	63.5	-127	127	127	127	
0	1	0	-0	0	0	10	-10	0	-39.9261	0	0	-9.72739	12.3209	0	-30.0444	-8.5872	0	0	0	0	-127	-127	-127	-127	-127	127	-127	127	127	127	
0	1	0	-0	0	0	10	-10	0	-39.6377	0	0	-9.16944	12.2552	0	-30.0278	-8.34433	0	0	0	0	-127	-127	-127	-127	-127	127	-127	127	127	127	
0	1	0	-0	0	0	10	-10	0	-39.3494	0	0	-8.6115	12.1896	0	-30.0111	-8.10145	0	0	0	0	-127	-127	-127	-127	-127	127	-127	127	127	127	
0	1	0	-0	0	0	10	-10	0	-39.0681	0	0	-8.06533	12.1253	0	-30.0056	-7.8637	0	0	0	0	-127	-127	-127	-127	-127	127	-127	127	127	127	
0	1	0	-0	0	0	10	-10	0	-38.7868	0	0	-7.51915	12.061	0	-30	-7.62595	0	0	0	0	-127	-127	-127	-127	-127	127	-127	127	127	127	
0	1	0	-0	0	0	10	-10	0	-38.5128	0	0	-6.9853	11.9983	0	-30	-7.39359	0	0	0	0	-127	-127	-127	-127	-127	127	-127	127	127	127	
0	1	0	-0	0	0	10	-10	0	-38.2388	0	0	-6.45145	11.9355	0	-30	-7.16123	0	0	0	0	-127	-127	-127	-127	-127	127	-127	127	127	127	
0	1	0	-0	0	0	10	-10	0	-37.9722	0	0	-5.93046	11.8742	0	-30	-6.93445	0	0	0	0	-127	-127	-127	-127	-127	127	-127	127	127	127	
0	1	0	-0	0	0	10	-10	0	-37.7057	0	0	-5.40947	11.8129	0	-30	-6.70767	0	0	0	0	-127	-127	-127	-127	-127	127	-127	127	127	127	
0	1	0	-0	0	0	10	-10	0	-37.4467	0	0	-4.90185	11.7532	0	-30	-6.48671	0	0	0	0	-127	-127	-127	-127	-127	127	-127	127	127	127	
0	1	0	-0	0	0	10	-10	0	-37.1878	0	0	-4.39424	11.6934	0	-30	-6.26575	0	0	0	0	-127	-127	-127	-127	-127	127	-127	127	127	127	
0	1	0	-0	0	0	10	-10	0	-36.9367	0	0	-3.9005	11.6353	0	-30	-6.05081	0	0	0	0	-127	-127	-127	-127	-127	127	-127	127	127	127	
0	1	0	-0	0	0	10	-10	0	-36.6856	0	0	-3.40675	11.5772	0	-30	-5.83586	0	0	0	0	-127	-127	-127	-127	-127	127	-127	127	127	127	
0	1	0	-0	0	0	10	-10	0	-36.4425	0	0	-2.92736	11.5209	0	-30	-5.62719	0	0	0	0	-127	-127	-127	-127	-127	127	-127	127	127	127	
0	1	0	-0	0	0	10	-10	0	-36.1994	0	0	-2.44796	11.4645	0	-30	-5.41852	0	0	0	0	-127	-127	-127	-127	-127	127	-127	127	127	127	
0	1	0	-0	0	0	10	-10	0	-35.9644	0	0	-1.98341	11.4098	0	-30	-5.21629	0	0	0	0	-127	-127	-127	-127	-127	127	-127	127	127	127	
0	1	0	-0	0	0	10	-10	0	-35.7295	0	0	-1.51885	11.3552	0	-30	-5.01407	0	0	0	0	-127	-127	-127	-127	-127	127	-127	127	127	127	
0	1	0	-0	0	0	10	-10	0	-35.5028	0	0	-1.06957	11.3023	0	-30	-4.81852	0	0	0	0	-127	-127	-127	-127	-127	127	-127	127	127	127	
0	1	0	-0	0	0	10	-10	0	-35.2762	0	0	-0.620284	11.2495	0	-30	-4.62297	0	0	0	0	-127	-127	-127	-127	-127	127	-127	127	127	127	
0	1	0	-0	0	0	10	-10	0	-35.0581	0	0	-0.186756	11.1984	0	-30	-4.43423	0	0	0	0	-127	-127	-127	-127	-127	127	-127	127	127	127	
0	1	0	-0	0	0	10	-10	0	-34.8399	0	0	0.246773	11.1474	0	-30	-4.2455	0	0	0	0	-127	-127	-127	-127	-127	127	-127	127	127	127	
0	1	0	-0	0	0	10	-10	0	-34.6303	0	0	0.664173	11.0983	0	-30	-4.06382	0	0	0	0	-127	-127	-127	-127	-127	127	-127	127	127	127	
0	1	0	-0	0	0	10	-10	0	-34.4208	0	0	1.08157	11.0492	0	-30	-3.88213	0	0	0	0	-127	-127	-127	-127	-127	127	-127	127	127	127	
0	1	0	-0	0	0	10	-10	0	-34.22	0	0	1.48239	11.0021	0	-30	-3.70767	0	0	0	0	-127	-127	-127	-127	-127	127	-127	127	127	127	
0	1	0	-0	0	0	10	-10	0	-34.0193	0	0	1.8832	10.9549	0	-30	-3.5332	0	0	0	0	-127	-127	-127	-127	-127	127	-127	127	127	127	
0	1	0	-0	0	0	10	-10	0	-33.8274	0	0	2.26705	10.9097	0	-30	-3.3661	0	0	0	0	-127	-127	-127	-127	-127	127	-127	127	127	127	
0	1	0	-0	0	0	10	-10	0	-33.6355	0	0	2.6509	10.8646	0	-30	-3.199	0	0	0	0	-127	-127	-127	-127	-127	127	-127	127	127	127	
0	1	0	-0	0	0	10	-10	0	-33.4527	0	0	3.01742	10.8215	0	-30	-3.03946	0	0	0	0	-127	-127	-127	-127	-127	127	-127	127	127	127	
0	1	0	-0	0	0	10	-10	0	-33.2698	0	0	3.38395	10.7784	0	-30	-2.87992	0	0	0	0	-127	-127	-127	-127	-127	127	-127	127	127	127	
0	1	0	-0	0	0	10	-10	0	-33.0961	0	0	3.73273	10.7373	0	-30	-2.72811	0	0	0	0	-127	-127	-127	-127	-127	127	-127	127	127	127	
0	1	0	-0	0	0	10	-10	0	-32.9224	0	0	4.08152	10.6963	0	-30	-2.5763	0	0	0	0	-127	-127	-127	-127	-127	127	-127	127	127	127	
0	1	0	-0	0	0	10	-10	0	-32.758	0	0	4.41226	10.6574	0	-30	-2.43232	0	0	0	0	-127	-127	-127	-127	-127	127	-127	127	127	127	
0	1	0	-0	0	0	10	-10	0	-32.5936	0	0	4.743	10.6185	0	-30	-2.28834	0	0	0	0	-127	-127	-127	-127	-127	127	-127	127	127	127	
0	1	0	-0	0	0	10	-10	0	-32.4386	0	0	5.05538	10.5817	0	-30	-2.15237	0	0	0	0	-127	-127	-127	-127	-127	127	-127	127	127	127	
0	1	0	-0	0	0	10	-10	0	-32.2837	0	0	5.36776	10.5449	0	-30	-2.01641	0	0	0	0	-127	-127	-127	-127	-127	127	-127	127	127	127	
0	1	0	-0	0	0	10	-10	0	-32.1381	0	0	5.66145	10.5104	0	-30	-1.88855	0	0	0	0	-127	-127	-127	-127	-127	127	-127	127	127	127	
0	1	0	-0	0	0	10	-10	0	-31.9926	0	0	5.95515	10.4758	0	-30	-1.7607	0	0	0	0	-127	-127	-127	-127	-127	127	-127	127	127	127	
0	1	0	-0	0	0	10	-10	0	-31.8567	0	0	6.22986	10.4435	0	-30	-1.64112	0	0	0	0	-127	-127	-127	-127	-127	127	-127	127	127	127	
0	1	0	-0	0	0	10	-10	0	-31.7208	0	0	6.50456	10.4112	0	-30	-1.52155	0	0	0	0	-127	-127	-127	-127	-127	127	-127	127	127	127	
0	1	0	-0	0	0	10	-10	0	-31.5946	0	0	6.76001	10.3812	0	-30	-1.41034	0	0	0	0	-127	-127	-127	-127	-127	127	-127	127	127	127	
0	1	0	-0	0	0	10	-10	0	-31.4683	0	0	7.01547	10.3511	0	-30	-1.29912	0	0	0	0	-127	-127	-127	-127	-127	127	-127	127	127	127	
0	1	0	-0	0	0	10	-10	0	-31.3519	0	0	7.25144	10.3234	0	-30	-1.19642	0	0	0	0	-127	-127	-127	-127	-127	127	-127	127	127	127	
0	1	0	-0	0	0	10	-10	0	-31.2354	0	0	7.48741	10.2956	0	-30	-1.09372	0	0	0	0	-127	-127	-127	-127	-127	127	-127	127	127	127	
0	1	0	-0	0	0	10	-10	0	-31.1288	0	0	7.70365	10.2702	0	-30	-0.999582	0	0	0	0	-127	-127	-127	-127	-127	127	-127	127	127	127	
0	1	0	-0	0	0	10	-10	0	-31.0222	0	0	7.91988	10.2447	0	-30	-0.905445	0	0	0	0	-127	-127	-127	-127	-127	127	-127	127	127	127	
0	1	0	-0	0	0	10	-10	0	-30.9256	0	0	8.11618	10.2216	0	-30	-0.820017	0	0	0	0	-63.5	-63.5	-63.5	-63.5	-63.5	63.5	-63.5	63.5	63.5	63.5	
0	1	0	-0	0	0	10	-10	0	-30.8289	0	0	8.31247	10.1985	0	-30	-0.734589	0	0	0	0	0	0	0	0	0	0	0	0	0	0	
0	1	0	-0	0	0	10	-10	0	-30.7423	0	0	8.48863	10.1778	0	-30	-0.657899	0	0	0	0	0	0	0	0	0	0	0	0	0	0	
0	1	0	-0	0	0	10	-10	0	-30.6556	0	0	8.66478	10.1571	0	-30	-0.581208	0	0	0	0	0	0	0	0	0	0	0	0	0	0	
0	1	0	-0	0	0	10	-10	0	-30.579	0	0	8.82063	10.1388	0	-30	-0.51337	0	0	0	0	0	0	0	0	0	0	0	0	0	0	
0	1	0	-0	0	0	10	-10	0	-30.5024	0	0	8.97647	10.1204	0	-30	-0.445532	0	0	0	0	0	0	0	0	0	0	0	0	0	0	
0	1	0	-0	0	0	10	-10	0	-30.4359	0	0	9.11183	10.1045	0	-30	-0.386603	0	0	0	0	0	0	0	0	0	0	0	0	0	0	
0	1	0	-0	0	0	10	-10	0	-30.3693	0	0	9.2472	10.0886	0	-30	-0.327675	0	0	0	0	0	0	0	0	0	0	0	0	0	0	
0	1	0	-0	0	0	10	-10	0	-30.313	0	0	9.36199	10.0751	0	-30	-0.277713	0	0	0	0	0	0	0	0	0	0	0	0	0	0	
0	1	0	-0	0	0	10	-10	0	-30.2566	0	0	9.47678	10.0615	0	-30	-0.227751	0	0	0	0	0	0	0	0	0	0	0	0	0	0	
0	1	0	-0	0	0	10	-10	0	-30.2105	0	0	9.57083	10.0505	0	-30	-0.186813	0	0	0	0	0	0	0	0	0	0	0	0	0	0	
0	1	0	-0	0	0	10	-10	0	-30.1643	0	0	9.66488	10.0394	0	-30	-0.145875	0	0	0	0	0	0	0	0	0	0	0	0	0	0	
0	1	0	-0	0	0	10	-10	0	-30.1284	0	0	9.73813	10.0308	0	-30	-0.11399	0	0	0	0	0	0	0	0	0	0	0	0	0	0	
0	1	0	-0	0	0	10	-10	0	-30.0925	0	0	9.81139	10.0222	0	-30	-0.0821049	0	0	0	0	0	0	0	0	0	0	0	0	0	0	
0	1	0	-0	0	0	10	-10	0	-30.0668	0	0	9.86375	10.016	0	-30	-0.0593011	0	0	0	0	0	0	0	0	0	0	0	0	0	0	
0	1	0	-0	0	0	10	-10	0	-30.0411	0	0	9.91612	10.0099	0	-30	-0.0364974	0	0	0	0	0	0	0	0	0	0	0	0	0	0	
0	1	0	-0	0	0	10	-10	0	-30.0257	0	0	9.94758	10.0062	0	-30	-0.0228037	0	0	0	0	0	0	0	0	0	0	0	0	0	0	
0	1	0	-0	0	0	10	-10	0	-30.0103	0	0	9.97903	10.0025	0	-30	-0.00911003	0	0	0	0	0	0	0	0	0	0	0	0	0	0	
0	1	0	-0	0	0	10	-10	0	-30.0051	0	0	9.98952	10.0012	0	-30	-0.00455501	0	0	0	0	0	0	0	0	0	0	0	0	0	0	
0	1	0	-0	0	0	10	-10	0	-30	0	0	10	10	0	-30	0	0	0	0	0	0	0	0	0	0	0	0	0	0	0	
0	1	0	-0	0	0	10	-10	0	-30	0	0	10	10	0	-30	0	0	0	0	0	0	0	0	0	0	0	0	0	0	0	
0	1	0	-0	0	0	10	-10	0	-30	0	0	10	10	0	-30	0	0	0	0	0	0	0	0	0	0	0	0	0	0	0	
0	1	0	-0	0	0	10	-10	0	-30	0	0	10	10	0	-30	0	0	0	0	0	0	0	0	0	0	0	0	0	0	0	
0	1	0	-0	0	0	10	-10	0	-30	0	0	10	10	0	-30	0	0	0	0	0	0	0	0	0	0	0	0	0	0	0	
0	1	0	-0	0	0	10	-10	0	-30	0	0	10	10	0	-30	0	0	0	0	0	0	0	0	0	0	0	0	0	0	0	
0	1	0	-0	0	0	10	-10	0	-30	0	0	10	10	0	-30	0	0	0	0	0	0	0	0	0	0	0	0	0	0	0	
