DATA LENGTH(steps) :
719
STEPLENGTH(sec):
0.005

dPCz,	PEL_Q0,	PEL_Qx,	PEL_Qy,	PEL_Qz,	WST,	RSP,	RSR,	RSY,	REB,	RWY,	RWP,	LSP,	LSR,	LSY,	LEB,	LWY,	LWP,	NKY,	NK1,	NK2,	RF1,	RF2,	RF3,	RF4,	RF5,	LF1,	LF2,	LF3,	LF4,	LF5,

0	1	0	-0	0	0	10	-10	0	-30	0	0	10	10	0	-30	0	0	0	0	0	0	0	0	0	0	0	0	0	0	0	
0	1	0	-0	0	0	10	-10	0	-30	0	0	10	10	0	-30	0	0	0	0	0	0	0	0	0	0	0	0	0	0	0	
0	1	0	-0	0	0	10	-10	0	-30	0	0	10	10	0	-30	0	0	0	0	0	0	0	0	0	0	0	0	0	0	0	
0	1	0	-0	0	0	9.99198	-10.0012	0.000630254	-30.0093	0.00862301	0.00369558	9.99198	10.0012	-0.000630254	-30.0093	-0.00862301	0.00369558	0	0	0	0	0	0	0	0	0	0	0	0	0	
0	1	0	-0	0	0	9.98396	-10.0025	0.00126051	-30.0185	0.017246	0.00739116	9.98396	10.0025	-0.00126051	-30.0185	-0.017246	0.00739116	0	0	0	0	0	0	0	0	0	0	0	0	0	
0	1	0	-0	0	0	9.95993	-10.0062	0.00309397	-30.0463	0.0431437	0.0185065	9.95993	10.0062	-0.00309397	-30.0463	-0.0431437	0.0185065	0	0	0	0	0	0	0	0	0	0	0	0	0	
0	1	0	-0	0	0	9.93589	-10.0099	0.00492744	-30.074	0.0690414	0.0296219	9.93589	10.0099	-0.00492744	-30.074	-0.0690414	0.0296219	0	0	0	0	0	0	0	0	0	0	0	0	0	
0	1	0	-0	0	0	9.89584	-10.016	0.00802141	-30.1202	0.112185	0.0480998	9.89584	10.016	-0.00802141	-30.1202	-0.112185	0.0480998	0	0	0	0	0	0	0	0	0	0	0	0	0	
0	1	0	-0	0	0	9.85579	-10.0222	0.0111154	-30.1664	0.155329	0.0665777	9.85579	10.0222	-0.0111154	-30.1664	-0.155329	0.0665777	0	0	0	0	0	0	0	0	0	0	0	0	0	
0	1	0	-0	0	0	9.79976	-10.0308	0.0154126	-30.2311	0.215661	0.0924181	9.79976	10.0308	-0.0154126	-30.2311	-0.215661	0.0924181	0	0	0	0	0	0	0	0	0	0	0	0	0	
0	1	0	-0	0	0	9.74372	-10.0394	0.0197097	-30.2957	0.275994	0.118258	9.74372	10.0394	-0.0197097	-30.2957	-0.275994	0.118258	0	0	0	0	0	0	0	0	0	0	0	0	0	
0	1	0	-0	0	0	9.67179	-10.0505	0.0252388	-30.3787	0.353458	0.151461	9.67179	10.0505	-0.0252388	-30.3787	-0.353458	0.151461	0	0	0	0	0	0	0	0	0	0	0	0	0	
0	1	0	-0	0	0	9.59985	-10.0615	0.0307678	-30.4617	0.430922	0.184664	9.59985	10.0615	-0.0307678	-30.4617	-0.430922	0.184664	0	0	0	0	0	0	0	0	0	0	0	0	0	
0	1	0	-0	0	0	9.5121	-10.0751	0.0375287	-30.563	0.525431	0.225172	9.5121	10.0751	-0.0375287	-30.563	-0.525431	0.225172	0	0	0	0	0	0	0	0	0	0	0	0	0	
0	1	0	-0	0	0	9.42435	-10.0886	0.0442896	-30.6642	0.61994	0.265681	9.42435	10.0886	-0.0442896	-30.6642	-0.61994	0.265681	0	0	0	0	0	0	0	0	0	0	0	0	0	
0	1	0	-0	0	0	9.32082	-10.1045	0.0522538	-30.7837	0.731438	0.313465	9.32082	10.1045	-0.0522538	-30.7837	-0.731438	0.313465	0	0	0	0	0	0	0	0	0	0	0	0	0	
0	1	0	-0	0	0	9.21729	-10.1204	0.0602179	-30.9031	0.842936	0.36125	9.21729	10.1204	-0.0602179	-30.9031	-0.842936	0.36125	0	0	0	0	0	0	0	0	0	0	0	0	0	
0	1	0	-0	0	0	9.09811	-10.1388	0.0693852	-31.0406	0.971249	0.416254	9.09811	10.1388	-0.0693852	-31.0406	-0.971249	0.416254	0	0	0	0	0	0	0	0	0	0	0	0	0	
0	1	0	-0	0	0	8.97894	-10.1571	0.0785525	-31.1781	1.09956	0.471258	8.97894	10.1571	-0.0785525	-31.1781	-1.09956	0.471258	0	0	0	0	0	0	0	0	0	0	0	0	0	
0	1	0	-0	0	0	8.84423	-10.1778	0.088923	-31.3336	1.24464	0.533424	8.84423	10.1778	-0.088923	-31.3336	-1.24464	0.533424	0	0	0	0	0	0	0	0	0	0	0	0	0	
0	1	0	-0	0	0	8.70953	-10.1985	0.0992936	-31.489	1.38971	0.59559	8.70953	10.1985	-0.0992936	-31.489	-1.38971	0.59559	0	0	0	0	0	0	0	0	0	0	0	0	0	
0	1	0	-0	0	0	8.55945	-10.2216	0.110839	-31.6622	1.55137	0.66486	8.55945	10.2216	-0.110839	-31.6622	-1.55137	0.66486	0	0	0	0	0	0	0	0	0	0	0	0	0	
0	1	0	-0	0	0	8.40936	-10.2447	0.122384	-31.8354	1.71303	0.734131	8.40936	10.2447	-0.122384	-31.8354	-1.71303	0.734131	0	0	0	0	0	0	0	0	0	0	0	0	0	
0	1	0	-0	0	0	8.244	-10.2702	0.135103	-32.0262	1.8911	0.810449	8.244	10.2702	-0.135103	-32.0262	-1.8911	0.810449	0	0	0	0	0	0	0	0	0	0	0	0	0	
0	1	0	-0	0	0	8.07865	-10.2956	0.147823	-32.217	2.06918	0.886767	8.07865	10.2956	-0.147823	-32.217	-2.06918	0.886767	0	0	0	0	0	0	0	0	0	0	0	0	0	
0	1	0	-0	0	0	7.89819	-10.3234	0.161689	-32.4252	2.2635	0.970046	7.89819	10.3234	-0.161689	-32.4252	-2.2635	0.970046	0	0	0	0	0	0	0	0	0	0	0	0	0	
0	1	0	-0	0	0	7.71774	-10.3511	0.175554	-32.6334	2.45782	1.05333	7.71774	10.3511	-0.175554	-32.6334	-2.45782	1.05333	0	0	0	0	0	0	0	0	0	0	0	0	0	
0	1	0	-0	0	0	7.52239	-10.3812	0.190594	-32.8588	2.66821	1.14351	7.52239	10.3812	-0.190594	-32.8588	-2.66821	1.14351	0	0	0	0	0	0	0	0	0	0	0	0	0	
0	1	0	-0	0	0	7.32704	-10.4112	0.205635	-33.0842	2.8786	1.23369	7.32704	10.4112	-0.205635	-33.0842	-2.8786	1.23369	0	0	0	0	0	0	0	0	0	0	0	0	0	
0	1	0	-0	0	0	7.11697	-10.4435	0.221792	-33.3266	3.10483	1.33064	7.11697	10.4435	-0.221792	-33.3266	-3.10483	1.33064	0	0	0	0	0	0	0	0	0	0	0	0	0	
0	1	0	-0	0	0	6.90689	-10.4758	0.237949	-33.569	3.33106	1.42758	6.90689	10.4758	-0.237949	-33.569	-3.33106	1.42758	0	0	0	0	0	0	0	0	0	0	0	0	0	
0	1	0	-0	0	0	6.68229	-10.5104	0.255224	-33.8281	3.57291	1.53123	6.68229	10.5104	-0.255224	-33.8281	-3.57291	1.53123	0	0	0	0	0	0	0	0	0	0	0	0	0	
0	1	0	-0	0	0	6.45769	-10.5449	0.272499	-34.0873	3.81475	1.63488	6.45769	10.5449	-0.272499	-34.0873	-3.81475	1.63488	0	0	0	0	0	0	0	0	0	0	0	0	0	
0	1	0	-0	0	0	6.21883	-10.5817	0.290862	-34.3629	4.07201	1.74514	6.21883	10.5817	-0.290862	-34.3629	-4.07201	1.74514	0	0	0	0	0	0	0	0	0	0	0	0	0	
0	1	0	-0	0	0	5.97996	-10.6185	0.309225	-34.6385	4.32927	1.85541	5.97996	10.6185	-0.309225	-34.6385	-4.32927	1.85541	0	0	0	0	0	0	0	0	0	0	0	0	0	
0	1	0	-0	0	0	5.72703	-10.6574	0.328677	-34.9303	4.60165	1.97215	5.72703	10.6574	-0.328677	-34.9303	-4.60165	1.97215	0	0	0	0	0	0	0	0	0	0	0	0	0	
0	1	0	-0	0	0	5.4741	-10.6963	0.348129	-35.2222	4.87404	2.08889	5.4741	10.6963	-0.348129	-35.2222	-4.87404	2.08889	0	0	0	0	0	0	0	0	0	0	0	0	0	
0	1	0	-0	0	0	5.20738	-10.7373	0.368641	-35.5299	5.16129	2.21199	5.20738	10.7373	-0.368641	-35.5299	-5.16129	2.21199	0	0	0	0	0	0	0	0	0	0	0	0	0	
0	1	0	-0	0	0	4.94067	-10.7784	0.389153	-35.8377	5.44854	2.33509	4.94067	10.7784	-0.389153	-35.8377	-5.44854	2.33509	0	0	0	0	0	0	0	0	0	0	0	0	0	
0	1	0	-0	0	0	4.66041	-10.8215	0.410725	-36.1611	5.75035	2.46443	4.66041	10.8215	-0.410725	-36.1611	-5.75035	2.46443	0	0	0	0	0	0	0	0	0	0	0	0	0	
0	1	0	-0	0	0	4.38015	-10.8646	0.432297	-36.4845	6.05215	2.59378	4.38015	10.8646	-0.432297	-36.4845	-6.05215	2.59378	0	0	0	0	0	0	0	0	0	0	0	0	0	
0	1	0	-0	0	0	4.08659	-10.9097	0.454871	-36.8232	6.36828	2.72926	4.08659	10.9097	-0.454871	-36.8232	-6.36828	2.72926	0	0	0	0	0	0	0	0	0	0	0	0	0	
0	1	0	-0	0	0	3.79304	-10.9549	0.477446	-37.1619	6.68441	2.86473	3.79304	10.9549	-0.477446	-37.1619	-6.68441	2.86473	0	0	0	0	0	0	0	0	0	0	0	0	0	
0	1	0	-0	0	0	3.48653	-11.0021	0.501023	-37.5155	7.01449	3.00619	3.48653	11.0021	-0.501023	-37.5155	-7.01449	3.00619	0	0	0	0	0	0	0	0	0	0	0	0	0	
0	1	0	-0	0	0	3.18003	-11.0492	0.5246	-37.8692	7.34457	3.14766	3.18003	11.0492	-0.5246	-37.8692	-7.34457	3.14766	0	0	0	0	0	0	0	0	0	0	0	0	0	
0	1	0	-0	0	0	2.86086	-11.0983	0.549151	-38.2375	7.68829	3.29497	2.86086	11.0983	-0.549151	-38.2375	-7.68829	3.29497	0	0	0	0	0	0	0	0	0	0	0	0	0	
0	1	0	-0	0	0	2.5417	-11.1474	0.573703	-38.6057	8.03201	3.44227	2.5417	11.1474	-0.573703	-38.6057	-8.03201	3.44227	0	0	0	0	0	0	0	0	0	0	0	0	0	
0	1	0	-0	0	0	2.21016	-11.1984	0.599199	-38.9883	8.38905	3.59531	2.21016	11.1984	-0.599199	-38.9883	-8.38905	3.59531	0	0	0	0	0	0	0	0	0	0	0	0	0	
0	1	0	-0	0	0	1.87861	-11.2495	0.624696	-39.3709	8.74609	3.74835	1.87861	11.2495	-0.624696	-39.3709	-8.74609	3.74835	0	0	0	0	0	0	0	0	0	0	0	0	0	
0	1	0	-0	0	0	1.53504	-11.3023	0.651138	-39.7673	9.1161	3.90691	1.53504	11.3023	-0.651138	-39.7673	-9.1161	3.90691	0	0	0	0	0	0	0	0	0	0	0	0	0	
0	1	0	-0	0	0	1.19147	-11.3552	0.67758	-40.1637	9.48612	4.06548	1.19147	11.3552	-0.67758	-40.1637	-9.48612	4.06548	0	0	0	0	0	0	0	0	0	0	0	0	0	
0	1	0	-0	0	0	0.836232	-11.4098	0.70491	-40.5736	9.86868	4.22943	0.836232	11.4098	-0.70491	-40.5736	-9.86868	4.22943	0	0	0	0	0	0	0	0	0	0	0	0	0	
0	1	0	-0	0	0	0.480998	-11.4645	0.73224	-40.9835	10.2512	4.39338	0.480998	11.4645	-0.73224	-40.9835	-10.2512	4.39338	0	0	0	0	0	0	0	0	0	0	0	0	0	
0	1	0	-0	0	0	0.114391	-11.5209	0.76043	-41.4065	10.646	4.56258	0.114391	11.5209	-0.76043	-41.4065	-10.646	4.56258	0	0	0	0	0	0	0	0	0	0	0	0	0	
0	1	0	-0	0	0	-0.252216	-11.5772	0.788619	-41.8295	11.0408	4.73177	-0.252216	11.5772	-0.788619	-41.8295	-11.0408	4.73177	0	0	0	0	0	0	0	0	0	0	0	0	0	
0	1	0	-0	0	0	-0.629795	-11.6353	0.817668	-42.2651	11.4475	4.90604	-0.629795	11.6353	-0.817668	-42.2651	-11.4475	4.90604	0	0	0	0	0	0	0	0	0	0	0	0	0	
0	1	0	-0	0	0	-1.00737	-11.6934	0.846717	-42.7008	11.8541	5.0803	-1.00737	11.6934	-0.846717	-42.7008	-11.8541	5.0803	0	0	0	0	0	0	0	0	0	0	0	0	0	
0	1	0	-0	0	0	-1.39555	-11.7532	0.876568	-43.1487	12.2721	5.25947	-1.39555	11.7532	-0.876568	-43.1487	-12.2721	5.25947	0	0	0	0	0	0	0	0	0	0	0	0	0	
0	1	0	-0	0	0	-1.78373	-11.8129	0.906419	-43.5966	12.6902	5.43863	-1.78373	11.8129	-0.906419	-43.5966	-12.6902	5.43863	0	0	0	0	0	0	0	0	0	0	0	0	0	
0	1	0	-0	0	0	-2.18214	-11.8742	0.937072	-44.0563	13.1192	5.62252	-2.18214	11.8742	-0.937072	-44.0563	-13.1192	5.62252	0	0	0	0	0	0	0	0	0	0	0	0	0	
0	1	0	-0	0	0	-2.58054	-11.9355	0.967726	-44.516	13.5483	5.80641	-2.58054	11.9355	-0.967726	-44.516	-13.5483	5.80641	0	0	0	0	0	0	0	0	0	0	0	0	0	
0	1	0	-0	0	0	-2.98875	-11.9983	0.999124	-44.987	13.9879	5.99483	-2.98875	11.9983	-0.999124	-44.987	-13.9879	5.99483	0	0	0	0	0	0	0	0	0	0	0	0	0	
0	1	0	-0	0	0	-3.39695	-12.061	1.03052	-45.4581	14.4275	6.18325	-3.39695	12.061	-1.03052	-45.4581	-14.4275	6.18325	0	0	0	0	0	0	0	0	0	0	0	0	0	
0	1	0	-0	0	0	-3.81461	-12.1253	1.06266	-45.94	14.8773	6.37599	-3.81461	12.1253	-1.06266	-45.94	-14.8773	6.37599	0	0	0	0	0	0	0	0	0	0	0	0	0	
0	1	0	-0	0	0	-4.23227	-12.1896	1.09481	-46.4218	15.3271	6.56873	-4.23227	12.1896	-1.09481	-46.4218	-15.3271	6.56873	0	0	0	0	0	0	0	0	0	0	0	0	0	
0	1	0	-0	0	0	-4.65895	-12.2552	1.12761	-46.9142	15.7866	6.76566	-4.65895	12.2552	-1.12761	-46.9142	-15.7866	6.76566	0	0	0	0	0	0	0	0	0	0	0	0	0	
0	1	0	-0	0	0	-5.08563	-12.3209	1.16041	-47.4065	16.246	6.96258	-5.08563	12.3209	-1.16041	-47.4065	-16.246	6.96258	0	0	0	0	0	0	0	0	0	0	0	0	0	
0	1	0	-0	0	0	-5.52088	-12.3878	1.1939	-47.9087	16.7148	7.16349	-5.52088	12.3878	-1.1939	-47.9087	-16.7148	7.16349	0	0	0	0	0	0	0	0	0	0	0	0	0	
0	1	0	-0	0	0	-5.95613	-12.4548	1.22739	-48.4109	17.1835	7.3644	-5.95613	12.4548	-1.22739	-48.4109	-17.1835	7.3644	0	0	0	0	0	0	0	0	0	0	0	0	0	
0	1	0	-0	0	0	-6.39957	-12.523	1.26151	-48.9226	17.6611	7.56906	-6.39957	12.523	-1.26151	-48.9226	-17.6611	7.56906	0	0	0	0	0	0	0	0	0	0	0	0	0	
0	1	0	-0	0	0	-6.84301	-12.5912	1.29563	-49.4342	18.1386	7.77372	-6.84301	12.5912	-1.29563	-49.4342	-18.1386	7.77372	0	0	0	0	0	0	0	0	0	0	0	0	0	
0	1	0	-0	0	0	-7.29415	-12.6606	1.33032	-49.9548	18.6245	7.98193	-7.29415	12.6606	-1.33032	-49.9548	-18.6245	7.98193	0	0	0	0	0	0	0	0	0	0	0	0	0	
0	1	0	-0	0	0	-7.7453	-12.73	1.36501	-50.4753	19.1103	8.19015	-7.7453	12.73	-1.36501	-50.4753	-19.1103	8.19015	0	0	0	0	0	0	0	0	0	0	0	0	0	
0	1	0	-0	0	0	-8.20372	-12.8006	1.40028	-51.0043	19.604	8.40174	-8.20372	12.8006	-1.40028	-51.0043	-19.604	8.40174	0	0	0	0	0	0	0	0	0	0	0	0	0	
0	1	0	-0	0	0	-8.66215	-12.8711	1.43555	-51.5333	20.0977	8.61333	-8.66215	12.8711	-1.43555	-51.5333	-20.0977	8.61333	0	0	0	0	0	0	0	0	0	0	0	0	0	
0	1	0	-0	0	0	-9.12742	-12.9427	1.47133	-52.0701	20.5987	8.82805	-9.12742	12.9427	-1.47133	-52.0701	-20.5987	8.82805	0	0	0	0	0	0	0	0	0	0	0	0	0	
0	1	0	-0	0	0	-9.59269	-13.0143	1.50711	-52.6069	21.0998	9.04276	-9.59269	13.0143	-1.50711	-52.6069	-21.0998	9.04276	0	0	0	0	0	0	0	0	0	0	0	0	0	
0	1	0	-0	0	0	-10.0643	-13.0868	1.54341	-53.1511	21.6077	9.26046	-10.0643	13.0868	-1.54341	-53.1511	-21.6077	9.26046	0	0	0	0	0	0	0	0	0	0	0	0	0	
0	1	0	-0	0	0	-10.5359	-13.1594	1.5797	-53.6953	22.1157	9.47815	-10.5359	13.1594	-1.5797	-53.6953	-22.1157	9.47815	0	0	0	0	0	0	0	0	0	0	0	0	0	
0	1	0	-0	0	0	-11.0135	-13.2328	1.61643	-54.2463	22.6299	9.69854	-11.0135	13.2328	-1.61643	-54.2463	-22.6299	9.69854	0	0	0	0	0	0	0	0	0	0	0	0	0	
0	1	0	-0	0	0	-11.491	-13.3063	1.65316	-54.7973	23.1442	9.91893	-11.491	13.3063	-1.65316	-54.7973	-23.1442	9.91893	0	0	0	0	0	0	0	0	0	0	0	0	0	
0	1	0	-0	0	0	-11.974	-13.3806	1.69031	-55.3546	23.6643	10.1418	-11.974	13.3806	-1.69031	-55.3546	-23.6643	10.1418	0	0	0	0	0	0	0	0	0	0	0	0	0	
0	1	0	-0	0	0	-12.457	-13.4549	1.72747	-55.9119	24.1844	10.3647	-12.457	13.4549	-1.72747	-55.9119	-24.1844	10.3647	0	0	0	0	0	0	0	0	0	0	0	0	0	
0	1	0	-0	0	0	-12.9449	-13.53	1.765	-56.4748	24.7098	10.59	-12.9449	13.53	-1.765	-56.4748	-24.7098	10.59	0	0	0	0	0	0	0	0	0	0	0	0	0	
0	1	0	-0	0	0	-13.4328	-13.6051	1.80253	-57.0378	25.2353	10.8152	-13.4328	13.6051	-1.80253	-57.0378	-25.2353	10.8152	0	0	0	0	0	0	0	0	0	0	0	0	0	
0	1	0	-0	0	0	-13.9252	-13.6808	1.8404	-57.606	25.7656	11.0424	-13.9252	13.6808	-1.8404	-57.606	-25.7656	11.0424	0	0	0	0	0	0	0	0	0	0	0	0	0	
0	1	0	-0	0	0	-14.4176	-13.7565	1.87827	-58.1741	26.2958	11.2696	-14.4176	13.7565	-1.87827	-58.1741	-26.2958	11.2696	0	0	0	0	0	0	0	0	0	0	0	0	0	
0	1	0	-0	0	0	-14.9139	-13.8329	1.91646	-58.7469	26.8304	11.4987	-14.9139	13.8329	-1.91646	-58.7469	-26.8304	11.4987	0	0	0	0	0	0	0	0	0	0	0	0	0	
0	1	0	-0	0	0	-15.4103	-13.9093	1.95465	-59.3196	27.365	11.7279	-15.4103	13.9093	-1.95465	-59.3196	-27.365	11.7279	0	0	0	0	0	0	0	0	0	0	0	0	0	
0	1	0	-0	0	0	-15.9102	-13.9862	1.99309	-59.8964	27.9033	11.9586	-15.9102	13.9862	-1.99309	-59.8964	-27.9033	11.9586	0	0	0	0	0	0	0	0	0	0	0	0	0	
0	1	0	-0	0	0	-16.4101	-14.0631	2.03154	-60.4732	28.4416	12.1893	-16.4101	14.0631	-2.03154	-60.4732	-28.4416	12.1893	0	0	0	0	0	0	0	0	0	0	0	0	0	
0	1	0	-0	0	0	-16.913	-14.1405	2.07021	-61.0534	28.9832	12.4214	-16.913	14.1405	-2.07021	-61.0534	-28.9832	12.4214	0	0	0	0	0	0	0	0	0	0	0	0	0	
0	1	0	-0	0	0	-17.4159	-14.2178	2.10889	-61.6337	29.5248	12.6535	-17.4159	14.2178	-2.10889	-61.6337	-29.5248	12.6535	0	0	0	0	0	0	0	0	0	0	0	0	0	
0	1	0	-0	0	0	-17.9213	-14.2956	2.14779	-62.2169	30.0691	12.8867	-17.9213	14.2956	-2.14779	-62.2169	-30.0691	12.8867	0	0	0	0	0	0	0	0	0	0	0	0	0	
0	1	0	-0	0	0	-18.4267	-14.3733	2.18669	-62.8	30.6133	13.12	-18.4267	14.3733	-2.18669	-62.8	-30.6133	13.12	0	0	0	0	0	0	0	0	0	0	0	0	0	
0	1	0	-0	0	0	-18.9341	-14.4514	2.22571	-63.3855	31.1598	13.3542	-18.9341	14.4514	-2.22571	-63.3855	-31.1598	13.3542	0	0	0	0	0	0	0	0	0	0	0	0	0	
0	1	0	-0	0	0	-19.4415	-14.5295	2.26473	-63.9709	31.7062	13.5884	-19.4415	14.5295	-2.26473	-63.9709	-31.7062	13.5884	0	0	0	0	0	0	0	0	0	0	0	0	0	
0	1	0	-0	0	0	-19.9504	-14.6078	2.30386	-64.5581	32.2543	13.8233	-19.9504	14.6078	-2.30386	-64.5581	-32.2543	13.8233	0	0	0	0	0	0	0	0	0	0	0	0	0	
0	1	0	-0	0	0	-20.4593	-14.6861	2.343	-65.1454	32.8023	14.0581	-20.4593	14.6861	-2.343	-65.1454	-32.8023	14.0581	0	0	0	0	0	0	0	0	0	0	0	0	0	
0	1	0	-0	0	0	-20.9692	-14.7645	2.38224	-65.7337	33.3515	14.2935	-20.9692	14.7645	-2.38224	-65.7337	-33.3515	14.2935	0	0	0	0	0	0	0	0	0	0	0	0	0	
0	1	0	-0	0	0	-21.4792	-14.8429	2.42149	-66.3221	33.9006	14.5288	-21.4792	14.8429	-2.42149	-66.3221	-33.9006	14.5288	0	0	0	0	0	0	0	0	0	0	0	0	0	
0	1	0	-0	0	0	-21.9896	-14.9215	2.46074	-66.911	34.4503	14.7644	-21.9896	14.9215	-2.46074	-66.911	-34.4503	14.7644	0	0	0	0	0	0	0	0	0	0	0	0	0	
0	1	0	-0	0	0	-22.5	-15	2.49999	-67.5	35	15	-22.5	15	-2.49999	-67.5	-35	15	0	0	0	0	0	0	0	0	0	0	0	0	0	
0	1	0	-0	0	0	-23.0104	-15.0785	2.53926	-68.0889	35.5497	15.2356	-23.0104	15.0785	-2.53926	-68.0889	-35.5497	15.2356	0	0	0	0	-63.5	-63.5	-63.5	-63.5	0	-63.5	-63.5	-63.5	-63.5	
0	1	0	-0	0	0	-23.5208	-15.157	2.57854	-68.6779	36.0994	15.4712	-23.5208	15.157	-2.57854	-68.6779	-36.0994	15.4712	0	0	0	0	-127	-127	-127	-127	0	-127	-127	-127	-127	
0	1	0	-0	0	0	-24.0308	-15.2355	2.61776	-69.2662	36.6485	15.7065	-24.0308	15.2355	-2.61776	-69.2662	-36.6485	15.7065	0	0	0	0	-127	-127	-127	-127	0	-127	-127	-127	-127	
0	1	0	-0	0	0	-24.5407	-15.314	2.65698	-69.8546	37.1977	15.9419	-24.5407	15.314	-2.65698	-69.8546	-37.1977	15.9419	0	0	0	0	-127	-127	-127	-127	0	-127	-127	-127	-127	
0	1	0	-0	0	0	-25.0496	-15.3923	2.69611	-70.4418	37.7457	16.1767	-25.0496	15.3923	-2.69611	-70.4418	-37.7457	16.1767	0	0	0	0	-127	-127	-127	-127	0	-127	-127	-127	-127	
0	1	0	-0	0	0	-25.5585	-15.4705	2.73524	-71.0291	38.2938	16.4116	-25.5585	15.4705	-2.73524	-71.0291	-38.2938	16.4116	0	0	0	0	-127	-127	-127	-127	0	-127	-127	-127	-127	
0	1	0	-0	0	0	-26.0659	-15.5486	2.77429	-71.6145	38.8402	16.6458	-26.0659	15.5486	-2.77429	-71.6145	-38.8402	16.6458	0	0	0	0	-127	-127	-127	-127	0	-127	-127	-127	-127	
0	1	0	-0	0	0	-26.5733	-15.6267	2.81334	-72.2	39.3867	16.88	-26.5733	15.6267	-2.81334	-72.2	-39.3867	16.88	0	0	0	0	-127	-127	-127	-127	0	-127	-127	-127	-127	
0	1	0	-0	0	0	-27.0787	-15.7044	2.85221	-72.7831	39.9309	17.1132	-27.0787	15.7044	-2.85221	-72.7831	-39.9309	17.1132	0	0	0	0	-127	-127	-127	-127	0	-127	-127	-127	-127	
0	1	0	-0	0	0	-27.5841	-15.7822	2.89109	-73.3663	40.4752	17.3465	-27.5841	15.7822	-2.89109	-73.3663	-40.4752	17.3465	0	0	0	0	-127	-127	-127	-127	0	-127	-127	-127	-127	
0	1	0	-0	0	0	-28.087	-15.8595	2.92976	-73.9465	41.0168	17.5786	-28.087	15.8595	-2.92976	-73.9465	-41.0168	17.5786	0	0	0	0	-127	-127	-127	-127	0	-127	-127	-127	-127	
0	1	0	-0	0	0	-28.5899	-15.9369	2.96844	-74.5268	41.5583	17.8107	-28.5899	15.9369	-2.96844	-74.5268	-41.5583	17.8107	0	0	0	0	-127	-127	-127	-127	0	-127	-127	-127	-127	
0	1	0	-0	0	0	-29.0898	-16.0138	3.00691	-75.1036	42.0967	18.0414	-29.0898	16.0138	-3.00691	-75.1036	-42.0967	18.0414	0	0	0	0	-127	-127	-127	-127	0	-127	-127	-127	-127	
0	1	0	-0	0	0	-29.5897	-16.0907	3.04539	-75.6803	42.635	18.2721	-29.5897	16.0907	-3.04539	-75.6803	-42.635	18.2721	0	0	0	0	-127	-127	-127	-127	0	-127	-127	-127	-127	
0	1	0	-0	0	0	-30.086	-16.1671	3.08354	-76.2531	43.1696	18.5012	-30.086	16.1671	-3.08354	-76.2531	-43.1696	18.5012	0	0	0	0	-127	-127	-127	-127	0	-127	-127	-127	-127	
0	1	0	-0	0	0	-30.5824	-16.2435	3.1217	-76.8258	43.7041	18.7303	-30.5824	16.2435	-3.1217	-76.8258	-43.7041	18.7303	0	0	0	0	-127	-127	-127	-127	0	-127	-127	-127	-127	
0	1	0	-0	0	0	-31.0748	-16.3192	3.1596	-77.394	44.2344	18.9576	-31.0748	16.3192	-3.1596	-77.394	-44.2344	18.9576	0	0	0	0	-127	-127	-127	-127	0	-127	-127	-127	-127	
0	1	0	-0	0	0	-31.5672	-16.395	3.19751	-77.9621	44.7647	19.1849	-31.5672	16.395	-3.19751	-77.9621	-44.7647	19.1849	0	0	0	0	-127	-127	-127	-127	0	-127	-127	-127	-127	
0	1	0	-0	0	0	-32.0551	-16.47	3.23503	-78.5251	45.2901	19.4101	-32.0551	16.47	-3.23503	-78.5251	-45.2901	19.4101	0	0	0	0	-127	-127	-127	-127	0	-127	-127	-127	-127	
0	1	0	-0	0	0	-32.543	-16.5451	3.27256	-79.0881	45.8156	19.6353	-32.543	16.5451	-3.27256	-79.0881	-45.8156	19.6353	0	0	0	0	-127	-127	-127	-127	0	-127	-127	-127	-127	
0	1	0	-0	0	0	-33.026	-16.6194	3.30969	-79.6454	46.3357	19.8582	-33.026	16.6194	-3.30969	-79.6454	-46.3357	19.8582	0	0	0	0	-127	-127	-127	-127	0	-127	-127	-127	-127	
0	1	0	-0	0	0	-33.509	-16.6937	3.34682	-80.2026	46.8558	20.0811	-33.509	16.6937	-3.34682	-80.2026	-46.8558	20.0811	0	0	0	0	-127	-127	-127	-127	0	-127	-127	-127	-127	
0	1	0	-0	0	0	-33.9865	-16.7672	3.38357	-80.7536	47.3701	20.3015	-33.9865	16.7672	-3.38357	-80.7536	-47.3701	20.3015	0	0	0	0	-127	-127	-127	-127	0	-127	-127	-127	-127	
0	1	0	-0	0	0	-34.464	-16.8406	3.42033	-81.3047	47.8844	20.5219	-34.464	16.8406	-3.42033	-81.3047	-47.8844	20.5219	0	0	0	0	-127	-127	-127	-127	0	-127	-127	-127	-127	
0	1	0	-0	0	0	-34.9357	-16.9132	3.4566	-81.8489	48.3923	20.7395	-34.9357	16.9132	-3.4566	-81.8489	-48.3923	20.7395	0	0	0	0	-127	-127	-127	-127	0	-127	-127	-127	-127	
0	1	0	-0	0	0	-35.4073	-16.9857	3.49287	-82.393	48.9002	20.9572	-35.4073	16.9857	-3.49287	-82.393	-48.9002	20.9572	0	0	0	0	-127	-127	-127	-127	0	-127	-127	-127	-127	
0	1	0	-0	0	0	-35.8726	-17.0573	3.52865	-82.9299	49.4012	21.1719	-35.8726	17.0573	-3.52865	-82.9299	-49.4012	21.1719	0	0	0	0	-127	-127	-127	-127	0	-127	-127	-127	-127	
0	1	0	-0	0	0	-36.3378	-17.1289	3.56443	-83.4667	49.9023	21.3867	-36.3378	17.1289	-3.56443	-83.4667	-49.9023	21.3867	0	0	0	0	-127	-127	-127	-127	0	-127	-127	-127	-127	
0	1	0	-0	0	0	-36.7963	-17.1994	3.59969	-83.9957	50.396	21.5983	-36.7963	17.1994	-3.59969	-83.9957	-50.396	21.5983	0	0	0	0	-127	-127	-127	-127	0	-127	-127	-127	-127	
0	1	0	-0	0	0	-37.2547	-17.27	3.63496	-84.5246	50.8897	21.8099	-37.2547	17.27	-3.63496	-84.5246	-50.8897	21.8099	0	0	0	0	-127	-127	-127	-127	0	-127	-127	-127	-127	
0	1	0	-0	0	0	-37.7058	-17.3394	3.66968	-85.0452	51.3755	22.0181	-37.7058	17.3394	-3.66968	-85.0452	-51.3755	22.0181	0	0	0	0	-127	-127	-127	-127	0	-127	-127	-127	-127	
0	1	0	-0	0	0	-38.157	-17.4087	3.7044	-85.5657	51.8614	22.2263	-38.157	17.4087	-3.7044	-85.5657	-51.8614	22.2263	0	0	0	0	-127	-127	-127	-127	0	-127	-127	-127	-127	
0	1	0	-0	0	0	-38.6004	-17.477	3.73849	-86.0774	52.3389	22.431	-38.6004	17.477	-3.73849	-86.0774	-52.3389	22.431	0	0	0	0	-127	-127	-127	-127	0	-127	-127	-127	-127	
0	1	0	-0	0	0	-39.0438	-17.5452	3.77258	-86.589	52.8165	22.6356	-39.0438	17.5452	-3.77258	-86.589	-52.8165	22.6356	0	0	0	0	-127	-127	-127	-127	0	-127	-127	-127	-127	
0	1	0	-0	0	0	-39.4791	-17.6122	3.80607	-87.0913	53.2852	22.8365	-39.4791	17.6122	-3.80607	-87.0913	-53.2852	22.8365	0	0	0	0	-127	-127	-127	-127	0	-127	-127	-127	-127	
0	1	0	-0	0	0	-39.9144	-17.6791	3.83956	-87.5935	53.7539	23.0374	-39.9144	17.6791	-3.83956	-87.5935	-53.7539	23.0374	0	0	0	0	-127	-127	-127	-127	0	-127	-127	-127	-127	
0	1	0	-0	0	0	-40.341	-17.7448	3.87239	-88.0858	54.2134	23.2343	-40.341	17.7448	-3.87239	-88.0858	-54.2134	23.2343	0	0	0	0	-127	-127	-127	-127	0	-127	-127	-127	-127	
0	1	0	-0	0	0	-40.7677	-17.8104	3.90522	-88.5781	54.6729	23.4312	-40.7677	17.8104	-3.90522	-88.5781	-54.6729	23.4312	0	0	0	0	-127	-127	-127	-127	0	-127	-127	-127	-127	
0	1	0	-0	0	0	-41.1854	-17.8747	3.93734	-89.06	55.1227	23.624	-41.1854	17.8747	-3.93734	-89.06	-55.1227	23.624	0	0	0	0	-127	-127	-127	-127	0	-127	-127	-127	-127	
0	1	0	-0	0	0	-41.603	-17.9389	3.96945	-89.542	55.5725	23.8168	-41.603	17.9389	-3.96945	-89.542	-55.5725	23.8168	0	0	0	0	-127	-127	-127	-127	0	-127	-127	-127	-127	
0	1	0	-0	0	0	-42.0112	-18.0017	4.00085	-90.013	56.0121	24.0052	-42.0112	18.0017	-4.00085	-90.013	-56.0121	24.0052	0	0	0	-63.5	-127	-127	-127	-127	-63.5	-127	-127	-127	-127	
0	1	0	-0	0	0	-42.4194	-18.0646	4.03225	-90.484	56.4518	24.1936	-42.4194	18.0646	-4.03225	-90.484	-56.4518	24.1936	0	0	0	-127	-127	-127	-127	-127	-127	-127	-127	-127	-127	
0	1	0	-0	0	0	-42.8179	-18.1258	4.0629	-90.9437	56.8808	24.3775	-42.8179	18.1258	-4.0629	-90.9437	-56.8808	24.3775	0	0	0	-127	-127	-127	-127	-127	-127	-127	-127	-127	-127	
0	1	0	-0	0	0	-43.2163	-18.1871	4.09355	-91.4034	57.3098	24.5613	-43.2163	18.1871	-4.09355	-91.4034	-57.3098	24.5613	0	0	0	-127	-127	-127	-127	-127	-127	-127	-127	-127	-127	
0	1	0	-0	0	0	-43.6044	-18.2468	4.12341	-91.8513	57.7278	24.7405	-43.6044	18.2468	-4.12341	-91.8513	-57.7278	24.7405	0	0	0	-127	-127	-127	-127	-127	-127	-127	-127	-127	-127	
0	1	0	-0	0	0	-43.9926	-18.3066	4.15326	-92.2992	58.1459	24.9197	-43.9926	18.3066	-4.15326	-92.2992	-58.1459	24.9197	0	0	0	-127	-127	-127	-127	-127	-127	-127	-127	-127	-127	
0	1	0	-0	0	0	-44.3702	-18.3646	4.18231	-92.7349	58.5525	25.0939	-44.3702	18.3646	-4.18231	-92.7349	-58.5525	25.0939	0	0	0	-127	-127	-127	-127	-127	-127	-127	-127	-127	-127	
0	1	0	-0	0	0	-44.7478	-18.4227	4.21135	-93.1705	58.9591	25.2682	-44.7478	18.4227	-4.21135	-93.1705	-58.9591	25.2682	0	0	0	-127	-127	-127	-127	-127	-127	-127	-127	-127	-127	
0	1	0	-0	0	0	-45.1144	-18.4791	4.23957	-93.5935	59.3539	25.4374	-45.1144	18.4791	-4.23957	-93.5935	-59.3539	25.4374	0	0	0	-127	-127	-127	-127	-127	-127	-127	-127	-127	-127	
0	1	0	-0	0	0	-45.481	-18.5355	4.26779	-94.0165	59.7487	25.6066	-45.481	18.5355	-4.26779	-94.0165	-59.7487	25.6066	0	0	0	-127	-127	-127	-127	-127	-127	-127	-127	-127	-127	
0	1	0	-0	0	0	-45.8362	-18.5902	4.29509	-94.4264	60.1313	25.7706	-45.8362	18.5902	-4.29509	-94.4264	-60.1313	25.7706	0	0	0	-127	-127	-127	-127	-127	-127	-127	-127	-127	-127	
0	1	0	-0	0	0	-46.1915	-18.6448	4.32239	-94.8363	60.5139	25.9345	-46.1915	18.6448	-4.32239	-94.8363	-60.5139	25.9345	0	0	0	-127	-127	-127	-127	-127	-127	-127	-127	-127	-127	
0	1	0	-0	0	0	-46.535	-18.6977	4.34884	-95.2327	60.8839	26.0931	-46.535	18.6977	-4.34884	-95.2327	-60.8839	26.0931	0	0	0	-127	-127	-127	-127	-127	-127	-127	-127	-127	-127	
0	1	0	-0	0	0	-46.8786	-18.7506	4.37528	-95.6292	61.2539	26.2517	-46.8786	18.7506	-4.37528	-95.6292	-61.2539	26.2517	0	0	0	-127	-127	-127	-127	-127	-127	-127	-127	-127	-127	
0	1	0	-0	0	0	-47.2101	-18.8016	4.40077	-96.0117	61.6109	26.4047	-47.2101	18.8016	-4.40077	-96.0117	-61.6109	26.4047	0	0	0	-127	-127	-127	-127	-127	-127	-127	-127	-127	-127	
0	1	0	-0	0	0	-47.5417	-18.8525	4.42627	-96.3942	61.968	26.5577	-47.5417	18.8525	-4.42627	-96.3942	-61.968	26.5577	0	0	0	-127	-127	-127	-127	-127	-127	-127	-127	-127	-127	
0	1	0	-0	0	0	-47.8609	-18.9016	4.45082	-96.7625	62.3117	26.705	-47.8609	18.9016	-4.45082	-96.7625	-62.3117	26.705	0	0	0	-127	-127	-127	-127	-127	-127	-127	-127	-127	-127	
0	1	0	-0	0	0	-48.18	-18.9508	4.47537	-97.1308	62.6554	26.8523	-48.18	18.9508	-4.47537	-97.1308	-62.6554	26.8523	0	0	0	-127	-127	-127	-127	-127	-127	-127	-127	-127	-127	
0	1	0	-0	0	0	-48.4865	-18.9979	4.49895	-97.4844	62.9855	26.9938	-48.4865	18.9979	-4.49895	-97.4844	-62.9855	26.9938	0	0	0	-127	-127	-127	-127	-127	-127	-127	-127	-127	-127	
0	1	0	-0	0	0	-48.793	-19.0451	4.52253	-97.8381	63.3156	27.1352	-48.793	19.0451	-4.52253	-97.8381	-63.3156	27.1352	0	0	0	-127	-127	-127	-127	-127	-127	-127	-127	-127	-127	
0	1	0	-0	0	0	-49.0866	-19.0902	4.5451	-98.1768	63.6317	27.2707	-49.0866	19.0902	-4.5451	-98.1768	-63.6317	27.2707	0	0	0	-127	-127	-127	-127	-127	-127	-127	-127	-127	-127	
0	1	0	-0	0	0	-49.3801	-19.1354	4.56768	-98.5155	63.9478	27.4062	-49.3801	19.1354	-4.56768	-98.5155	-63.9478	27.4062	0	0	0	-127	-127	-127	-127	-127	-127	-127	-127	-127	-127	
0	1	0	-0	0	0	-49.6604	-19.1785	4.58925	-98.8389	64.2497	27.5355	-49.6604	19.1785	-4.58925	-98.8389	-64.2497	27.5355	0	0	0	-127	-127	-127	-127	-127	-127	-127	-127	-127	-127	
0	1	0	-0	0	0	-49.9407	-19.2216	4.61082	-99.1623	64.5515	27.6649	-49.9407	19.2216	-4.61082	-99.1623	-64.5515	27.6649	0	0	0	-127	-127	-127	-127	-127	-127	-127	-127	-127	-127	
0	1	0	-0	0	0	-50.2074	-19.2627	4.63133	-99.47	64.8387	27.788	-50.2074	19.2627	-4.63133	-99.47	-64.8387	27.788	0	0	0	-127	-127	-127	-127	-127	-127	-127	-127	-127	-127	
0	1	0	-0	0	0	-50.4741	-19.3037	4.65184	-99.7778	65.1259	27.9111	-50.4741	19.3037	-4.65184	-99.7778	-65.1259	27.9111	0	0	0	-127	-127	-127	-127	-127	-127	-127	-127	-127	-127	
0	1	0	-0	0	0	-50.727	-19.3426	4.6713	-100.07	65.3983	28.0279	-50.727	19.3426	-4.6713	-100.07	-65.3983	28.0279	0	0	0	-127	-127	-127	-127	-127	-127	-127	-127	-127	-127	
0	1	0	-0	0	0	-50.98	-19.3816	4.69075	-100.361	65.6707	28.1446	-50.98	19.3816	-4.69075	-100.361	-65.6707	28.1446	0	0	0	-127	-127	-127	-127	-127	-127	-127	-127	-127	-127	
0	1	0	-0	0	0	-51.2188	-19.4183	4.70914	-100.637	65.928	28.2548	-51.2188	19.4183	-4.70914	-100.637	-65.928	28.2548	0	0	0	-127	-127	-127	-127	-127	-127	-127	-127	-127	-127	
0	1	0	-0	0	0	-51.4577	-19.455	4.72753	-100.913	66.1852	28.3651	-51.4577	19.455	-4.72753	-100.913	-66.1852	28.3651	0	0	0	-127	-127	-127	-127	-127	-127	-127	-127	-127	-127	
0	1	0	-0	0	0	-51.6823	-19.4896	4.74481	-101.172	66.4271	28.4688	-51.6823	19.4896	-4.74481	-101.172	-66.4271	28.4688	0	0	0	-127	-63.5	-63.5	-63.5	-63.5	-127	-63.5	-63.5	-63.5	-63.5	
0	1	0	-0	0	0	-51.9069	-19.5241	4.76208	-101.431	66.6689	28.5724	-51.9069	19.5241	-4.76208	-101.431	-66.6689	28.5724	0	0	0	-127	0	0	0	0	-127	0	0	0	0	
0	1	0	-0	0	0	-52.117	-19.5565	4.77824	-101.673	66.8952	28.6694	-52.117	19.5565	-4.77824	-101.673	-66.8952	28.6694	0	0	0	-127	0	0	0	0	-127	0	0	0	0	
0	1	0	-0	0	0	-52.327	-19.5888	4.7944	-101.916	67.1214	28.7663	-52.327	19.5888	-4.7944	-101.916	-67.1214	28.7663	0	0	0	-127	0	0	0	0	-127	0	0	0	0	
0	1	0	-0	0	0	-52.5224	-19.6188	4.80941	-102.141	67.3318	28.8565	-52.5224	19.6188	-4.80941	-102.141	-67.3318	28.8565	0	0	0	-127	0	0	0	0	-127	0	0	0	0	
0	1	0	-0	0	0	-52.7177	-19.6489	4.82442	-102.367	67.5422	28.9466	-52.7177	19.6489	-4.82442	-102.367	-67.5422	28.9466	0	0	0	-127	0	0	0	0	-127	0	0	0	0	
0	1	0	-0	0	0	-52.8982	-19.6767	4.83831	-102.575	67.7365	29.0299	-52.8982	19.6767	-4.83831	-102.575	-67.7365	29.0299	0	0	0	-127	0	0	0	0	-127	0	0	0	0	
0	1	0	-0	0	0	-53.0786	-19.7044	4.85221	-102.783	67.9308	29.1132	-53.0786	19.7044	-4.85221	-102.783	-67.9308	29.1132	0	0	0	-127	0	0	0	0	-127	0	0	0	0	
0	1	0	-0	0	0	-53.244	-19.7299	4.86493	-102.974	68.1089	29.1895	-53.244	19.7299	-4.86493	-102.974	-68.1089	29.1895	0	0	0	-127	0	0	0	0	-127	0	0	0	0	
0	1	0	-0	0	0	-53.4093	-19.7553	4.87765	-103.165	68.2869	29.2658	-53.4093	19.7553	-4.87765	-103.165	-68.2869	29.2658	0	0	0	-127	0	0	0	0	-127	0	0	0	0	
0	1	0	-0	0	0	-53.5594	-19.7784	4.88919	-103.338	68.4486	29.3351	-53.5594	19.7784	-4.88919	-103.338	-68.4486	29.3351	0	0	0	-127	0	0	0	0	-127	0	0	0	0	
0	1	0	-0	0	0	-53.7095	-19.8015	4.90074	-103.511	68.6103	29.4044	-53.7095	19.8015	-4.90074	-103.511	-68.6103	29.4044	0	0	0	-127	0	0	0	0	-127	0	0	0	0	
0	1	0	-0	0	0	-53.8442	-19.8222	4.91111	-103.666	68.7553	29.4666	-53.8442	19.8222	-4.91111	-103.666	-68.7553	29.4666	0	0	0	-127	0	0	0	0	-127	0	0	0	0	
0	1	0	-0	0	0	-53.9789	-19.8429	4.92148	-103.822	68.9004	29.5288	-53.9789	19.8429	-4.92148	-103.822	-68.9004	29.5288	0	0	0	-127	0	0	0	0	-127	0	0	0	0	
0	1	0	-0	0	0	-54.0981	-19.8612	4.93065	-103.959	69.0288	29.5838	-54.0981	19.8612	-4.93065	-103.959	-69.0288	29.5838	0	0	0	-127	0	0	0	0	-127	0	0	0	0	
0	1	0	-0	0	0	-54.2173	-19.8796	4.93981	-104.097	69.1571	29.6388	-54.2173	19.8796	-4.93981	-104.097	-69.1571	29.6388	0	0	0	-127	0	0	0	0	-127	0	0	0	0	
0	1	0	-0	0	0	-54.3208	-19.8955	4.94778	-104.216	69.2686	29.6865	-54.3208	19.8955	-4.94778	-104.216	-69.2686	29.6865	0	0	0	-63.5	0	0	0	0	-127	0	0	0	0	
0	1	0	-0	0	0	-54.4243	-19.9114	4.95574	-104.336	69.38	29.7343	-54.4243	19.9114	-4.95574	-104.336	-69.38	29.7343	0	0	0	0	0	0	0	0	-127	0	0	0	0	
0	1	0	-0	0	0	-54.5121	-19.9249	4.96247	-104.437	69.4746	29.7748	-54.5121	19.9249	-4.96247	-104.437	-69.4746	29.7748	0	0	0	0	0	0	0	0	-127	0	0	0	0	
0	1	0	-0	0	0	-54.5998	-19.9384	4.96921	-104.538	69.5691	29.8153	-54.5998	19.9384	-4.96921	-104.538	-69.5691	29.8153	0	0	0	0	0	0	0	0	-127	0	0	0	0	
0	1	0	-0	0	0	-54.6718	-19.9495	4.97473	-104.621	69.6466	29.8485	-54.6718	19.9495	-4.97473	-104.621	-69.6466	29.8485	0	0	0	0	0	0	0	0	-127	0	0	0	0	
0	1	0	-0	0	0	-54.7437	-19.9606	4.98026	-104.704	69.724	29.8817	-54.7437	19.9606	-4.98026	-104.704	-69.724	29.8817	0	0	0	0	0	0	0	0	-127	0	0	0	0	
0	1	0	-0	0	0	-54.7997	-19.9692	4.98459	-104.769	69.7843	29.9076	-54.7997	19.9692	-4.98459	-104.769	-69.7843	29.9076	0	0	0	0	0	0	0	0	-127	0	0	0	0	
0	1	0	-0	0	0	-54.8558	-19.9778	4.98892	-104.834	69.8446	29.9334	-54.8558	19.9778	-4.98892	-104.834	-69.8446	29.9334	0	0	0	0	0	0	0	0	-127	0	0	0	0	
0	1	0	-0	0	0	-54.8958	-19.984	4.99198	-104.88	69.8878	29.9519	-54.8958	19.984	-4.99198	-104.88	-69.8878	29.9519	0	0	0	0	0	0	0	0	-127	0	0	0	0	
0	1	0	-0	0	0	-54.9359	-19.9902	4.99505	-104.926	69.9309	29.9704	-54.9359	19.9902	-4.99505	-104.926	-69.9309	29.9704	0	0	0	0	0	0	0	0	-127	0	0	0	0	
0	1	0	-0	0	0	-54.9599	-19.9938	4.99691	-104.954	69.9568	29.9815	-54.9599	19.9938	-4.99691	-104.954	-69.9568	29.9815	0	0	0	0	0	0	0	0	-127	0	0	0	0	
0	1	0	-0	0	0	-54.984	-19.9975	4.99877	-104.982	69.9827	29.9926	-54.984	19.9975	-4.99877	-104.982	-69.9827	29.9926	0	0	0	0	0	0	0	0	-127	0	0	0	0	
0	1	0	-0	0	0	-54.992	-19.9988	4.99937	-104.991	69.9913	29.9963	-54.992	19.9988	-4.99937	-104.991	-69.9913	29.9963	0	0	0	0	0	0	0	0	-127	0	0	0	0	
0	1	0	-0	0	0	-55	-20	4.99997	-105	70	30	-55	20	-4.99997	-105	-70	30	0	0	0	0	0	0	0	0	-127	0	0	0	0	
0	1	0	-0	0	0	-54.9795	-19.9932	4.99997	-105	70	29.9658	-54.9795	19.9932	-4.99997	-105	-70	29.9658	0	0	0	0	0	0	0	0	-127	0	0	0	0	
0	1	0	-0	0	0	-54.9589	-19.9863	4.99997	-105	70	29.9315	-54.9589	19.9863	-4.99997	-105	-70	29.9315	0	0	0	0	0	0	0	0	-127	0	0	0	0	
0	1	0	-0	0	0	-54.8975	-19.9658	4.99997	-105	70	29.8292	-54.8975	19.9658	-4.99997	-105	-70	29.8292	0	0	0	0	0	0	0	0	-127	0	0	0	0	
0	1	0	-0	0	0	-54.8361	-19.9453	4.99997	-105	70	29.7268	-54.8361	19.9453	-4.99997	-105	-70	29.7268	0	0	0	0	0	0	0	0	-127	0	0	0	0	
0	1	0	-0	0	0	-54.7345	-19.9115	4.99997	-105	70	29.5575	-54.7345	19.9115	-4.99997	-105	-70	29.5575	0	0	0	0	0	0	0	0	-127	0	0	0	0	
0	1	0	-0	0	0	-54.6329	-19.8776	4.99997	-105	70	29.3882	-54.6329	19.8776	-4.99997	-105	-70	29.3882	0	0	0	0	0	0	0	0	-127	0	0	0	0	
0	1	0	-0	0	0	-54.4922	-19.8308	4.99997	-105	70	29.1538	-54.4922	19.8308	-4.99997	-105	-70	29.1538	0	0	0	0	0	0	0	0	-127	0	0	0	0	
0	1	0	-0	0	0	-54.3516	-19.7839	4.99997	-105	70	28.9193	-54.3516	19.7839	-4.99997	-105	-70	28.9193	0	0	0	0	0	0	0	0	-127	0	0	0	0	
0	1	0	-0	0	0	-54.1734	-19.7245	4.99997	-105	70	28.6223	-54.1734	19.7245	-4.99997	-105	-70	28.6223	0	0	0	0	0	0	0	0	-127	0	0	0	0	
0	1	0	-0	0	0	-53.9952	-19.6651	4.99997	-105	70	28.3253	-53.9952	19.6651	-4.99997	-105	-70	28.3253	0	0	0	0	0	0	0	0	-127	0	0	0	0	
0	1	0	-0	0	0	-53.7814	-19.5938	4.99997	-105	70	27.969	-53.7814	19.5938	-4.99997	-105	-70	27.969	0	0	0	0	0	0	0	0	-63.5	0	0	0	0	
0	1	0	-0	0	0	-53.5676	-19.5226	4.99997	-105	70	27.6127	-53.5676	19.5226	-4.99997	-105	-70	27.6127	0	0	0	0	0	0	0	0	0	0	0	0	0	
0	1	0	-0	0	0	-53.3206	-19.4402	4.99997	-105	70	27.201	-53.3206	19.4402	-4.99997	-105	-70	27.201	0	0	0	0	0	0	0	0	0	0	0	0	0	
0	1	0	-0	0	0	-53.0736	-19.3578	4.99997	-105	70	26.7893	-53.0736	19.3578	-4.99997	-105	-70	26.7893	0	0	0	0	0	0	0	0	0	0	0	0	0	
0	1	0	-0	0	0	-52.796	-19.2653	4.99997	-105	70	26.3267	-52.796	19.2653	-4.99997	-105	-70	26.3267	0	0	0	0	0	0	0	0	0	0	0	0	0	
0	1	0	-0	0	0	-52.5185	-19.1728	4.99997	-105	70	25.8641	-52.5185	19.1728	-4.99997	-105	-70	25.8641	0	0	0	0	0	0	0	0	0	0	0	0	0	
0	1	0	-0	0	0	-52.2134	-19.0712	4.99997	-105	70	25.3557	-52.2134	19.0712	-4.99997	-105	-70	25.3557	0	0	0	0	0	0	0	0	0	0	0	0	0	
0	1	0	-0	0	0	-51.9084	-18.9695	4.99997	-105	70	24.8473	-51.9084	18.9695	-4.99997	-105	-70	24.8473	0	0	0	0	0	0	0	0	0	0	0	0	0	
0	1	0	-0	0	0	-51.5792	-18.8597	4.99997	-105	70	24.2987	-51.5792	18.8597	-4.99997	-105	-70	24.2987	0	0	0	0	0	0	0	0	0	0	0	0	0	
0	1	0	-0	0	0	-51.25	-18.75	4.99997	-105	70	23.75	-51.25	18.75	-4.99997	-105	-70	23.75	0	0	0	0	0	0	0	0	0	0	0	0	0	
0	1	0	-0	0	0	-50.9003	-18.6334	4.99997	-105	70	23.1671	-50.9003	18.6334	-4.99997	-105	-70	23.1671	0	0	0	0	0	0	0	0	0	0	0	0	0	
0	1	0	-0	0	0	-50.5505	-18.5169	4.99997	-105	70	22.5842	-50.5505	18.5169	-4.99997	-105	-70	22.5842	0	0	0	0	0	0	0	0	0	0	0	0	0	
0	1	0	-0	0	0	-50.1841	-18.3947	4.99997	-105	70	21.9735	-50.1841	18.3947	-4.99997	-105	-70	21.9735	0	0	0	0	0	0	0	0	0	0	0	0	0	
0	1	0	-0	0	0	-49.8176	-18.2725	4.99997	-105	70	21.3627	-49.8176	18.2725	-4.99997	-105	-70	21.3627	0	0	0	0	0	0	0	0	0	0	0	0	0	
0	1	0	-0	0	0	-49.4385	-18.1461	4.99997	-105	70	20.7308	-49.4385	18.1461	-4.99997	-105	-70	20.7308	0	0	0	0	0	0	0	0	0	0	0	0	0	
0	1	0	-0	0	0	-49.0593	-18.0198	4.99997	-105	70	20.0989	-49.0593	18.0198	-4.99997	-105	-70	20.0989	0	0	0	0	0	0	0	0	0	0	0	0	0	
0	1	0	-0	0	0	-48.6716	-17.8905	4.99997	-105	70	19.4527	-48.6716	17.8905	-4.99997	-105	-70	19.4527	0	0	0	0	0	0	0	0	0	0	0	0	0	
0	1	0	-0	0	0	-48.284	-17.7613	4.99997	-105	70	18.8066	-48.284	17.7613	-4.99997	-105	-70	18.8066	0	0	0	0	0	0	0	0	0	0	0	0	0	
0	1	0	-0	0	0	-47.892	-17.6307	4.99997	-105	70	18.1533	-47.892	17.6307	-4.99997	-105	-70	18.1533	0	0	0	0	0	0	0	0	0	0	0	0	0	
0	1	0	-0	0	0	-47.5	-17.5	4.99997	-105	70	17.5	-47.5	17.5	-4.99997	-105	-70	17.5	0	0	0	0	0	0	0	0	0	0	0	0	0	
0	1	0	-0	0	0	-47.108	-17.3694	4.99997	-105	70	16.8467	-47.108	17.3694	-4.99997	-105	-70	16.8467	0	0	0	0	0	0	0	0	0	0	0	0	0	
0	1	0	-0	0	0	-46.7161	-17.2387	4.99997	-105	70	16.1934	-46.7161	17.2387	-4.99997	-105	-70	16.1934	0	0	0	0	0	0	0	0	0	0	0	0	0	
0	1	0	-0	0	0	-46.3284	-17.1095	4.99997	-105	70	15.5472	-46.3284	17.1095	-4.99997	-105	-70	15.5472	0	0	0	0	0	0	0	0	0	0	0	0	0	
0	1	0	-0	0	0	-45.9407	-16.9802	4.99997	-105	70	14.9011	-45.9407	16.9802	-4.99997	-105	-70	14.9011	0	0	0	0	0	0	0	0	0	0	0	0	0	
0	1	0	-0	0	0	-45.5615	-16.8538	4.99997	-105	70	14.2692	-45.5615	16.8538	-4.99997	-105	-70	14.2692	0	0	0	0	0	0	0	0	0	0	0	0	0	
0	1	0	-0	0	0	-45.1824	-16.7274	4.99997	-105	70	13.6373	-45.1824	16.7274	-4.99997	-105	-70	13.6373	0	0	0	0	0	0	0	0	0	0	0	0	0	
0	1	0	-0	0	0	-44.8159	-16.6053	4.99997	-105	70	13.0266	-44.8159	16.6053	-4.99997	-105	-70	13.0266	0	0	0	0	0	0	0	0	0	0	0	0	0	
0	1	0	-0	0	0	-44.4495	-16.4831	4.99997	-105	70	12.4158	-44.4495	16.4831	-4.99997	-105	-70	12.4158	0	0	0	0	0	0	0	0	0	0	0	0	0	
0	1	0	-0	0	0	-44.0998	-16.3666	4.99997	-105	70	11.8329	-44.0998	16.3666	-4.99997	-105	-70	11.8329	0	0	0	0	0	0	0	0	0	0	0	0	0	
0	1	0	-0	0	0	-43.75	-16.25	4.99997	-105	70	11.25	-43.75	16.25	-4.99997	-105	-70	11.25	0	0	0	0	0	0	0	0	0	0	0	0	0	
0	1	0	-0	0	0	-43.4208	-16.1403	4.99997	-105	70	10.7014	-43.4208	16.1403	-4.99997	-105	-70	10.7014	0	0	0	0	0	0	0	0	0	0	0	0	0	
0	1	0	-0	0	0	-43.0916	-16.0306	4.99997	-105	70	10.1527	-43.0916	16.0306	-4.99997	-105	-70	10.1527	0	0	0	0	0	0	0	0	0	0	0	0	0	
0	1	0	-0	0	0	-42.7866	-15.9289	4.99997	-105	70	9.64428	-42.7866	15.9289	-4.99997	-105	-70	9.64428	0	0	0	0	0	0	0	0	0	0	0	0	0	
0	1	0	-0	0	0	-42.4815	-15.8272	4.99997	-105	70	9.13587	-42.4815	15.8272	-4.99997	-105	-70	9.13587	0	0	0	0	0	0	0	0	0	0	0	0	0	
0	1	0	-0	0	0	-42.204	-15.7347	4.99997	-105	70	8.67329	-42.204	15.7347	-4.99997	-105	-70	8.67329	0	0	0	0	0	0	0	0	0	0	0	0	0	
0	1	0	-0	0	0	-41.9264	-15.6421	4.99997	-105	70	8.21071	-41.9264	15.6421	-4.99997	-105	-70	8.21071	0	0	0	0	0	0	0	0	0	0	0	0	0	
0	1	0	-0	0	0	-41.6794	-15.5598	4.99997	-105	70	7.79902	-41.6794	15.5598	-4.99997	-105	-70	7.79902	0	0	0	0	0	0	0	0	0	0	0	0	0	
0	1	0	-0	0	0	-41.4324	-15.4775	4.99997	-105	70	7.38732	-41.4324	15.4775	-4.99997	-105	-70	7.38732	0	0	0	0	0	0	0	0	0	0	0	0	0	
0	1	0	-0	0	0	-41.2186	-15.4062	4.99997	-105	70	7.03099	-41.2186	15.4062	-4.99997	-105	-70	7.03099	0	0	0	0	0	0	0	0	0	0	0	0	0	
0	1	0	-0	0	0	-41.0048	-15.3349	4.99997	-105	70	6.67467	-41.0048	15.3349	-4.99997	-105	-70	6.67467	0	0	0	0	0	0	0	0	0	0	0	0	0	
0	1	0	-0	0	0	-40.8266	-15.2755	4.99997	-105	70	6.37768	-40.8266	15.2755	-4.99997	-105	-70	6.37768	0	0	0	0	0	0	0	0	0	0	0	0	0	
0	1	0	-0	0	0	-40.6484	-15.2162	4.99997	-105	70	6.08069	-40.6484	15.2162	-4.99997	-105	-70	6.08069	0	0	0	0	0	0	0	0	0	0	0	0	0	
0	1	0	-0	0	0	-40.5077	-15.1693	4.99997	-105	70	5.84623	-40.5077	15.1693	-4.99997	-105	-70	5.84623	0	0	0	0	0	0	0	0	0	0	0	0	0	
0	1	0	-0	0	0	-40.3671	-15.1224	4.99997	-105	70	5.61178	-40.3671	15.1224	-4.99997	-105	-70	5.61178	0	0	0	0	0	0	0	0	0	0	0	0	0	
0	1	0	-0	0	0	-40.2655	-15.0885	4.99997	-105	70	5.44247	-40.2655	15.0885	-4.99997	-105	-70	5.44247	0	0	0	0	0	0	0	0	0	0	0	0	0	
0	1	0	-0	0	0	-40.1639	-15.0546	4.99997	-105	70	5.27316	-40.1639	15.0546	-4.99997	-105	-70	5.27316	0	0	0	0	0	0	0	0	0	0	0	0	0	
0	1	0	-0	0	0	-40.1025	-15.0342	4.99997	-105	70	5.17083	-40.1025	15.0342	-4.99997	-105	-70	5.17083	0	0	0	0	0	0	0	0	0	0	0	0	0	
0	1	0	-0	0	0	-40.0411	-15.0137	4.99997	-105	70	5.0685	-40.0411	15.0137	-4.99997	-105	-70	5.0685	0	0	0	0	0	0	0	0	0	0	0	0	0	
0	1	0	-0	0	0	-40.0206	-15.0068	4.99997	-105	70	5.03424	-40.0206	15.0068	-4.99997	-105	-70	5.03424	0	0	0	0	0	0	0	0	0	0	0	0	0	
0	1	0	-0	0	0	-40	-15	4.99997	-105	70	4.99997	-40	15	-4.99997	-105	-70	4.99997	0	0	0	0	0	0	0	0	0	0	0	0	0	
0	1	0	-0	0	0	-40.0206	-15.0068	4.99997	-105	70	5.03424	-40.0206	15.0068	-4.99997	-105	-70	5.03424	0	0	0	0	0	0	0	0	0	0	0	0	0	
0	1	0	-0	0	0	-40.0411	-15.0137	4.99997	-105	70	5.0685	-40.0411	15.0137	-4.99997	-105	-70	5.0685	0	0	0	0	0	0	0	0	0	0	0	0	0	
0	1	0	-0	0	0	-40.1025	-15.0342	4.99997	-105	70	5.17083	-40.1025	15.0342	-4.99997	-105	-70	5.17083	0	0	0	0	0	0	0	0	0	0	0	0	0	
0	1	0	-0	0	0	-40.1639	-15.0546	4.99997	-105	70	5.27316	-40.1639	15.0546	-4.99997	-105	-70	5.27316	0	0	0	0	0	0	0	0	0	0	0	0	0	
0	1	0	-0	0	0	-40.2655	-15.0885	4.99997	-105	70	5.44247	-40.2655	15.0885	-4.99997	-105	-70	5.44247	0	0	0	0	0	0	0	0	0	0	0	0	0	
0	1	0	-0	0	0	-40.3671	-15.1224	4.99997	-105	70	5.61178	-40.3671	15.1224	-4.99997	-105	-70	5.61178	0	0	0	0	0	0	0	0	0	0	0	0	0	
0	1	0	-0	0	0	-40.5077	-15.1693	4.99997	-105	70	5.84623	-40.5077	15.1693	-4.99997	-105	-70	5.84623	0	0	0	0	0	0	0	0	0	0	0	0	0	
0	1	0	-0	0	0	-40.6484	-15.2162	4.99997	-105	70	6.08069	-40.6484	15.2162	-4.99997	-105	-70	6.08069	0	0	0	0	0	0	0	0	0	0	0	0	0	
0	1	0	-0	0	0	-40.8266	-15.2755	4.99997	-105	70	6.37768	-40.8266	15.2755	-4.99997	-105	-70	6.37768	0	0	0	0	0	0	0	0	0	0	0	0	0	
0	1	0	-0	0	0	-41.0048	-15.3349	4.99997	-105	70	6.67467	-41.0048	15.3349	-4.99997	-105	-70	6.67467	0	0	0	0	0	0	0	0	0	0	0	0	0	
0	1	0	-0	0	0	-41.2186	-15.4062	4.99997	-105	70	7.03097	-41.2186	15.4062	-4.99997	-105	-70	7.03097	0	0	0	0	0	0	0	0	0	0	0	0	0	
0	1	0	-0	0	0	-41.4324	-15.4775	4.99997	-105	70	7.38726	-41.4324	15.4775	-4.99997	-105	-70	7.38726	0	0	0	0	0	0	0	0	0	0	0	0	0	
0	1	0	-0	0	0	-41.6794	-15.5598	4.99997	-105	70	7.79899	-41.6794	15.5598	-4.99997	-105	-70	7.79899	0	0	0	0	0	0	0	0	0	0	0	0	0	
0	1	0	-0	0	0	-41.9264	-15.6421	4.99997	-105	70	8.21071	-41.9264	15.6421	-4.99997	-105	-70	8.21071	0	0	0	0	0	0	0	0	0	0	0	0	0	
0	1	0	-0	0	0	-42.204	-15.7347	4.99997	-105	70	8.67329	-42.204	15.7347	-4.99997	-105	-70	8.67329	0	0	0	0	0	0	0	0	0	0	0	0	0	
0	1	0	-0	0	0	-42.4815	-15.8272	4.99997	-105	70	9.13587	-42.4815	15.8272	-4.99997	-105	-70	9.13587	0	0	0	0	0	0	0	0	0	0	0	0	0	
0	1	0	-0	0	0	-42.7865	-15.9289	4.99997	-105	70	9.64428	-42.7865	15.9289	-4.99997	-105	-70	9.64428	0	0	0	0	0	0	0	0	0	0	0	0	0	
0	1	0	-0	0	0	-43.0916	-16.0306	4.99997	-105	70	10.1527	-43.0916	16.0306	-4.99997	-105	-70	10.1527	0	0	0	0	0	0	0	0	0	0	0	0	0	
0	1	0	-0	0	0	-43.4208	-16.1403	4.99997	-105	70	10.7014	-43.4208	16.1403	-4.99997	-105	-70	10.7014	0	0	0	0	0	0	0	0	0	0	0	0	0	
0	1	0	-0	0	0	-43.75	-16.25	4.99997	-105	70	11.25	-43.75	16.25	-4.99997	-105	-70	11.25	0	0	0	0	0	0	0	0	0	0	0	0	0	
0	1	0	-0	0	0	-44.0998	-16.3666	4.99997	-105	70	11.8329	-44.0998	16.3666	-4.99997	-105	-70	11.8329	0	0	0	0	0	0	0	0	0	0	0	0	0	
0	1	0	-0	0	0	-44.4495	-16.4831	4.99997	-105	70	12.4158	-44.4495	16.4831	-4.99997	-105	-70	12.4158	0	0	0	0	0	0	0	0	0	0	0	0	0	
0	1	0	-0	0	0	-44.8159	-16.6053	4.99997	-105	70	13.0265	-44.8159	16.6053	-4.99997	-105	-70	13.0265	0	0	0	0	0	0	0	0	0	0	0	0	0	
0	1	0	-0	0	0	-45.1824	-16.7274	4.99997	-105	70	13.6373	-45.1824	16.7274	-4.99997	-105	-70	13.6373	0	0	0	0	0	0	0	0	0	0	0	0	0	
0	1	0	-0	0	0	-45.5615	-16.8538	4.99997	-105	70	14.2692	-45.5615	16.8538	-4.99997	-105	-70	14.2692	0	0	0	0	0	0	0	0	0	0	0	0	0	
0	1	0	-0	0	0	-45.9407	-16.9802	4.99997	-105	70	14.9011	-45.9407	16.9802	-4.99997	-105	-70	14.9011	0	0	0	0	0	0	0	0	0	0	0	0	0	
0	1	0	-0	0	0	-46.3284	-17.1095	4.99997	-105	70	15.5472	-46.3284	17.1095	-4.99997	-105	-70	15.5472	0	0	0	0	0	0	0	0	0	0	0	0	0	
0	1	0	-0	0	0	-46.7161	-17.2387	4.99997	-105	70	16.1934	-46.7161	17.2387	-4.99997	-105	-70	16.1934	0	0	0	0	0	0	0	0	0	0	0	0	0	
0	1	0	-0	0	0	-47.108	-17.3694	4.99997	-105	70	16.8467	-47.108	17.3694	-4.99997	-105	-70	16.8467	0	0	0	0	0	0	0	0	0	0	0	0	0	
0	1	0	-0	0	0	-47.5	-17.5	4.99997	-105	70	17.5	-47.5	17.5	-4.99997	-105	-70	17.5	0	0	0	0	0	0	0	0	0	0	0	0	0	
0	1	0	-0	0	0	-47.892	-17.6307	4.99997	-105	70	18.1533	-47.892	17.6307	-4.99997	-105	-70	18.1533	0	0	0	0	0	0	0	0	0	0	0	0	0	
0	1	0	-0	0	0	-48.284	-17.7613	4.99997	-105	70	18.8066	-48.284	17.7613	-4.99997	-105	-70	18.8066	0	0	0	0	0	0	0	0	0	0	0	0	0	
0	1	0	-0	0	0	-48.6716	-17.8905	4.99997	-105	70	19.4527	-48.6716	17.8905	-4.99997	-105	-70	19.4527	0	0	0	0	0	0	0	0	0	0	0	0	0	
0	1	0	-0	0	0	-49.0593	-18.0198	4.99997	-105	70	20.0989	-49.0593	18.0198	-4.99997	-105	-70	20.0989	0	0	0	0	0	0	0	0	0	0	0	0	0	
0	1	0	-0	0	0	-49.4385	-18.1461	4.99997	-105	70	20.7308	-49.4385	18.1461	-4.99997	-105	-70	20.7308	0	0	0	0	0	0	0	0	0	0	0	0	0	
0	1	0	-0	0	0	-49.8176	-18.2725	4.99997	-105	70	21.3627	-49.8176	18.2725	-4.99997	-105	-70	21.3627	0	0	0	0	0	0	0	0	0	0	0	0	0	
0	1	0	-0	0	0	-50.1841	-18.3947	4.99997	-105	70	21.9735	-50.1841	18.3947	-4.99997	-105	-70	21.9735	0	0	0	0	0	0	0	0	0	0	0	0	0	
0	1	0	-0	0	0	-50.5505	-18.5169	4.99997	-105	70	22.5842	-50.5505	18.5169	-4.99997	-105	-70	22.5842	0	0	0	0	0	0	0	0	0	0	0	0	0	
0	1	0	-0	0	0	-50.9003	-18.6334	4.99997	-105	70	23.1671	-50.9003	18.6334	-4.99997	-105	-70	23.1671	0	0	0	0	0	0	0	0	0	0	0	0	0	
0	1	0	-0	0	0	-51.25	-18.75	4.99997	-105	70	23.75	-51.25	18.75	-4.99997	-105	-70	23.75	0	0	0	0	0	0	0	0	0	0	0	0	0	
0	1	0	-0	0	0	-51.5792	-18.8597	4.99997	-105	70	24.2987	-51.5792	18.8597	-4.99997	-105	-70	24.2987	0	0	0	0	0	0	0	0	0	0	0	0	0	
0	1	0	-0	0	0	-51.9084	-18.9695	4.99997	-105	70	24.8473	-51.9084	18.9695	-4.99997	-105	-70	24.8473	0	0	0	0	0	0	0	0	0	0	0	0	0	
0	1	0	-0	0	0	-52.2134	-19.0712	4.99997	-105	70	25.3557	-52.2134	19.0712	-4.99997	-105	-70	25.3557	0	0	0	0	0	0	0	0	0	0	0	0	0	
0	1	0	-0	0	0	-52.5185	-19.1728	4.99997	-105	70	25.8641	-52.5185	19.1728	-4.99997	-105	-70	25.8641	0	0	0	0	0	0	0	0	0	0	0	0	0	
0	1	0	-0	0	0	-52.796	-19.2653	4.99997	-105	70	26.3267	-52.796	19.2653	-4.99997	-105	-70	26.3267	0	0	0	0	0	0	0	0	0	0	0	0	0	
0	1	0	-0	0	0	-53.0736	-19.3578	4.99997	-105	70	26.7893	-53.0736	19.3578	-4.99997	-105	-70	26.7893	0	0	0	0	0	0	0	0	0	0	0	0	0	
0	1	0	-0	0	0	-53.3206	-19.4402	4.99997	-105	70	27.201	-53.3206	19.4402	-4.99997	-105	-70	27.201	0	0	0	0	0	0	0	0	0	0	0	0	0	
0	1	0	-0	0	0	-53.5676	-19.5226	4.99997	-105	70	27.6127	-53.5676	19.5226	-4.99997	-105	-70	27.6127	0	0	0	0	0	0	0	0	0	0	0	0	0	
0	1	0	-0	0	0	-53.7814	-19.5938	4.99997	-105	70	27.969	-53.7814	19.5938	-4.99997	-105	-70	27.969	0	0	0	0	0	0	0	0	0	0	0	0	0	
0	1	0	-0	0	0	-53.9952	-19.6651	4.99997	-105	70	28.3253	-53.9952	19.6651	-4.99997	-105	-70	28.3253	0	0	0	0	0	0	0	0	0	0	0	0	0	
0	1	0	-0	0	0	-54.1734	-19.7245	4.99997	-105	70	28.6223	-54.1734	19.7245	-4.99997	-105	-70	28.6223	0	0	0	0	0	0	0	0	0	0	0	0	0	
0	1	0	-0	0	0	-54.3516	-19.7839	4.99997	-105	70	28.9193	-54.3516	19.7839	-4.99997	-105	-70	28.9193	0	0	0	0	0	0	0	0	0	0	0	0	0	
0	1	0	-0	0	0	-54.4922	-19.8308	4.99997	-105	70	29.1538	-54.4922	19.8308	-4.99997	-105	-70	29.1538	0	0	0	0	0	0	0	0	0	0	0	0	0	
0	1	0	-0	0	0	-54.6329	-19.8776	4.99997	-105	70	29.3882	-54.6329	19.8776	-4.99997	-105	-70	29.3882	0	0	0	0	0	0	0	0	0	0	0	0	0	
0	1	0	-0	0	0	-54.7345	-19.9115	4.99997	-105	70	29.5575	-54.7345	19.9115	-4.99997	-105	-70	29.5575	0	0	0	0	0	0	0	0	0	0	0	0	0	
0	1	0	-0	0	0	-54.8361	-19.9453	4.99997	-105	70	29.7268	-54.8361	19.9453	-4.99997	-105	-70	29.7268	0	0	0	0	0	0	0	0	0	0	0	0	0	
0	1	0	-0	0	0	-54.8975	-19.9658	4.99997	-105	70	29.8292	-54.8975	19.9658	-4.99997	-105	-70	29.8292	0	0	0	0	0	0	0	0	0	0	0	0	0	
0	1	0	-0	0	0	-54.9589	-19.9863	4.99997	-105	70	29.9315	-54.9589	19.9863	-4.99997	-105	-70	29.9315	0	0	0	0	0	0	0	0	0	0	0	0	0	
0	1	0	-0	0	0	-54.9795	-19.9932	4.99997	-105	70	29.9658	-54.9795	19.9932	-4.99997	-105	-70	29.9658	0	0	0	0	0	0	0	0	0	0	0	0	0	
0	1	0	-0	0	0	-55	-20	4.99997	-105	70	30	-55	20	-4.99997	-105	-70	30	0	0	0	0	0	0	0	0	0	0	0	0	0	
0	1	0	-0	0	0	-54.9795	-19.9932	4.99997	-105	70	29.9658	-54.9795	19.9932	-4.99997	-105	-70	29.9658	0	0	0	0	0	0	0	0	0	0	0	0	0	
0	1	0	-0	0	0	-54.9589	-19.9863	4.99997	-105	70	29.9315	-54.9589	19.9863	-4.99997	-105	-70	29.9315	0	0	0	0	0	0	0	0	0	0	0	0	0	
0	1	0	-0	0	0	-54.8975	-19.9658	4.99997	-105	70	29.8292	-54.8975	19.9658	-4.99997	-105	-70	29.8292	0	0	0	0	0	0	0	0	0	0	0	0	0	
0	1	0	-0	0	0	-54.8361	-19.9453	4.99997	-105	70	29.7268	-54.8361	19.9453	-4.99997	-105	-70	29.7268	0	0	0	0	0	0	0	0	0	0	0	0	0	
0	1	0	-0	0	0	-54.7345	-19.9115	4.99997	-105	70	29.5575	-54.7345	19.9115	-4.99997	-105	-70	29.5575	0	0	0	0	0	0	0	0	0	0	0	0	0	
0	1	0	-0	0	0	-54.6329	-19.8776	4.99997	-105	70	29.3882	-54.6329	19.8776	-4.99997	-105	-70	29.3882	0	0	0	0	0	0	0	0	0	0	0	0	0	
0	1	0	-0	0	0	-54.4922	-19.8308	4.99997	-105	70	29.1538	-54.4922	19.8308	-4.99997	-105	-70	29.1538	0	0	0	0	0	0	0	0	0	0	0	0	0	
0	1	0	-0	0	0	-54.3516	-19.7839	4.99997	-105	70	28.9193	-54.3516	19.7839	-4.99997	-105	-70	28.9193	0	0	0	0	0	0	0	0	0	0	0	0	0	
0	1	0	-0	0	0	-54.1734	-19.7245	4.99997	-105	70	28.6223	-54.1734	19.7245	-4.99997	-105	-70	28.6223	0	0	0	0	0	0	0	0	0	0	0	0	0	
0	1	0	-0	0	0	-53.9952	-19.6651	4.99997	-105	70	28.3253	-53.9952	19.6651	-4.99997	-105	-70	28.3253	0	0	0	0	0	0	0	0	0	0	0	0	0	
0	1	0	-0	0	0	-53.7814	-19.5938	4.99997	-105	70	27.969	-53.7814	19.5938	-4.99997	-105	-70	27.969	0	0	0	0	0	0	0	0	0	0	0	0	0	
0	1	0	-0	0	0	-53.5676	-19.5226	4.99997	-105	70	27.6127	-53.5676	19.5226	-4.99997	-105	-70	27.6127	0	0	0	0	0	0	0	0	0	0	0	0	0	
0	1	0	-0	0	0	-53.3206	-19.4402	4.99997	-105	70	27.201	-53.3206	19.4402	-4.99997	-105	-70	27.201	0	0	0	0	0	0	0	0	0	0	0	0	0	
0	1	0	-0	0	0	-53.0736	-19.3578	4.99997	-105	70	26.7893	-53.0736	19.3578	-4.99997	-105	-70	26.7893	0	0	0	0	0	0	0	0	0	0	0	0	0	
0	1	0	-0	0	0	-52.796	-19.2653	4.99997	-105	70	26.3267	-52.796	19.2653	-4.99997	-105	-70	26.3267	0	0	0	0	0	0	0	0	0	0	0	0	0	
0	1	0	-0	0	0	-52.5185	-19.1728	4.99997	-105	70	25.8641	-52.5185	19.1728	-4.99997	-105	-70	25.8641	0	0	0	0	0	0	0	0	0	0	0	0	0	
0	1	0	-0	0	0	-52.2134	-19.0712	4.99997	-105	70	25.3557	-52.2134	19.0712	-4.99997	-105	-70	25.3557	0	0	0	0	0	0	0	0	0	0	0	0	0	
0	1	0	-0	0	0	-51.9084	-18.9695	4.99997	-105	70	24.8473	-51.9084	18.9695	-4.99997	-105	-70	24.8473	0	0	0	0	0	0	0	0	0	0	0	0	0	
0	1	0	-0	0	0	-51.5792	-18.8597	4.99997	-105	70	24.2987	-51.5792	18.8597	-4.99997	-105	-70	24.2987	0	0	0	0	0	0	0	0	0	0	0	0	0	
0	1	0	-0	0	0	-51.25	-18.75	4.99997	-105	70	23.75	-51.25	18.75	-4.99997	-105	-70	23.75	0	0	0	0	0	0	0	0	0	0	0	0	0	
0	1	0	-0	0	0	-50.9003	-18.6334	4.99997	-105	70	23.1671	-50.9003	18.6334	-4.99997	-105	-70	23.1671	0	0	0	0	0	0	0	0	0	0	0	0	0	
0	1	0	-0	0	0	-50.5505	-18.5169	4.99997	-105	70	22.5842	-50.5505	18.5169	-4.99997	-105	-70	22.5842	0	0	0	0	0	0	0	0	0	0	0	0	0	
0	1	0	-0	0	0	-50.1841	-18.3947	4.99997	-105	70	21.9735	-50.1841	18.3947	-4.99997	-105	-70	21.9735	0	0	0	0	0	0	0	0	0	0	0	0	0	
0	1	0	-0	0	0	-49.8176	-18.2725	4.99997	-105	70	21.3627	-49.8176	18.2725	-4.99997	-105	-70	21.3627	0	0	0	0	0	0	0	0	0	0	0	0	0	
0	1	0	-0	0	0	-49.4385	-18.1461	4.99997	-105	70	20.7308	-49.4385	18.1461	-4.99997	-105	-70	20.7308	0	0	0	0	0	0	0	0	0	0	0	0	0	
0	1	0	-0	0	0	-49.0593	-18.0198	4.99997	-105	70	20.0989	-49.0593	18.0198	-4.99997	-105	-70	20.0989	0	0	0	0	0	0	0	0	0	0	0	0	0	
0	1	0	-0	0	0	-48.6716	-17.8905	4.99997	-105	70	19.4527	-48.6716	17.8905	-4.99997	-105	-70	19.4527	0	0	0	0	0	0	0	0	0	0	0	0	0	
0	1	0	-0	0	0	-48.284	-17.7613	4.99997	-105	70	18.8066	-48.284	17.7613	-4.99997	-105	-70	18.8066	0	0	0	0	0	0	0	0	0	0	0	0	0	
0	1	0	-0	0	0	-47.892	-17.6307	4.99997	-105	70	18.1533	-47.892	17.6307	-4.99997	-105	-70	18.1533	0	0	0	0	0	0	0	0	0	0	0	0	0	
0	1	0	-0	0	0	-47.5	-17.5	4.99997	-105	70	17.5	-47.5	17.5	-4.99997	-105	-70	17.5	0	0	0	0	0	0	0	0	0	0	0	0	0	
0	1	0	-0	0	0	-47.108	-17.3694	4.99997	-105	70	16.8467	-47.108	17.3694	-4.99997	-105	-70	16.8467	0	0	0	0	0	0	0	0	0	0	0	0	0	
0	1	0	-0	0	0	-46.7161	-17.2387	4.99997	-105	70	16.1934	-46.7161	17.2387	-4.99997	-105	-70	16.1934	0	0	0	0	0	0	0	0	0	0	0	0	0	
0	1	0	-0	0	0	-46.3284	-17.1095	4.99997	-105	70	15.5472	-46.3284	17.1095	-4.99997	-105	-70	15.5472	0	0	0	0	0	0	0	0	0	0	0	0	0	
0	1	0	-0	0	0	-45.9407	-16.9802	4.99997	-105	70	14.9011	-45.9407	16.9802	-4.99997	-105	-70	14.9011	0	0	0	0	0	0	0	0	0	0	0	0	0	
0	1	0	-0	0	0	-45.5615	-16.8538	4.99997	-105	70	14.2692	-45.5615	16.8538	-4.99997	-105	-70	14.2692	0	0	0	0	0	0	0	0	0	0	0	0	0	
0	1	0	-0	0	0	-45.1824	-16.7274	4.99997	-105	70	13.6373	-45.1824	16.7274	-4.99997	-105	-70	13.6373	0	0	0	0	0	0	0	0	0	0	0	0	0	
0	1	0	-0	0	0	-44.8159	-16.6053	4.99997	-105	70	13.0266	-44.8159	16.6053	-4.99997	-105	-70	13.0266	0	0	0	0	0	0	0	0	0	0	0	0	0	
0	1	0	-0	0	0	-44.4495	-16.4831	4.99997	-105	70	12.4158	-44.4495	16.4831	-4.99997	-105	-70	12.4158	0	0	0	0	0	0	0	0	0	0	0	0	0	
0	1	0	-0	0	0	-44.0998	-16.3666	4.99997	-105	70	11.8329	-44.0998	16.3666	-4.99997	-105	-70	11.8329	0	0	0	0	0	0	0	0	0	0	0	0	0	
0	1	0	-0	0	0	-43.75	-16.25	4.99997	-105	70	11.25	-43.75	16.25	-4.99997	-105	-70	11.25	0	0	0	0	0	0	0	0	0	0	0	0	0	
0	1	0	-0	0	0	-43.4208	-16.1403	4.99997	-105	70	10.7014	-43.4208	16.1403	-4.99997	-105	-70	10.7014	0	0	0	0	0	0	0	0	0	0	0	0	0	
0	1	0	-0	0	0	-43.0916	-16.0306	4.99997	-105	70	10.1527	-43.0916	16.0306	-4.99997	-105	-70	10.1527	0	0	0	0	0	0	0	0	0	0	0	0	0	
0	1	0	-0	0	0	-42.7866	-15.9289	4.99997	-105	70	9.64428	-42.7866	15.9289	-4.99997	-105	-70	9.64428	0	0	0	0	0	0	0	0	0	0	0	0	0	
0	1	0	-0	0	0	-42.4815	-15.8272	4.99997	-105	70	9.13587	-42.4815	15.8272	-4.99997	-105	-70	9.13587	0	0	0	0	0	0	0	0	0	0	0	0	0	
0	1	0	-0	0	0	-42.204	-15.7347	4.99997	-105	70	8.67329	-42.204	15.7347	-4.99997	-105	-70	8.67329	0	0	0	0	0	0	0	0	0	0	0	0	0	
0	1	0	-0	0	0	-41.9264	-15.6421	4.99997	-105	70	8.21071	-41.9264	15.6421	-4.99997	-105	-70	8.21071	0	0	0	0	0	0	0	0	0	0	0	0	0	
0	1	0	-0	0	0	-41.6794	-15.5598	4.99997	-105	70	7.79902	-41.6794	15.5598	-4.99997	-105	-70	7.79902	0	0	0	0	0	0	0	0	0	0	0	0	0	
0	1	0	-0	0	0	-41.4324	-15.4775	4.99997	-105	70	7.38732	-41.4324	15.4775	-4.99997	-105	-70	7.38732	0	0	0	0	0	0	0	0	0	0	0	0	0	
0	1	0	-0	0	0	-41.2186	-15.4062	4.99997	-105	70	7.03099	-41.2186	15.4062	-4.99997	-105	-70	7.03099	0	0	0	0	0	0	0	0	0	0	0	0	0	
0	1	0	-0	0	0	-41.0048	-15.3349	4.99997	-105	70	6.67467	-41.0048	15.3349	-4.99997	-105	-70	6.67467	0	0	0	0	0	0	0	0	0	0	0	0	0	
0	1	0	-0	0	0	-40.8266	-15.2755	4.99997	-105	70	6.37768	-40.8266	15.2755	-4.99997	-105	-70	6.37768	0	0	0	0	0	0	0	0	0	0	0	0	0	
0	1	0	-0	0	0	-40.6484	-15.2162	4.99997	-105	70	6.08069	-40.6484	15.2162	-4.99997	-105	-70	6.08069	0	0	0	0	0	0	0	0	0	0	0	0	0	
0	1	0	-0	0	0	-40.5077	-15.1693	4.99997	-105	70	5.84623	-40.5077	15.1693	-4.99997	-105	-70	5.84623	0	0	0	0	0	0	0	0	0	0	0	0	0	
0	1	0	-0	0	0	-40.3671	-15.1224	4.99997	-105	70	5.61178	-40.3671	15.1224	-4.99997	-105	-70	5.61178	0	0	0	0	0	0	0	0	0	0	0	0	0	
0	1	0	-0	0	0	-40.2655	-15.0885	4.99997	-105	70	5.44247	-40.2655	15.0885	-4.99997	-105	-70	5.44247	0	0	0	0	0	0	0	0	0	0	0	0	0	
0	1	0	-0	0	0	-40.1639	-15.0546	4.99997	-105	70	5.27316	-40.1639	15.0546	-4.99997	-105	-70	5.27316	0	0	0	0	0	0	0	0	0	0	0	0	0	
0	1	0	-0	0	0	-40.1025	-15.0342	4.99997	-105	70	5.17083	-40.1025	15.0342	-4.99997	-105	-70	5.17083	0	0	0	0	0	0	0	0	0	0	0	0	0	
0	1	0	-0	0	0	-40.0411	-15.0137	4.99997	-105	70	5.0685	-40.0411	15.0137	-4.99997	-105	-70	5.0685	0	0	0	0	0	0	0	0	0	0	0	0	0	
0	1	0	-0	0	0	-40.0206	-15.0068	4.99997	-105	70	5.03424	-40.0206	15.0068	-4.99997	-105	-70	5.03424	0	0	0	0	0	0	0	0	0	0	0	0	0	
0	1	0	-0	0	0	-40	-15	4.99997	-105	70	4.99997	-40	15	-4.99997	-105	-70	4.99997	0	0	0	0	0	0	0	0	0	0	0	0	0	
0	1	0	-0	0	0	-40.0206	-15.0068	4.99997	-105	70	5.03424	-40.0206	15.0068	-4.99997	-105	-70	5.03424	0	0	0	0	0	0	0	0	0	0	0	0	0	
0	1	0	-0	0	0	-40.0411	-15.0137	4.99997	-105	70	5.0685	-40.0411	15.0137	-4.99997	-105	-70	5.0685	0	0	0	0	0	0	0	0	0	0	0	0	0	
0	1	0	-0	0	0	-40.1025	-15.0342	4.99997	-105	70	5.17083	-40.1025	15.0342	-4.99997	-105	-70	5.17083	0	0	0	0	0	0	0	0	0	0	0	0	0	
0	1	0	-0	0	0	-40.1639	-15.0546	4.99997	-105	70	5.27316	-40.1639	15.0546	-4.99997	-105	-70	5.27316	0	0	0	0	0	0	0	0	0	0	0	0	0	
0	1	0	-0	0	0	-40.2655	-15.0885	4.99997	-105	70	5.44247	-40.2655	15.0885	-4.99997	-105	-70	5.44247	0	0	0	0	0	0	0	0	0	0	0	0	0	
0	1	0	-0	0	0	-40.3671	-15.1224	4.99997	-105	70	5.61178	-40.3671	15.1224	-4.99997	-105	-70	5.61178	0	0	0	0	0	0	0	0	0	0	0	0	0	
0	1	0	-0	0	0	-40.5077	-15.1693	4.99997	-105	70	5.84623	-40.5077	15.1693	-4.99997	-105	-70	5.84623	0	0	0	0	0	0	0	0	0	0	0	0	0	
0	1	0	-0	0	0	-40.6484	-15.2162	4.99997	-105	70	6.08069	-40.6484	15.2162	-4.99997	-105	-70	6.08069	0	0	0	0	0	0	0	0	0	0	0	0	0	
0	1	0	-0	0	0	-40.8266	-15.2755	4.99997	-105	70	6.37768	-40.8266	15.2755	-4.99997	-105	-70	6.37768	0	0	0	0	0	0	0	0	0	0	0	0	0	
0	1	0	-0	0	0	-41.0048	-15.3349	4.99997	-105	70	6.67467	-41.0048	15.3349	-4.99997	-105	-70	6.67467	0	0	0	0	0	0	0	0	0	0	0	0	0	
0	1	0	-0	0	0	-41.2186	-15.4062	4.99997	-105	70	7.03097	-41.2186	15.4062	-4.99997	-105	-70	7.03097	0	0	0	0	0	0	0	0	0	0	0	0	0	
0	1	0	-0	0	0	-41.4324	-15.4775	4.99997	-105	70	7.38726	-41.4324	15.4775	-4.99997	-105	-70	7.38726	0	0	0	0	0	0	0	0	0	0	0	0	0	
0	1	0	-0	0	0	-41.6794	-15.5598	4.99997	-105	70	7.79899	-41.6794	15.5598	-4.99997	-105	-70	7.79899	0	0	0	0	0	0	0	0	0	0	0	0	0	
0	1	0	-0	0	0	-41.9264	-15.6421	4.99997	-105	70	8.21071	-41.9264	15.6421	-4.99997	-105	-70	8.21071	0	0	0	0	0	0	0	0	0	0	0	0	0	
0	1	0	-0	0	0	-42.204	-15.7347	4.99997	-105	70	8.67329	-42.204	15.7347	-4.99997	-105	-70	8.67329	0	0	0	0	0	0	0	0	0	0	0	0	0	
0	1	0	-0	0	0	-42.4815	-15.8272	4.99997	-105	70	9.13587	-42.4815	15.8272	-4.99997	-105	-70	9.13587	0	0	0	0	0	0	0	0	0	0	0	0	0	
0	1	0	-0	0	0	-42.7865	-15.9289	4.99997	-105	70	9.64428	-42.7865	15.9289	-4.99997	-105	-70	9.64428	0	0	0	0	0	0	0	0	0	0	0	0	0	
0	1	0	-0	0	0	-43.0916	-16.0306	4.99997	-105	70	10.1527	-43.0916	16.0306	-4.99997	-105	-70	10.1527	0	0	0	0	0	0	0	0	0	0	0	0	0	
0	1	0	-0	0	0	-43.4208	-16.1403	4.99997	-105	70	10.7014	-43.4208	16.1403	-4.99997	-105	-70	10.7014	0	0	0	0	0	0	0	0	0	0	0	0	0	
0	1	0	-0	0	0	-43.75	-16.25	4.99997	-105	70	11.25	-43.75	16.25	-4.99997	-105	-70	11.25	0	0	0	0	0	0	0	0	0	0	0	0	0	
0	1	0	-0	0	0	-44.0998	-16.3666	4.99997	-105	70	11.8329	-44.0998	16.3666	-4.99997	-105	-70	11.8329	0	0	0	0	0	0	0	0	0	0	0	0	0	
0	1	0	-0	0	0	-44.4495	-16.4831	4.99997	-105	70	12.4158	-44.4495	16.4831	-4.99997	-105	-70	12.4158	0	0	0	0	0	0	0	0	0	0	0	0	0	
0	1	0	-0	0	0	-44.8159	-16.6053	4.99997	-105	70	13.0265	-44.8159	16.6053	-4.99997	-105	-70	13.0265	0	0	0	0	0	0	0	0	0	0	0	0	0	
0	1	0	-0	0	0	-45.1824	-16.7274	4.99997	-105	70	13.6373	-45.1824	16.7274	-4.99997	-105	-70	13.6373	0	0	0	0	0	0	0	0	0	0	0	0	0	
0	1	0	-0	0	0	-45.5615	-16.8538	4.99997	-105	70	14.2692	-45.5615	16.8538	-4.99997	-105	-70	14.2692	0	0	0	0	0	0	0	0	0	0	0	0	0	
0	1	0	-0	0	0	-45.9407	-16.9802	4.99997	-105	70	14.9011	-45.9407	16.9802	-4.99997	-105	-70	14.9011	0	0	0	0	0	0	0	0	0	0	0	0	0	
0	1	0	-0	0	0	-46.3284	-17.1095	4.99997	-105	70	15.5472	-46.3284	17.1095	-4.99997	-105	-70	15.5472	0	0	0	0	0	0	0	0	0	0	0	0	0	
0	1	0	-0	0	0	-46.7161	-17.2387	4.99997	-105	70	16.1934	-46.7161	17.2387	-4.99997	-105	-70	16.1934	0	0	0	0	0	0	0	0	0	0	0	0	0	
0	1	0	-0	0	0	-47.108	-17.3694	4.99997	-105	70	16.8467	-47.108	17.3694	-4.99997	-105	-70	16.8467	0	0	0	0	0	0	0	0	0	0	0	0	0	
0	1	0	-0	0	0	-47.5	-17.5	4.99997	-105	70	17.5	-47.5	17.5	-4.99997	-105	-70	17.5	0	0	0	0	0	0	0	0	0	0	0	0	0	
0	1	0	-0	0	0	-47.892	-17.6307	4.99997	-105	70	18.1533	-47.892	17.6307	-4.99997	-105	-70	18.1533	0	0	0	0	0	0	0	0	0	0	0	0	0	
0	1	0	-0	0	0	-48.284	-17.7613	4.99997	-105	70	18.8066	-48.284	17.7613	-4.99997	-105	-70	18.8066	0	0	0	0	0	0	0	0	0	0	0	0	0	
0	1	0	-0	0	0	-48.6716	-17.8905	4.99997	-105	70	19.4527	-48.6716	17.8905	-4.99997	-105	-70	19.4527	0	0	0	0	0	0	0	0	0	0	0	0	0	
0	1	0	-0	0	0	-49.0593	-18.0198	4.99997	-105	70	20.0989	-49.0593	18.0198	-4.99997	-105	-70	20.0989	0	0	0	0	0	0	0	0	0	0	0	0	0	
0	1	0	-0	0	0	-49.4385	-18.1461	4.99997	-105	70	20.7308	-49.4385	18.1461	-4.99997	-105	-70	20.7308	0	0	0	0	0	0	0	0	0	0	0	0	0	
0	1	0	-0	0	0	-49.8176	-18.2725	4.99997	-105	70	21.3627	-49.8176	18.2725	-4.99997	-105	-70	21.3627	0	0	0	0	0	0	0	0	0	0	0	0	0	
0	1	0	-0	0	0	-50.1841	-18.3947	4.99997	-105	70	21.9735	-50.1841	18.3947	-4.99997	-105	-70	21.9735	0	0	0	0	0	0	0	0	0	0	0	0	0	
0	1	0	-0	0	0	-50.5505	-18.5169	4.99997	-105	70	22.5842	-50.5505	18.5169	-4.99997	-105	-70	22.5842	0	0	0	0	0	0	0	0	0	0	0	0	0	
0	1	0	-0	0	0	-50.9003	-18.6334	4.99997	-105	70	23.1671	-50.9003	18.6334	-4.99997	-105	-70	23.1671	0	0	0	0	0	0	0	0	0	0	0	0	0	
0	1	0	-0	0	0	-51.25	-18.75	4.99997	-105	70	23.75	-51.25	18.75	-4.99997	-105	-70	23.75	0	0	0	0	0	0	0	0	0	0	0	0	0	
0	1	0	-0	0	0	-51.5792	-18.8597	4.99997	-105	70	24.2987	-51.5792	18.8597	-4.99997	-105	-70	24.2987	0	0	0	0	0	0	0	0	0	0	0	0	0	
0	1	0	-0	0	0	-51.9084	-18.9695	4.99997	-105	70	24.8473	-51.9084	18.9695	-4.99997	-105	-70	24.8473	0	0	0	0	0	0	0	0	0	0	0	0	0	
0	1	0	-0	0	0	-52.2134	-19.0712	4.99997	-105	70	25.3557	-52.2134	19.0712	-4.99997	-105	-70	25.3557	0	0	0	0	0	0	0	0	0	0	0	0	0	
0	1	0	-0	0	0	-52.5185	-19.1728	4.99997	-105	70	25.8641	-52.5185	19.1728	-4.99997	-105	-70	25.8641	0	0	0	0	0	0	0	0	0	0	0	0	0	
0	1	0	-0	0	0	-52.796	-19.2653	4.99997	-105	70	26.3267	-52.796	19.2653	-4.99997	-105	-70	26.3267	0	0	0	0	0	0	0	0	0	0	0	0	0	
0	1	0	-0	0	0	-53.0736	-19.3578	4.99997	-105	70	26.7893	-53.0736	19.3578	-4.99997	-105	-70	26.7893	0	0	0	0	0	0	0	0	0	0	0	0	0	
0	1	0	-0	0	0	-53.3206	-19.4402	4.99997	-105	70	27.201	-53.3206	19.4402	-4.99997	-105	-70	27.201	0	0	0	0	0	0	0	0	0	0	0	0	0	
0	1	0	-0	0	0	-53.5676	-19.5226	4.99997	-105	70	27.6127	-53.5676	19.5226	-4.99997	-105	-70	27.6127	0	0	0	0	0	0	0	0	0	0	0	0	0	
0	1	0	-0	0	0	-53.7814	-19.5938	4.99997	-105	70	27.969	-53.7814	19.5938	-4.99997	-105	-70	27.969	0	0	0	0	0	0	0	0	0	0	0	0	0	
0	1	0	-0	0	0	-53.9952	-19.6651	4.99997	-105	70	28.3253	-53.9952	19.6651	-4.99997	-105	-70	28.3253	0	0	0	0	0	0	0	0	0	0	0	0	0	
0	1	0	-0	0	0	-54.1734	-19.7245	4.99997	-105	70	28.6223	-54.1734	19.7245	-4.99997	-105	-70	28.6223	0	0	0	0	0	0	0	0	0	0	0	0	0	
0	1	0	-0	0	0	-54.3516	-19.7839	4.99997	-105	70	28.9193	-54.3516	19.7839	-4.99997	-105	-70	28.9193	0	0	0	0	0	0	0	0	0	0	0	0	0	
0	1	0	-0	0	0	-54.4922	-19.8308	4.99997	-105	70	29.1538	-54.4922	19.8308	-4.99997	-105	-70	29.1538	0	0	0	0	0	0	0	0	0	0	0	0	0	
0	1	0	-0	0	0	-54.6329	-19.8776	4.99997	-105	70	29.3882	-54.6329	19.8776	-4.99997	-105	-70	29.3882	0	0	0	0	0	0	0	0	0	0	0	0	0	
0	1	0	-0	0	0	-54.7345	-19.9115	4.99997	-105	70	29.5575	-54.7345	19.9115	-4.99997	-105	-70	29.5575	0	0	0	0	0	0	0	0	0	0	0	0	0	
0	1	0	-0	0	0	-54.8361	-19.9453	4.99997	-105	70	29.7268	-54.8361	19.9453	-4.99997	-105	-70	29.7268	0	0	0	0	0	0	0	0	0	0	0	0	0	
0	1	0	-0	0	0	-54.8975	-19.9658	4.99997	-105	70	29.8292	-54.8975	19.9658	-4.99997	-105	-70	29.8292	0	0	0	0	0	0	0	0	0	0	0	0	0	
0	1	0	-0	0	0	-54.9589	-19.9863	4.99997	-105	70	29.9315	-54.9589	19.9863	-4.99997	-105	-70	29.9315	0	0	0	0	0	0	0	0	0	0	0	0	0	
0	1	0	-0	0	0	-54.9795	-19.9932	4.99997	-105	70	29.9658	-54.9795	19.9932	-4.99997	-105	-70	29.9658	0	0	0	0	0	0	0	0	0	0	0	0	0	
0	1	0	-0	0	0	-55	-20	4.99997	-105	70	30	-55	20	-4.99997	-105	-70	30	0	0	0	0	0	0	0	0	0	0	0	0	0	
0	1	0	-0	0	0	-55	-20	4.99997	-105	70	30	-55	20	-4.99997	-105	-70	30	0	0	0	0	0	0	0	0	0	0	0	0	0	
0	1	0	-0	0	0	-55	-20	4.99997	-105	70	30	-55	20	-4.99997	-105	-70	30	0	0	0	0	0	0	0	0	0	0	0	0	0	
0	1	0	-0	0	0	-55	-20	4.99997	-105	70	30	-55	20	-4.99997	-105	-70	30	0	0	0	0	0	0	0	0	0	0	0	0	0	
0	1	0	-0	0	0	-55	-20	4.99997	-105	70	30	-55	20	-4.99997	-105	-70	30	0	0	0	0	0	0	0	0	0	0	0	0	0	
0	1	0	-0	0	0	-55	-20	4.99997	-105	70	30	-55	20	-4.99997	-105	-70	30	0	0	0	0	0	0	0	0	0	0	0	0	0	
0	1	0	-0	0	0	-55	-20	4.99997	-105	70	30	-55	20	-4.99997	-105	-70	30	0	0	0	0	0	0	0	0	0	0	0	0	0	
0	1	0	-0	0	0	-55	-20	4.99997	-105	70	30	-55	20	-4.99997	-105	-70	30	0	0	0	0	0	0	0	0	0	0	0	0	0	
0	1	0	-0	0	0	-55	-20	4.99997	-105	70	30	-55	20	-4.99997	-105	-70	30	0	0	0	0	0	0	0	0	0	0	0	0	0	
0	1	0	-0	0	0	-55	-20	4.99997	-105	70	30	-55	20	-4.99997	-105	-70	30	0	0	0	0	0	0	0	0	0	0	0	0	0	
0	1	0	-0	0	0	-55	-20	4.99997	-105	70	30	-55	20	-4.99997	-105	-70	30	0	0	0	0	0	0	0	0	0	0	0	0	0	
0	1	0	-0	0	0	-55	-20	4.99997	-105	70	30	-55	20	-4.99997	-105	-70	30	0	0	0	0	0	0	0	0	0	0	0	0	0	
0	1	0	-0	0	0	-55	-20	4.99997	-105	70	30	-55	20	-4.99997	-105	-70	30	0	0	0	0	0	0	0	0	0	0	0	0	0	
0	1	0	-0	0	0	-55	-20	4.99997	-105	70	30	-55	20	-4.99997	-105	-70	30	0	0	0	0	0	0	0	0	0	0	0	0	0	
0	1	0	-0	0	0	-55	-20	4.99997	-105	70	30	-55	20	-4.99997	-105	-70	30	0	0	0	0	0	0	0	0	0	0	0	0	0	
0	1	0	-0	0	0	-55	-20	4.99997	-105	70	30	-55	20	-4.99997	-105	-70	30	0	0	0	0	0	0	0	0	0	0	0	0	0	
0	1	0	-0	0	0	-55	-20	4.99997	-105	70	30	-55	20	-4.99997	-105	-70	30	0	0	0	0	0	0	0	0	0	0	0	0	0	
0	1	0	-0	0	0	-55	-20	4.99997	-105	70	30	-55	20	-4.99997	-105	-70	30	0	0	0	0	0	0	0	0	0	0	0	0	0	
0	1	0	-0	0	0	-55	-20	4.99997	-105	70	30	-55	20	-4.99997	-105	-70	30	0	0	0	0	0	0	0	0	0	0	0	0	0	
0	1	0	-0	0	0	-55	-20	4.99997	-105	70	30	-55	20	-4.99997	-105	-70	30	0	0	0	0	0	0	0	0	0	0	0	0	0	
0	1	0	-0	0	0	-55	-20	4.99997	-105	70	30	-55	20	-4.99997	-105	-70	30	0	0	0	0	0	0	0	0	0	0	0	0	0	
0	1	0	-0	0	0	-55	-20	4.99997	-105	70	30	-55	20	-4.99997	-105	-70	30	0	0	0	0	0	0	0	0	0	0	0	0	0	
0	1	0	-0	0	0	-55	-20	4.99997	-105	70	30	-55	20	-4.99997	-105	-70	30	0	0	0	0	0	0	0	0	0	0	0	0	0	
0	1	0	-0	0	0	-55	-20	4.99997	-105	70	30	-55	20	-4.99997	-105	-70	30	0	0	0	0	0	0	0	0	0	0	0	0	0	
0	1	0	-0	0	0	-55	-20	4.99997	-105	70	30	-55	20	-4.99997	-105	-70	30	0	0	0	0	0	0	0	0	0	0	0	0	0	
0	1	0	-0	0	0	-55	-20	4.99997	-105	70	30	-55	20	-4.99997	-105	-70	30	0	0	0	0	0	0	0	0	0	0	0	0	0	
0	1	0	-0	0	0	-55	-20	4.99997	-105	70	30	-55	20	-4.99997	-105	-70	30	0	0	0	0	0	0	0	0	0	0	0	0	0	
0	1	0	-0	0	0	-55	-20	4.99997	-105	70	30	-55	20	-4.99997	-105	-70	30	0	0	0	0	0	0	0	0	0	0	0	0	0	
0	1	0	-0	0	0	-55	-20	4.99997	-105	70	30	-55	20	-4.99997	-105	-70	30	0	0	0	0	0	0	0	0	0	0	0	0	0	
0	1	0	-0	0	0	-55	-20	4.99997	-105	70	30	-55	20	-4.99997	-105	-70	30	0	0	0	0	0	0	0	0	0	0	0	0	0	
0	1	0	-0	0	0	-55	-20	4.99997	-105	70	30	-55	20	-4.99997	-105	-70	30	0	0	0	0	0	0	0	0	0	0	0	0	0	
0	1	0	-0	0	0	-55	-20	4.99997	-105	70	30	-55	20	-4.99997	-105	-70	30	0	0	0	0	0	0	0	0	0	0	0	0	0	
0	1	0	-0	0	0	-55	-20	4.99997	-105	70	30	-55	20	-4.99997	-105	-70	30	0	0	0	0	0	0	0	0	0	0	0	0	0	
0	1	0	-0	0	0	-55	-20	4.99997	-105	70	30	-55	20	-4.99997	-105	-70	30	0	0	0	0	0	0	0	0	0	0	0	0	0	
0	1	0	-0	0	0	-55	-20	4.99997	-105	70	30	-55	20	-4.99997	-105	-70	30	0	0	0	0	0	0	0	0	0	0	0	0	0	
0	1	0	-0	0	0	-55	-20	4.99997	-105	70	30	-55	20	-4.99997	-105	-70	30	0	0	0	0	0	0	0	0	0	0	0	0	0	
0	1	0	-0	0	0	-55	-20	4.99997	-105	70	30	-55	20	-4.99997	-105	-70	30	0	0	0	0	0	0	0	0	0	0	0	0	0	
0	1	0	-0	0	0	-55	-20	4.99997	-105	70	30	-55	20	-4.99997	-105	-70	30	0	0	0	0	0	0	0	0	0	0	0	0	0	
0	1	0	-0	0	0	-55	-20	4.99997	-105	70	30	-55	20	-4.99997	-105	-70	30	0	0	0	0	0	0	0	0	0	0	0	0	0	
0	1	0	-0	0	0	-55	-20	4.99997	-105	70	30	-55	20	-4.99997	-105	-70	30	0	0	0	0	0	0	0	0	0	0	0	0	0	
0	1	0	-0	0	0	-55	-20	4.99997	-105	70	30	-55	20	-4.99997	-105	-70	30	0	0	0	0	0	0	0	0	0	0	0	0	0	
0	1	0	-0	0	0	-55	-20	4.99997	-105	70	30	-55	20	-4.99997	-105	-70	30	0	0	0	0	0	0	0	0	0	0	0	0	0	
0	1	0	-0	0	0	-55	-20	4.99997	-105	70	30	-55	20	-4.99997	-105	-70	30	0	0	0	0	0	0	0	0	0	0	0	0	0	
0	1	0	-0	0	0	-55	-20	4.99997	-105	70	30	-55	20	-4.99997	-105	-70	30	0	0	0	0	0	0	0	0	0	0	0	0	0	
0	1	0	-0	0	0	-55	-20	4.99997	-105	70	30	-55	20	-4.99997	-105	-70	30	0	0	0	0	0	0	0	0	0	0	0	0	0	
0	1	0	-0	0	0	-55	-20	4.99997	-105	70	30	-55	20	-4.99997	-105	-70	30	0	0	0	0	0	0	0	0	0	0	0	0	0	
0	1	0	-0	0	0	-55	-20	4.99997	-105	70	30	-55	20	-4.99997	-105	-70	30	0	0	0	0	0	0	0	0	0	0	0	0	0	
0	1	0	-0	0	0	-55	-20	4.99997	-105	70	30	-55	20	-4.99997	-105	-70	30	0	0	0	0	0	0	0	0	0	0	0	0	0	
0	1	0	-0	0	0	-55	-20	4.99997	-105	70	30	-55	20	-4.99997	-105	-70	30	0	0	0	0	0	0	0	0	0	0	0	0	0	
0	1	0	-0	0	0	-55	-20	4.99997	-105	70	30	-55	20	-4.99997	-105	-70	30	0	0	0	0	0	0	0	0	0	0	0	0	0	
0	1	0	-0	0	0	-55	-20	4.99997	-105	70	30	-55	20	-4.99997	-105	-70	30	0	0	0	0	0	0	0	0	0	0	0	0	0	
0	1	0	-0	0	0	-55	-20	4.99997	-105	70	30	-55	20	-4.99997	-105	-70	30	0	0	0	0	0	0	0	0	0	0	0	0	0	
0	1	0	-0	0	0	-55	-20	4.99997	-105	70	30	-55	20	-4.99997	-105	-70	30	0	0	0	0	0	0	0	0	0	0	0	0	0	
0	1	0	-0	0	0	-55	-20	4.99997	-105	70	30	-55	20	-4.99997	-105	-70	30	0	0	0	0	0	0	0	0	0	0	0	0	0	
0	1	0	-0	0	0	-55	-20	4.99997	-105	70	30	-55	20	-4.99997	-105	-70	30	0	0	0	0	0	0	0	0	0	0	0	0	0	
0	1	0	-0	0	0	-55	-20	4.99997	-105	70	30	-55	20	-4.99997	-105	-70	30	0	0	0	0	0	0	0	0	0	0	0	0	0	
0	1	0	-0	0	0	-55	-20	4.99997	-105	70	30	-55	20	-4.99997	-105	-70	30	0	0	0	0	0	0	0	0	0	0	0	0	0	
0	1	0	-0	0	0	-55	-20	4.99997	-105	70	30	-55	20	-4.99997	-105	-70	30	0	0	0	0	0	0	0	0	0	0	0	0	0	
0	1	0	-0	0	0	-55	-20	4.99997	-105	70	30	-55	20	-4.99997	-105	-70	30	0	0	0	0	0	0	0	0	0	0	0	0	0	
0	1	0	-0	0	0	-55	-20	4.99997	-105	70	30	-55	20	-4.99997	-105	-70	30	0	0	0	0	0	0	0	0	0	0	0	0	0	
0	1	0	-0	0	0	-55	-20	4.99997	-105	70	30	-55	20	-4.99997	-105	-70	30	0	0	0	0	0	0	0	0	0	0	0	0	0	
0	1	0	-0	0	0	-54.992	-19.9988	4.99937	-104.991	69.9913	29.9963	-54.992	19.9988	-4.99937	-104.991	-69.9913	29.9963	0	0	0	0	0	0	0	0	0	0	0	0	0	
0	1	0	-0	0	0	-54.984	-19.9975	4.99877	-104.982	69.9827	29.9926	-54.984	19.9975	-4.99877	-104.982	-69.9827	29.9926	0	0	0	0	0	0	0	0	0	0	0	0	0	
0	1	0	-0	0	0	-54.9599	-19.9938	4.99691	-104.954	69.9568	29.9815	-54.9599	19.9938	-4.99691	-104.954	-69.9568	29.9815	0	0	0	0	0	0	0	0	0	0	0	0	0	
0	1	0	-0	0	0	-54.9359	-19.9902	4.99505	-104.926	69.9309	29.9704	-54.9359	19.9902	-4.99505	-104.926	-69.9309	29.9704	0	0	0	0	0	0	0	0	0	0	0	0	0	
0	1	0	-0	0	0	-54.8958	-19.984	4.99198	-104.88	69.8878	29.9519	-54.8958	19.984	-4.99198	-104.88	-69.8878	29.9519	0	0	0	0	0	0	0	0	0	0	0	0	0	
0	1	0	-0	0	0	-54.8558	-19.9778	4.98892	-104.834	69.8446	29.9334	-54.8558	19.9778	-4.98892	-104.834	-69.8446	29.9334	0	0	0	0	0	0	0	0	0	0	0	0	0	
0	1	0	-0	0	0	-54.7997	-19.9692	4.98459	-104.769	69.7843	29.9076	-54.7997	19.9692	-4.98459	-104.769	-69.7843	29.9076	0	0	0	0	0	0	0	0	0	0	0	0	0	
0	1	0	-0	0	0	-54.7437	-19.9606	4.98026	-104.704	69.724	29.8817	-54.7437	19.9606	-4.98026	-104.704	-69.724	29.8817	0	0	0	0	0	0	0	0	0	0	0	0	0	
0	1	0	-0	0	0	-54.6718	-19.9495	4.97473	-104.621	69.6466	29.8485	-54.6718	19.9495	-4.97473	-104.621	-69.6466	29.8485	0	0	0	0	0	0	0	0	0	0	0	0	0	
0	1	0	-0	0	0	-54.5998	-19.9384	4.96921	-104.538	69.5691	29.8153	-54.5998	19.9384	-4.96921	-104.538	-69.5691	29.8153	0	0	0	0	0	0	0	0	0	0	0	0	0	
0	1	0	-0	0	0	-54.5121	-19.9249	4.96247	-104.437	69.4746	29.7748	-54.5121	19.9249	-4.96247	-104.437	-69.4746	29.7748	0	0	0	0	0	0	0	0	0	0	0	0	0	
0	1	0	-0	0	0	-54.4243	-19.9114	4.95574	-104.336	69.38	29.7343	-54.4243	19.9114	-4.95574	-104.336	-69.38	29.7343	0	0	0	0	0	0	0	0	0	0	0	0	0	
0	1	0	-0	0	0	-54.3208	-19.8955	4.94778	-104.216	69.2686	29.6865	-54.3208	19.8955	-4.94778	-104.216	-69.2686	29.6865	0	0	0	0	0	0	0	0	0	0	0	0	0	
0	1	0	-0	0	0	-54.2173	-19.8796	4.93981	-104.097	69.1571	29.6388	-54.2173	19.8796	-4.93981	-104.097	-69.1571	29.6388	0	0	0	0	0	0	0	0	0	0	0	0	0	
0	1	0	-0	0	0	-54.0981	-19.8612	4.93065	-103.959	69.0288	29.5838	-54.0981	19.8612	-4.93065	-103.959	-69.0288	29.5838	0	0	0	0	0	0	0	0	0	0	0	0	0	
0	1	0	-0	0	0	-53.9789	-19.8429	4.92148	-103.822	68.9004	29.5288	-53.9789	19.8429	-4.92148	-103.822	-68.9004	29.5288	0	0	0	0	0	0	0	0	0	0	0	0	0	
0	1	0	-0	0	0	-53.8442	-19.8222	4.91111	-103.666	68.7553	29.4666	-53.8442	19.8222	-4.91111	-103.666	-68.7553	29.4666	0	0	0	0	0	0	0	0	0	0	0	0	0	
0	1	0	-0	0	0	-53.7095	-19.8015	4.90074	-103.511	68.6103	29.4044	-53.7095	19.8015	-4.90074	-103.511	-68.6103	29.4044	0	0	0	0	0	0	0	0	0	0	0	0	0	
0	1	0	-0	0	0	-53.5594	-19.7784	4.88919	-103.338	68.4486	29.3351	-53.5594	19.7784	-4.88919	-103.338	-68.4486	29.3351	0	0	0	0	0	0	0	0	0	0	0	0	0	
0	1	0	-0	0	0	-53.4093	-19.7553	4.87765	-103.165	68.287	29.2658	-53.4093	19.7553	-4.87765	-103.165	-68.287	29.2658	0	0	0	0	0	0	0	0	0	0	0	0	0	
0	1	0	-0	0	0	-53.244	-19.7299	4.86493	-102.974	68.1089	29.1895	-53.244	19.7299	-4.86493	-102.974	-68.1089	29.1895	0	0	0	0	0	0	0	0	0	0	0	0	0	
0	1	0	-0	0	0	-53.0786	-19.7044	4.85221	-102.783	67.9309	29.1132	-53.0786	19.7044	-4.85221	-102.783	-67.9309	29.1132	0	0	0	0	0	0	0	0	0	0	0	0	0	
0	1	0	-0	0	0	-52.8982	-19.6767	4.83831	-102.575	67.7365	29.0299	-52.8982	19.6767	-4.83831	-102.575	-67.7365	29.0299	0	0	0	0	0	0	0	0	0	0	0	0	0	
0	1	0	-0	0	0	-52.7177	-19.6489	4.82442	-102.367	67.5422	28.9466	-52.7177	19.6489	-4.82442	-102.367	-67.5422	28.9466	0	0	0	0	0	0	0	0	0	0	0	0	0	
0	1	0	-0	0	0	-52.5224	-19.6188	4.80941	-102.141	67.3318	28.8565	-52.5224	19.6188	-4.80941	-102.141	-67.3318	28.8565	0	0	0	0	0	0	0	0	0	0	0	0	0	
0	1	0	-0	0	0	-52.327	-19.5888	4.7944	-101.916	67.1214	28.7663	-52.327	19.5888	-4.7944	-101.916	-67.1214	28.7663	0	0	0	0	0	0	0	0	0	0	0	0	0	
0	1	0	-0	0	0	-52.117	-19.5565	4.77824	-101.673	66.8952	28.6694	-52.117	19.5565	-4.77824	-101.673	-66.8952	28.6694	0	0	0	0	0	0	0	0	0	0	0	0	0	
0	1	0	-0	0	0	-51.9069	-19.5241	4.76208	-101.431	66.669	28.5724	-51.9069	19.5241	-4.76208	-101.431	-66.669	28.5724	0	0	0	0	0	0	0	0	0	0	0	0	0	
0	1	0	-0	0	0	-51.6823	-19.4896	4.74481	-101.172	66.4271	28.4688	-51.6823	19.4896	-4.74481	-101.172	-66.4271	28.4688	0	0	0	0	0	0	0	0	0	0	0	0	0	
0	1	0	-0	0	0	-51.4577	-19.455	4.72753	-100.913	66.1852	28.3651	-51.4577	19.455	-4.72753	-100.913	-66.1852	28.3651	0	0	0	0	0	0	0	0	0	0	0	0	0	
0	1	0	-0	0	0	-51.2188	-19.4183	4.70914	-100.637	65.928	28.2548	-51.2188	19.4183	-4.70914	-100.637	-65.928	28.2548	0	0	0	0	63.5	63.5	63.5	63.5	63.5	63.5	63.5	63.5	63.5	
0	1	0	-0	0	0	-50.98	-19.3816	4.69075	-100.362	65.6708	28.1446	-50.98	19.3816	-4.69075	-100.362	-65.6708	28.1446	0	0	0	0	127	127	127	127	127	127	127	127	127	
0	1	0	-0	0	0	-50.727	-19.3426	4.6713	-100.07	65.3984	28.0279	-50.727	19.3426	-4.6713	-100.07	-65.3984	28.0279	0	0	0	0	127	127	127	127	127	127	127	127	127	
0	1	0	-0	0	0	-50.4741	-19.3037	4.65184	-99.7778	65.126	27.9111	-50.4741	19.3037	-4.65184	-99.7778	-65.126	27.9111	0	0	0	0	127	127	127	127	127	127	127	127	127	
0	1	0	-0	0	0	-50.2074	-19.2627	4.63133	-99.4701	64.8387	27.788	-50.2074	19.2627	-4.63133	-99.4701	-64.8387	27.788	0	0	0	0	127	127	127	127	127	127	127	127	127	
0	1	0	-0	0	0	-49.9407	-19.2216	4.61082	-99.1623	64.5515	27.6649	-49.9407	19.2216	-4.61082	-99.1623	-64.5515	27.6649	0	0	0	0	127	127	127	127	127	127	127	127	127	
0	1	0	-0	0	0	-49.6604	-19.1785	4.58925	-98.8389	64.2497	27.5356	-49.6604	19.1785	-4.58925	-98.8389	-64.2497	27.5356	0	0	0	0	127	127	127	127	127	127	127	127	127	
0	1	0	-0	0	0	-49.3801	-19.1354	4.56768	-98.5155	63.9478	27.4062	-49.3801	19.1354	-4.56768	-98.5155	-63.9478	27.4062	0	0	0	0	127	127	127	127	127	127	127	127	127	
0	1	0	-0	0	0	-49.0866	-19.0902	4.5451	-98.1768	63.6317	27.2708	-49.0866	19.0902	-4.5451	-98.1768	-63.6317	27.2708	0	0	0	0	127	127	127	127	127	127	127	127	127	
0	1	0	-0	0	0	-48.793	-19.0451	4.52253	-97.8382	63.3156	27.1353	-48.793	19.0451	-4.52253	-97.8382	-63.3156	27.1353	0	0	0	0	127	127	127	127	127	127	127	127	127	
0	1	0	-0	0	0	-48.4865	-18.9979	4.49895	-97.4845	62.9855	26.9938	-48.4865	18.9979	-4.49895	-97.4845	-62.9855	26.9938	0	0	0	0	127	127	127	127	127	127	127	127	127	
0	1	0	-0	0	0	-48.18	-18.9508	4.47537	-97.1308	62.6555	26.8524	-48.18	18.9508	-4.47537	-97.1308	-62.6555	26.8524	0	0	0	0	127	127	127	127	127	127	127	127	127	
0	1	0	-0	0	0	-47.8609	-18.9016	4.45082	-96.7625	62.3117	26.705	-47.8609	18.9016	-4.45082	-96.7625	-62.3117	26.705	0	0	0	0	127	127	127	127	127	127	127	127	127	
0	1	0	-0	0	0	-47.5417	-18.8525	4.42627	-96.3942	61.968	26.5577	-47.5417	18.8525	-4.42627	-96.3942	-61.968	26.5577	0	0	0	0	127	127	127	127	127	127	127	127	127	
0	1	0	-0	0	0	-47.2101	-18.8016	4.40077	-96.0117	61.6109	26.4047	-47.2101	18.8016	-4.40077	-96.0117	-61.6109	26.4047	0	0	0	0	127	127	127	127	127	127	127	127	127	
0	1	0	-0	0	0	-46.8786	-18.7506	4.37528	-95.6292	61.2539	26.2517	-46.8786	18.7506	-4.37528	-95.6292	-61.2539	26.2517	0	0	0	0	127	127	127	127	127	127	127	127	127	
0	1	0	-0	0	0	-46.535	-18.6977	4.34884	-95.2327	60.8839	26.0931	-46.535	18.6977	-4.34884	-95.2327	-60.8839	26.0931	0	0	0	0	127	127	127	127	127	127	127	127	127	
0	1	0	-0	0	0	-46.1915	-18.6448	4.32239	-94.8363	60.5139	25.9345	-46.1915	18.6448	-4.32239	-94.8363	-60.5139	25.9345	0	0	0	0	127	127	127	127	127	127	127	127	127	
0	1	0	-0	0	0	-45.8362	-18.5902	4.29509	-94.4264	60.1313	25.7706	-45.8362	18.5902	-4.29509	-94.4264	-60.1313	25.7706	0	0	0	0	127	127	127	127	127	127	127	127	127	
0	1	0	-0	0	0	-45.481	-18.5355	4.26779	-94.0165	59.7487	25.6066	-45.481	18.5355	-4.26779	-94.0165	-59.7487	25.6066	0	0	0	0	127	127	127	127	127	127	127	127	127	
0	1	0	-0	0	0	-45.1144	-18.4791	4.23957	-93.5935	59.3539	25.4374	-45.1144	18.4791	-4.23957	-93.5935	-59.3539	25.4374	0	0	0	0	127	127	127	127	127	127	127	127	127	
0	1	0	-0	0	0	-44.7478	-18.4227	4.21135	-93.1705	58.9591	25.2682	-44.7478	18.4227	-4.21135	-93.1705	-58.9591	25.2682	0	0	0	0	127	127	127	127	127	127	127	127	127	
0	1	0	-0	0	0	-44.3702	-18.3646	4.18231	-92.7349	58.5525	25.0939	-44.3702	18.3646	-4.18231	-92.7349	-58.5525	25.0939	0	0	0	0	127	127	127	127	127	127	127	127	127	
0	1	0	-0	0	0	-43.9926	-18.3066	4.15326	-92.2992	58.1459	24.9197	-43.9926	18.3066	-4.15326	-92.2992	-58.1459	24.9197	0	0	0	0	127	127	127	127	127	127	127	127	127	
0	1	0	-0	0	0	-43.6044	-18.2468	4.12341	-91.8513	57.7279	24.7405	-43.6044	18.2468	-4.12341	-91.8513	-57.7279	24.7405	0	0	0	63.5	127	127	127	127	127	127	127	127	127	
0	1	0	-0	0	0	-43.2163	-18.1871	4.09355	-91.4034	57.3098	24.5614	-43.2163	18.1871	-4.09355	-91.4034	-57.3098	24.5614	0	0	0	127	127	127	127	127	127	127	127	127	127	
0	1	0	-0	0	0	-42.8179	-18.1258	4.0629	-90.9437	56.8808	24.3775	-42.8179	18.1258	-4.0629	-90.9437	-56.8808	24.3775	0	0	0	127	127	127	127	127	127	127	127	127	127	
0	1	0	-0	0	0	-42.4195	-18.0646	4.03225	-90.484	56.4518	24.1936	-42.4195	18.0646	-4.03225	-90.484	-56.4518	24.1936	0	0	0	127	127	127	127	127	127	127	127	127	127	
0	1	0	-0	0	0	-42.0113	-18.0017	4.00085	-90.013	56.0121	24.0052	-42.0113	18.0017	-4.00085	-90.013	-56.0121	24.0052	0	0	0	127	127	127	127	127	127	127	127	127	127	
0	1	0	-0	0	0	-41.603	-17.9389	3.96945	-89.542	55.5725	23.8168	-41.603	17.9389	-3.96945	-89.542	-55.5725	23.8168	0	0	0	127	127	127	127	127	127	127	127	127	127	
0	1	0	-0	0	0	-41.1854	-17.8747	3.93734	-89.06	55.1227	23.624	-41.1854	17.8747	-3.93734	-89.06	-55.1227	23.624	0	0	0	127	127	127	127	127	127	127	127	127	127	
0	1	0	-0	0	0	-40.7677	-17.8104	3.90522	-88.5781	54.673	23.4313	-40.7677	17.8104	-3.90522	-88.5781	-54.673	23.4313	0	0	0	127	127	127	127	127	127	127	127	127	127	
0	1	0	-0	0	0	-40.341	-17.7448	3.87239	-88.0858	54.2134	23.2344	-40.341	17.7448	-3.87239	-88.0858	-54.2134	23.2344	0	0	0	127	127	127	127	127	127	127	127	127	127	
0	1	0	-0	0	0	-39.9144	-17.6791	3.83956	-87.5935	53.7539	23.0374	-39.9144	17.6791	-3.83956	-87.5935	-53.7539	23.0374	0	0	0	127	127	127	127	127	127	127	127	127	127	
0	1	0	-0	0	0	-39.4791	-17.6122	3.80607	-87.0913	53.2852	22.8365	-39.4791	17.6122	-3.80607	-87.0913	-53.2852	22.8365	0	0	0	127	127	127	127	127	127	127	127	127	127	
0	1	0	-0	0	0	-39.0439	-17.5452	3.77258	-86.589	52.8165	22.6356	-39.0439	17.5452	-3.77258	-86.589	-52.8165	22.6356	0	0	0	127	127	127	127	127	127	127	127	127	127	
0	1	0	-0	0	0	-38.6004	-17.477	3.73849	-86.0774	52.3389	22.431	-38.6004	17.477	-3.73849	-86.0774	-52.3389	22.431	0	0	0	127	127	127	127	127	127	127	127	127	127	
0	1	0	-0	0	0	-38.157	-17.4087	3.7044	-85.5657	51.8614	22.2263	-38.157	17.4087	-3.7044	-85.5657	-51.8614	22.2263	0	0	0	127	127	127	127	127	127	127	127	127	127	
0	1	0	-0	0	0	-37.7058	-17.3394	3.66968	-85.0452	51.3755	22.0181	-37.7058	17.3394	-3.66968	-85.0452	-51.3755	22.0181	0	0	0	127	127	127	127	127	127	127	127	127	127	
0	1	0	-0	0	0	-37.2547	-17.27	3.63496	-84.5246	50.8897	21.8099	-37.2547	17.27	-3.63496	-84.5246	-50.8897	21.8099	0	0	0	127	127	127	127	127	127	127	127	127	127	
0	1	0	-0	0	0	-36.7963	-17.1994	3.59969	-83.9957	50.396	21.5983	-36.7963	17.1994	-3.59969	-83.9957	-50.396	21.5983	0	0	0	127	127	127	127	127	127	127	127	127	127	
0	1	0	-0	0	0	-36.3378	-17.1289	3.56443	-83.4667	49.9023	21.3867	-36.3378	17.1289	-3.56443	-83.4667	-49.9023	21.3867	0	0	0	127	127	127	127	127	127	127	127	127	127	
0	1	0	-0	0	0	-35.8726	-17.0573	3.52865	-82.9299	49.4012	21.172	-35.8726	17.0573	-3.52865	-82.9299	-49.4012	21.172	0	0	0	127	127	127	127	127	127	127	127	127	127	
0	1	0	-0	0	0	-35.4073	-16.9857	3.49287	-82.393	48.9002	20.9572	-35.4073	16.9857	-3.49287	-82.393	-48.9002	20.9572	0	0	0	127	127	127	127	127	127	127	127	127	127	
0	1	0	-0	0	0	-34.9357	-16.9132	3.4566	-81.8489	48.3923	20.7396	-34.9357	16.9132	-3.4566	-81.8489	-48.3923	20.7396	0	0	0	127	127	127	127	127	127	127	127	127	127	
0	1	0	-0	0	0	-34.464	-16.8406	3.42033	-81.3047	47.8844	20.5219	-34.464	16.8406	-3.42033	-81.3047	-47.8844	20.5219	0	0	0	127	127	127	127	127	127	127	127	127	127	
0	1	0	-0	0	0	-33.9865	-16.7672	3.38357	-80.7537	47.3701	20.3015	-33.9865	16.7672	-3.38357	-80.7537	-47.3701	20.3015	0	0	0	127	127	127	127	127	127	127	127	127	127	
0	1	0	-0	0	0	-33.509	-16.6937	3.34682	-80.2027	46.8559	20.0811	-33.509	16.6937	-3.34682	-80.2027	-46.8559	20.0811	0	0	0	127	127	127	127	127	127	127	127	127	127	
0	1	0	-0	0	0	-33.026	-16.6194	3.30969	-79.6454	46.3357	19.8582	-33.026	16.6194	-3.30969	-79.6454	-46.3357	19.8582	0	0	0	127	127	127	127	127	127	127	127	127	127	
0	1	0	-0	0	0	-32.5431	-16.5451	3.27256	-79.0882	45.8156	19.6353	-32.5431	16.5451	-3.27256	-79.0882	-45.8156	19.6353	0	0	0	127	127	127	127	127	127	127	127	127	127	
0	1	0	-0	0	0	-32.0552	-16.47	3.23503	-78.5252	45.2901	19.4101	-32.0552	16.47	-3.23503	-78.5252	-45.2901	19.4101	0	0	0	127	127	127	127	127	127	127	127	127	127	
0	1	0	-0	0	0	-31.5672	-16.395	3.19751	-77.9622	44.7647	19.1849	-31.5672	16.395	-3.19751	-77.9622	-44.7647	19.1849	0	0	0	127	127	127	127	127	127	127	127	127	127	
0	1	0	-0	0	0	-31.0748	-16.3192	3.1596	-77.3941	44.2344	18.9576	-31.0748	16.3192	-3.1596	-77.3941	-44.2344	18.9576	0	0	0	127	127	127	127	127	127	127	127	127	127	
0	1	0	-0	0	0	-30.5824	-16.2435	3.1217	-76.8259	43.7041	18.7303	-30.5824	16.2435	-3.1217	-76.8259	-43.7041	18.7303	0	0	0	127	127	127	127	127	127	127	127	127	127	
0	1	0	-0	0	0	-30.086	-16.1671	3.08354	-76.2531	43.1696	18.5012	-30.086	16.1671	-3.08354	-76.2531	-43.1696	18.5012	0	0	0	127	127	127	127	127	127	127	127	127	127	
0	1	0	-0	0	0	-29.5897	-16.0907	3.04539	-75.6804	42.6351	18.2721	-29.5897	16.0907	-3.04539	-75.6804	-42.6351	18.2721	0	0	0	127	127	127	127	127	127	127	127	127	127	
0	1	0	-0	0	0	-29.0898	-16.0138	3.00691	-75.1036	42.0967	18.0414	-29.0898	16.0138	-3.00691	-75.1036	-42.0967	18.0414	0	0	0	127	127	127	127	127	127	127	127	127	127	
0	1	0	-0	0	0	-28.5899	-15.9369	2.96844	-74.5268	41.5583	17.8107	-28.5899	15.9369	-2.96844	-74.5268	-41.5583	17.8107	0	0	0	127	127	127	127	127	127	127	127	127	127	
0	1	0	-0	0	0	-28.087	-15.8596	2.92976	-73.9466	41.0168	17.5786	-28.087	15.8596	-2.92976	-73.9466	-41.0168	17.5786	0	0	0	127	127	127	127	127	127	127	127	127	127	
0	1	0	-0	0	0	-27.5841	-15.7822	2.89109	-73.3663	40.4752	17.3465	-27.5841	15.7822	-2.89109	-73.3663	-40.4752	17.3465	0	0	0	127	127	127	127	127	127	127	127	127	127	
0	1	0	-0	0	0	-27.0787	-15.7044	2.85221	-72.7832	39.9309	17.1133	-27.0787	15.7044	-2.85221	-72.7832	-39.9309	17.1133	0	0	0	127	127	127	127	127	127	127	127	127	127	
0	1	0	-0	0	0	-26.5733	-15.6267	2.81334	-72.2	39.3867	16.88	-26.5733	15.6267	-2.81334	-72.2	-39.3867	16.88	0	0	0	127	127	127	127	127	127	127	127	127	127	
0	1	0	-0	0	0	-26.0659	-15.5486	2.77429	-71.6145	38.8402	16.6458	-26.0659	15.5486	-2.77429	-71.6145	-38.8402	16.6458	0	0	0	127	127	127	127	127	127	127	127	127	127	
0	1	0	-0	0	0	-25.5585	-15.4705	2.73524	-71.0291	38.2938	16.4116	-25.5585	15.4705	-2.73524	-71.0291	-38.2938	16.4116	0	0	0	127	127	127	127	127	127	127	127	127	127	
0	1	0	-0	0	0	-25.0496	-15.3923	2.69611	-70.4419	37.7457	16.1767	-25.0496	15.3923	-2.69611	-70.4419	-37.7457	16.1767	0	0	0	127	127	127	127	127	127	127	127	127	127	
0	1	0	-0	0	0	-24.5407	-15.314	2.65698	-69.8547	37.1977	15.9419	-24.5407	15.314	-2.65698	-69.8547	-37.1977	15.9419	0	0	0	127	127	127	127	127	127	127	127	127	127	
0	1	0	-0	0	0	-24.0308	-15.2355	2.61776	-69.2663	36.6485	15.7065	-24.0308	15.2355	-2.61776	-69.2663	-36.6485	15.7065	0	0	0	127	127	127	127	127	127	127	127	127	127	
0	1	0	-0	0	0	-23.5208	-15.1571	2.57854	-68.6779	36.0994	15.4712	-23.5208	15.1571	-2.57854	-68.6779	-36.0994	15.4712	0	0	0	127	127	127	127	127	127	127	127	127	127	
0	1	0	-0	0	0	-23.0104	-15.0785	2.53926	-68.089	35.5497	15.2356	-23.0104	15.0785	-2.53926	-68.089	-35.5497	15.2356	0	0	0	127	127	127	127	127	127	127	127	127	127	
0	1	0	-0	0	0	-22.5	-15	2.49999	-67.5	35	15	-22.5	15	-2.49999	-67.5	-35	15	0	0	0	127	127	127	127	127	127	127	127	127	127	
0	1	0	-0	0	0	-21.9896	-14.9215	2.46074	-66.9111	34.4503	14.7644	-21.9896	14.9215	-2.46074	-66.9111	-34.4503	14.7644	0	0	0	63.5	63.5	63.5	63.5	63.5	63.5	63.5	63.5	63.5	63.5	
0	1	0	-0	0	0	-21.4792	-14.8429	2.42149	-66.3221	33.9007	14.5288	-21.4792	14.8429	-2.42149	-66.3221	-33.9007	14.5288	0	0	0	0	0	0	0	0	0	0	0	0	0	
0	1	0	-0	0	0	-20.9692	-14.7645	2.38227	-65.7337	33.3515	14.2935	-20.9692	14.7645	-2.38227	-65.7337	-33.3515	14.2935	0	0	0	0	0	0	0	0	0	0	0	0	0	
0	1	0	-0	0	0	-20.4593	-14.6861	2.34305	-65.1454	32.8023	14.0581	-20.4593	14.6861	-2.34305	-65.1454	-32.8023	14.0581	0	0	0	0	0	0	0	0	0	0	0	0	0	
0	1	0	-0	0	0	-19.9504	-14.6078	2.30389	-64.5582	32.2543	13.8233	-19.9504	14.6078	-2.30389	-64.5582	-32.2543	13.8233	0	0	0	0	0	0	0	0	0	0	0	0	0	
0	1	0	-0	0	0	-19.4415	-14.5295	2.26473	-63.971	31.7062	13.5884	-19.4415	14.5295	-2.26473	-63.971	-31.7062	13.5884	0	0	0	0	0	0	0	0	0	0	0	0	0	
0	1	0	-0	0	0	-18.9341	-14.4514	2.22571	-63.3855	31.1598	13.3542	-18.9341	14.4514	-2.22571	-63.3855	-31.1598	13.3542	0	0	0	0	0	0	0	0	0	0	0	0	0	
0	1	0	-0	0	0	-18.4267	-14.3733	2.18669	-62.8	30.6134	13.12	-18.4267	14.3733	-2.18669	-62.8	-30.6134	13.12	0	0	0	0	0	0	0	0	0	0	0	0	0	
0	1	0	-0	0	0	-17.9213	-14.2956	2.14782	-62.2169	30.0691	12.8867	-17.9213	14.2956	-2.14782	-62.2169	-30.0691	12.8867	0	0	0	0	0	0	0	0	0	0	0	0	0	
0	1	0	-0	0	0	-17.4159	-14.2178	2.10894	-61.6337	29.5248	12.6535	-17.4159	14.2178	-2.10894	-61.6337	-29.5248	12.6535	0	0	0	0	0	0	0	0	0	0	0	0	0	
0	1	0	-0	0	0	-16.913	-14.1405	2.07024	-61.0535	28.9832	12.4214	-16.913	14.1405	-2.07024	-61.0535	-28.9832	12.4214	0	0	0	0	0	0	0	0	0	0	0	0	0	
0	1	0	-0	0	0	-16.4101	-14.0631	2.03154	-60.4732	28.4417	12.1893	-16.4101	14.0631	-2.03154	-60.4732	-28.4417	12.1893	0	0	0	0	0	0	0	0	0	0	0	0	0	
0	1	0	-0	0	0	-15.9102	-13.9862	1.99309	-59.8964	27.9033	11.9586	-15.9102	13.9862	-1.99309	-59.8964	-27.9033	11.9586	0	0	0	0	0	0	0	0	0	0	0	0	0	
0	1	0	-0	0	0	-15.4103	-13.9093	1.95465	-59.3196	27.365	11.7279	-15.4103	13.9093	-1.95465	-59.3196	-27.365	11.7279	0	0	0	0	0	0	0	0	0	0	0	0	0	
0	1	0	-0	0	0	-14.9139	-13.8329	1.91646	-58.7469	26.8304	11.4988	-14.9139	13.8329	-1.91646	-58.7469	-26.8304	11.4988	0	0	0	0	0	0	0	0	0	0	0	0	0	
0	1	0	-0	0	0	-14.4176	-13.7565	1.87827	-58.1741	26.2958	11.2697	-14.4176	13.7565	-1.87827	-58.1741	-26.2958	11.2697	0	0	0	0	0	0	0	0	0	0	0	0	0	
0	1	0	-0	0	0	-13.9252	-13.6808	1.8404	-57.606	25.7656	11.0424	-13.9252	13.6808	-1.8404	-57.606	-25.7656	11.0424	0	0	0	0	0	0	0	0	0	0	0	0	0	
0	1	0	-0	0	0	-13.4328	-13.6051	1.80253	-57.0378	25.2354	10.8152	-13.4328	13.6051	-1.80253	-57.0378	-25.2354	10.8152	0	0	0	0	0	0	0	0	0	0	0	0	0	
0	1	0	-0	0	0	-12.9449	-13.53	1.765	-56.4748	24.7099	10.59	-12.9449	13.53	-1.765	-56.4748	-24.7099	10.59	0	0	0	0	0	0	0	0	0	0	0	0	0	
0	1	0	-0	0	0	-12.457	-13.4549	1.72747	-55.9119	24.1844	10.3647	-12.457	13.4549	-1.72747	-55.9119	-24.1844	10.3647	0	0	0	0	0	0	0	0	0	0	0	0	0	
0	1	0	-0	0	0	-11.974	-13.3806	1.69031	-55.3546	23.6643	10.1418	-11.974	13.3806	-1.69031	-55.3546	-23.6643	10.1418	0	0	0	0	0	0	0	0	0	0	0	0	0	
0	1	0	-0	0	0	-11.491	-13.3063	1.65316	-54.7973	23.1442	9.91893	-11.491	13.3063	-1.65316	-54.7973	-23.1442	9.91893	0	0	0	0	0	0	0	0	0	0	0	0	0	
0	1	0	-0	0	0	-11.0135	-13.2328	1.61643	-54.2464	22.6299	9.69854	-11.0135	13.2328	-1.61643	-54.2464	-22.6299	9.69854	0	0	0	0	0	0	0	0	0	0	0	0	0	
0	1	0	-0	0	0	-10.5359	-13.1594	1.5797	-53.6954	22.1157	9.47815	-10.5359	13.1594	-1.5797	-53.6954	-22.1157	9.47815	0	0	0	0	0	0	0	0	0	0	0	0	0	
0	1	0	-0	0	0	-10.0643	-13.0868	1.54341	-53.1512	21.6078	9.26046	-10.0643	13.0868	-1.54341	-53.1512	-21.6078	9.26046	0	0	0	0	0	0	0	0	0	0	0	0	0	
0	1	0	-0	0	0	-9.59269	-13.0143	1.50711	-52.607	21.0999	9.04276	-9.59269	13.0143	-1.50711	-52.607	-21.0999	9.04276	0	0	0	0	0	0	0	0	0	0	0	0	0	
0	1	0	-0	0	0	-9.12745	-12.9427	1.47133	-52.0701	20.5988	8.82805	-9.12745	12.9427	-1.47133	-52.0701	-20.5988	8.82805	0	0	0	0	0	0	0	0	0	0	0	0	0	
0	1	0	-0	0	0	-8.66221	-12.8711	1.43555	-51.5333	20.0978	8.61333	-8.66221	12.8711	-1.43555	-51.5333	-20.0978	8.61333	0	0	0	0	0	0	0	0	0	0	0	0	0	
0	1	0	-0	0	0	-8.20375	-12.8006	1.40028	-51.0043	19.604	8.40174	-8.20375	12.8006	-1.40028	-51.0043	-19.604	8.40174	0	0	0	0	0	0	0	0	0	0	0	0	0	
0	1	0	-0	0	0	-7.7453	-12.73	1.36501	-50.4753	19.1103	8.19015	-7.7453	12.73	-1.36501	-50.4753	-19.1103	8.19015	0	0	0	0	0	0	0	0	0	0	0	0	0	
0	1	0	-0	0	0	-7.29415	-12.6606	1.33032	-49.9548	18.6245	7.98193	-7.29415	12.6606	-1.33032	-49.9548	-18.6245	7.98193	0	0	0	0	0	0	0	0	0	0	0	0	0	
0	1	0	-0	0	0	-6.84301	-12.5912	1.29563	-49.4342	18.1386	7.77372	-6.84301	12.5912	-1.29563	-49.4342	-18.1386	7.77372	0	0	0	0	0	0	0	0	0	0	0	0	0	
0	1	0	-0	0	0	-6.39959	-12.523	1.26151	-48.9226	17.6611	7.56906	-6.39959	12.523	-1.26151	-48.9226	-17.6611	7.56906	0	0	0	0	0	0	0	0	0	0	0	0	0	
0	1	0	-0	0	0	-5.95618	-12.4548	1.22739	-48.411	17.1836	7.3644	-5.95618	12.4548	-1.22739	-48.411	-17.1836	7.3644	0	0	0	0	0	0	0	0	0	0	0	0	0	
0	1	0	-0	0	0	-5.52091	-12.3878	1.1939	-47.9088	16.7148	7.16349	-5.52091	12.3878	-1.1939	-47.9088	-16.7148	7.16349	0	0	0	0	0	0	0	0	0	0	0	0	0	
0	1	0	-0	0	0	-5.08563	-12.3209	1.16041	-47.4065	16.246	6.96258	-5.08563	12.3209	-1.16041	-47.4065	-16.246	6.96258	0	0	0	0	0	0	0	0	0	0	0	0	0	
0	1	0	-0	0	0	-4.65898	-12.2552	1.12761	-46.9142	15.7866	6.76566	-4.65898	12.2552	-1.12761	-46.9142	-15.7866	6.76566	0	0	0	0	0	0	0	0	0	0	0	0	0	
0	1	0	-0	0	0	-4.23232	-12.1896	1.09481	-46.4219	15.3271	6.56873	-4.23232	12.1896	-1.09481	-46.4219	-15.3271	6.56873	0	0	0	0	0	0	0	0	0	0	0	0	0	
0	1	0	-0	0	0	-3.81467	-12.1253	1.06266	-45.94	14.8773	6.37599	-3.81467	12.1253	-1.06266	-45.94	-14.8773	6.37599	0	0	0	0	0	0	0	0	0	0	0	0	0	
0	1	0	-0	0	0	-3.39701	-12.061	1.03052	-45.4581	14.4275	6.18325	-3.39701	12.061	-1.03052	-45.4581	-14.4275	6.18325	0	0	0	0	0	0	0	0	0	0	0	0	0	
0	1	0	-0	0	0	-2.98878	-11.9983	0.999124	-44.987	13.9879	5.99483	-2.98878	11.9983	-0.999124	-44.987	-13.9879	5.99483	0	0	0	0	0	0	0	0	0	0	0	0	0	
0	1	0	-0	0	0	-2.58054	-11.9355	0.967726	-44.516	13.5483	5.80641	-2.58054	11.9355	-0.967726	-44.516	-13.5483	5.80641	0	0	0	0	0	0	0	0	0	0	0	0	0	
0	1	0	-0	0	0	-2.18214	-11.8742	0.937072	-44.0563	13.1192	5.62252	-2.18214	11.8742	-0.937072	-44.0563	-13.1192	5.62252	0	0	0	0	0	0	0	0	0	0	0	0	0	
0	1	0	-0	0	0	-1.78373	-11.8129	0.906419	-43.5966	12.6902	5.43863	-1.78373	11.8129	-0.906419	-43.5966	-12.6902	5.43863	0	0	0	0	0	0	0	0	0	0	0	0	0	
0	1	0	-0	0	0	-1.39555	-11.7532	0.876568	-43.1487	12.2721	5.25947	-1.39555	11.7532	-0.876568	-43.1487	-12.2721	5.25947	0	0	0	0	0	0	0	0	0	0	0	0	0	
0	1	0	-0	0	0	-1.00737	-11.6934	0.846717	-42.7008	11.8541	5.0803	-1.00737	11.6934	-0.846717	-42.7008	-11.8541	5.0803	0	0	0	0	0	0	0	0	0	0	0	0	0	
0	1	0	-0	0	0	-0.629795	-11.6353	0.817668	-42.2651	11.4475	4.90604	-0.629795	11.6353	-0.817668	-42.2651	-11.4475	4.90604	0	0	0	0	0	0	0	0	0	0	0	0	0	
0	1	0	-0	0	0	-0.252216	-11.5772	0.788619	-41.8295	11.0408	4.73177	-0.252216	11.5772	-0.788619	-41.8295	-11.0408	4.73177	0	0	0	0	0	0	0	0	0	0	0	0	0	
0	1	0	-0	0	0	0.114362	-11.5209	0.76043	-41.4065	10.646	4.56258	0.114362	11.5209	-0.76043	-41.4065	-10.646	4.56258	0	0	0	0	0	0	0	0	0	0	0	0	0	
0	1	0	-0	0	0	0.480941	-11.4645	0.73224	-40.9835	10.2512	4.39338	0.480941	11.4645	-0.73224	-40.9835	-10.2512	4.39338	0	0	0	0	0	0	0	0	0	0	0	0	0	
0	1	0	-0	0	0	0.836203	-11.4098	0.70491	-40.5736	9.86868	4.22943	0.836203	11.4098	-0.70491	-40.5736	-9.86868	4.22943	0	0	0	0	0	0	0	0	0	0	0	0	0	
0	1	0	-0	0	0	1.19147	-11.3552	0.67758	-40.1637	9.48612	4.06548	1.19147	11.3552	-0.67758	-40.1637	-9.48612	4.06548	0	0	0	0	0	0	0	0	0	0	0	0	0	
0	1	0	-0	0	0	1.53504	-11.3023	0.651138	-39.7673	9.11613	3.90691	1.53504	11.3023	-0.651138	-39.7673	-9.11613	3.90691	0	0	0	0	0	0	0	0	0	0	0	0	0	
0	1	0	-0	0	0	1.87861	-11.2495	0.624696	-39.3709	8.74614	3.74835	1.87861	11.2495	-0.624696	-39.3709	-8.74614	3.74835	0	0	0	0	0	0	0	0	0	0	0	0	0	
0	1	0	-0	0	0	2.21016	-11.1984	0.599199	-38.9883	8.3891	3.59534	2.21016	11.1984	-0.599199	-38.9883	-8.3891	3.59534	0	0	0	0	0	0	0	0	0	0	0	0	0	
0	1	0	-0	0	0	2.5417	-11.1474	0.573703	-38.6058	8.03207	3.44233	2.5417	11.1474	-0.573703	-38.6058	-8.03207	3.44233	0	0	0	0	0	0	0	0	0	0	0	0	0	
0	1	0	-0	0	0	2.86086	-11.0983	0.549151	-38.2375	7.68832	3.29499	2.86086	11.0983	-0.549151	-38.2375	-7.68832	3.29499	0	0	0	0	0	0	0	0	0	0	0	0	0	
0	1	0	-0	0	0	3.18003	-11.0492	0.5246	-37.8692	7.34457	3.14766	3.18003	11.0492	-0.5246	-37.8692	-7.34457	3.14766	0	0	0	0	0	0	0	0	0	0	0	0	0	
0	1	0	-0	0	0	3.48653	-11.0021	0.501023	-37.5155	7.01449	3.00619	3.48653	11.0021	-0.501023	-37.5155	-7.01449	3.00619	0	0	0	0	0	0	0	0	0	0	0	0	0	
0	1	0	-0	0	0	3.79304	-10.9549	0.477446	-37.1619	6.68441	2.86473	3.79304	10.9549	-0.477446	-37.1619	-6.68441	2.86473	0	0	0	0	0	0	0	0	0	0	0	0	0	
0	1	0	-0	0	0	4.08656	-10.9097	0.454871	-36.8232	6.36831	2.72926	4.08656	10.9097	-0.454871	-36.8232	-6.36831	2.72926	0	0	0	0	0	0	0	0	0	0	0	0	0	
0	1	0	-0	0	0	4.38009	-10.8646	0.432297	-36.4845	6.05221	2.59378	4.38009	10.8646	-0.432297	-36.4845	-6.05221	2.59378	0	0	0	0	0	0	0	0	0	0	0	0	0	
0	1	0	-0	0	0	4.66038	-10.8215	0.410725	-36.1611	5.75038	2.46443	4.66038	10.8215	-0.410725	-36.1611	-5.75038	2.46443	0	0	0	0	0	0	0	0	0	0	0	0	0	
0	1	0	-0	0	0	4.94067	-10.7784	0.389153	-35.8377	5.44854	2.33509	4.94067	10.7784	-0.389153	-35.8377	-5.44854	2.33509	0	0	0	0	0	0	0	0	0	0	0	0	0	
0	1	0	-0	0	0	5.20738	-10.7373	0.368641	-35.5299	5.16129	2.21199	5.20738	10.7373	-0.368641	-35.5299	-5.16129	2.21199	0	0	0	0	0	0	0	0	0	0	0	0	0	
0	1	0	-0	0	0	5.4741	-10.6963	0.348129	-35.2222	4.87404	2.08889	5.4741	10.6963	-0.348129	-35.2222	-4.87404	2.08889	0	0	0	0	0	0	0	0	0	0	0	0	0	
0	1	0	-0	0	0	5.72703	-10.6574	0.328677	-34.9303	4.60165	1.97215	5.72703	10.6574	-0.328677	-34.9303	-4.60165	1.97215	0	0	0	0	0	0	0	0	0	0	0	0	0	
0	1	0	-0	0	0	5.97996	-10.6185	0.309225	-34.6385	4.32927	1.85541	5.97996	10.6185	-0.309225	-34.6385	-4.32927	1.85541	0	0	0	0	0	0	0	0	0	0	0	0	0	
0	1	0	-0	0	0	6.21883	-10.5817	0.290862	-34.3629	4.07204	1.74517	6.21883	10.5817	-0.290862	-34.3629	-4.07204	1.74517	0	0	0	0	0	0	0	0	0	0	0	0	0	
0	1	0	-0	0	0	6.45769	-10.5449	0.272499	-34.0873	3.81481	1.63494	6.45769	10.5449	-0.272499	-34.0873	-3.81481	1.63494	0	0	0	0	0	0	0	0	0	0	0	0	0	
0	1	0	-0	0	0	6.68229	-10.5104	0.255224	-33.8281	3.57294	1.53126	6.68229	10.5104	-0.255224	-33.8281	-3.57294	1.53126	0	0	0	0	0	0	0	0	0	0	0	0	0	
0	1	0	-0	0	0	6.90689	-10.4758	0.237949	-33.569	3.33106	1.42758	6.90689	10.4758	-0.237949	-33.569	-3.33106	1.42758	0	0	0	0	0	0	0	0	0	0	0	0	0	
0	1	0	-0	0	0	7.11697	-10.4435	0.221792	-33.3266	3.10483	1.33064	7.11697	10.4435	-0.221792	-33.3266	-3.10483	1.33064	0	0	0	0	0	0	0	0	0	0	0	0	0	
0	1	0	-0	0	0	7.32704	-10.4112	0.205635	-33.0842	2.8786	1.23369	7.32704	10.4112	-0.205635	-33.0842	-2.8786	1.23369	0	0	0	0	0	0	0	0	0	0	0	0	0	
0	1	0	-0	0	0	7.52239	-10.3812	0.190594	-32.8588	2.66821	1.14354	7.52239	10.3812	-0.190594	-32.8588	-2.66821	1.14354	0	0	0	0	0	0	0	0	0	0	0	0	0	
0	1	0	-0	0	0	7.71774	-10.3511	0.175554	-32.6334	2.45782	1.05338	7.71774	10.3511	-0.175554	-32.6334	-2.45782	1.05338	0	0	0	0	0	0	0	0	0	0	0	0	0	
0	1	0	-0	0	0	7.89817	-10.3234	0.161689	-32.4252	2.2635	0.970075	7.89817	10.3234	-0.161689	-32.4252	-2.2635	0.970075	0	0	0	0	0	0	0	0	0	0	0	0	0	
0	1	0	-0	0	0	8.07859	-10.2956	0.147823	-32.217	2.06918	0.886767	8.07859	10.2956	-0.147823	-32.217	-2.06918	0.886767	0	0	0	0	0	0	0	0	0	0	0	0	0	
0	1	0	-0	0	0	8.24397	-10.2702	0.135103	-32.0262	1.8911	0.810449	8.24397	10.2702	-0.135103	-32.0262	-1.8911	0.810449	0	0	0	0	0	0	0	0	0	0	0	0	0	
0	1	0	-0	0	0	8.40936	-10.2447	0.122384	-31.8354	1.71303	0.734131	8.40936	10.2447	-0.122384	-31.8354	-1.71303	0.734131	0	0	0	0	0	0	0	0	0	0	0	0	0	
0	1	0	-0	0	0	8.55945	-10.2216	0.110839	-31.6622	1.55137	0.66486	8.55945	10.2216	-0.110839	-31.6622	-1.55137	0.66486	0	0	0	0	0	0	0	0	0	0	0	0	0	
0	1	0	-0	0	0	8.70953	-10.1985	0.0992936	-31.489	1.38971	0.59559	8.70953	10.1985	-0.0992936	-31.489	-1.38971	0.59559	0	0	0	0	0	0	0	0	0	0	0	0	0	
0	1	0	-0	0	0	8.84423	-10.1778	0.088923	-31.3336	1.24466	0.533424	8.84423	10.1778	-0.088923	-31.3336	-1.24466	0.533424	0	0	0	0	0	0	0	0	0	0	0	0	0	
0	1	0	-0	0	0	8.97894	-10.1571	0.0785525	-31.1781	1.09962	0.471258	8.97894	10.1571	-0.0785525	-31.1781	-1.09962	0.471258	0	0	0	0	0	0	0	0	0	0	0	0	0	
0	1	0	-0	0	0	9.09811	-10.1388	0.0693852	-31.0406	0.971278	0.416254	9.09811	10.1388	-0.0693852	-31.0406	-0.971278	0.416254	0	0	0	0	0	0	0	0	0	0	0	0	0	
0	1	0	-0	0	0	9.21729	-10.1204	0.0602179	-30.9031	0.842936	0.36125	9.21729	10.1204	-0.0602179	-30.9031	-0.842936	0.36125	0	0	0	0	0	0	0	0	0	0	0	0	0	
0	1	0	-0	0	0	9.32082	-10.1045	0.0522538	-30.7837	0.731438	0.313465	9.32082	10.1045	-0.0522538	-30.7837	-0.731438	0.313465	0	0	0	0	0	0	0	0	0	0	0	0	0	
0	1	0	-0	0	0	9.42435	-10.0886	0.0442896	-30.6642	0.61994	0.265681	9.42435	10.0886	-0.0442896	-30.6642	-0.61994	0.265681	0	0	0	0	0	0	0	0	0	0	0	0	0	
0	1	0	-0	0	0	9.5121	-10.0751	0.0375287	-30.563	0.525431	0.225172	9.5121	10.0751	-0.0375287	-30.563	-0.525431	0.225172	0	0	0	0	0	0	0	0	0	0	0	0	0	
0	1	0	-0	0	0	9.59985	-10.0615	0.0307678	-30.4617	0.430922	0.184664	9.59985	10.0615	-0.0307678	-30.4617	-0.430922	0.184664	0	0	0	0	0	0	0	0	0	0	0	0	0	
0	1	0	-0	0	0	9.67179	-10.0505	0.0252388	-30.3787	0.353458	0.151461	9.67179	10.0505	-0.0252388	-30.3787	-0.353458	0.151461	0	0	0	0	0	0	0	0	0	0	0	0	0	
0	1	0	-0	0	0	9.74372	-10.0394	0.0197097	-30.2957	0.275994	0.118258	9.74372	10.0394	-0.0197097	-30.2957	-0.275994	0.118258	0	0	0	0	0	0	0	0	0	0	0	0	0	
0	1	0	-0	0	0	9.79976	-10.0308	0.0154126	-30.2311	0.215661	0.0924181	9.79976	10.0308	-0.0154126	-30.2311	-0.215661	0.0924181	0	0	0	0	0	0	0	0	0	0	0	0	0	
0	1	0	-0	0	0	9.85579	-10.0222	0.0111154	-30.1664	0.155329	0.0665777	9.85579	10.0222	-0.0111154	-30.1664	-0.155329	0.0665777	0	0	0	0	0	0	0	0	0	0	0	0	0	
0	1	0	-0	0	0	9.89584	-10.016	0.00802141	-30.1202	0.112185	0.0480998	9.89584	10.016	-0.00802141	-30.1202	-0.112185	0.0480998	0	0	0	0	0	0	0	0	0	0	0	0	0	
0	1	0	-0	0	0	9.93589	-10.0099	0.00492744	-30.074	0.0690414	0.0296219	9.93589	10.0099	-0.00492744	-30.074	-0.0690414	0.0296219	0	0	0	0	0	0	0	0	0	0	0	0	0	
0	1	0	-0	0	0	9.95993	-10.0062	0.00309397	-30.0463	0.0431437	0.0185065	9.95993	10.0062	-0.00309397	-30.0463	-0.0431437	0.0185065	0	0	0	0	0	0	0	0	0	0	0	0	0	
0	1	0	-0	0	0	9.98396	-10.0025	0.00126051	-30.0185	0.017246	0.00739116	9.98396	10.0025	-0.00126051	-30.0185	-0.017246	0.00739116	0	0	0	0	0	0	0	0	0	0	0	0	0	
0	1	0	-0	0	0	9.99198	-10.0012	0.000630254	-30.0093	0.00862301	0.00369558	9.99198	10.0012	-0.000630254	-30.0093	-0.00862301	0.00369558	0	0	0	0	0	0	0	0	0	0	0	0	0	
0	1	0	-0	0	0	10	-10	0	-30	0	0	10	10	0	-30	0	0	0	0	0	0	0	0	0	0	0	0	0	0	0	
0	1	0	-0	0	0	10	-10	0	-30	0	0	10	10	0	-30	0	0	0	0	0	0	0	0	0	0	0	0	0	0	0	
0	1	0	-0	0	0	10	-10	0	-30	0	0	10	10	0	-30	0	0	0	0	0	0	0	0	0	0	0	0	0	0	0	
0	1	0	-0	0	0	10	-10	0	-30	0	0	10	10	0	-30	0	0	0	0	0	0	0	0	0	0	0	0	0	0	0	
0	1	0	-0	0	0	10	-10	0	-30	0	0	10	10	0	-30	0	0	0	0	0	0	0	0	0	0	0	0	0	0	0	
0	1	0	-0	0	0	10	-10	0	-30	0	0	10	10	0	-30	0	0	0	0	0	0	0	0	0	0	0	0	0	0	0	
0	1	0	-0	0	0	10	-10	0	-30	0	0	10	10	0	-30	0	0	0	0	0	0	0	0	0	0	0	0	0	0	0	
0	1	0	-0	0	0	10	-10	0	-30	0	0	10	10	0	-30	0	0	0	0	0	0	0	0	0	0	0	0	0	0	0	
0	1	0	-0	0	0	10	-10	0	-30	0	0	10	10	0	-30	0	0	0	0	0	0	0	0	0	0	0	0	0	0	0	
0	1	0	-0	0	0	10	-10	0	-30	0	0	10	10	0	-30	0	0	0	0	0	0	0	0	0	0	0	0	0	0	0	
0	1	0	-0	0	0	10	-10	0	-30	0	0	10	10	0	-30	0	0	0	0	0	0	0	0	0	0	0	0	0	0	0	
0	1	0	-0	0	0	10	-10	0	-30	0	0	10	10	0	-30	0	0	0	0	0	0	0	0	0	0	0	0	0	0	0	
0	1	0	-0	0	0	10	-10	0	-30	0	0	10	10	0	-30	0	0	0	0	0	0	0	0	0	0	0	0	0	0	0	
0	1	0	-0	0	0	10	-10	0	-30	0	0	10	10	0	-30	0	0	0	0	0	0	0	0	0	0	0	0	0	0	0	
0	1	0	-0	0	0	10	-10	0	-30	0	0	10	10	0	-30	0	0	0	0	0	0	0	0	0	0	0	0	0	0	0	
0	1	0	-0	0	0	10	-10	0	-30	0	0	10	10	0	-30	0	0	0	0	0	0	0	0	0	0	0	0	0	0	0	
0	1	0	-0	0	0	10	-10	0	-30	0	0	10	10	0	-30	0	0	0	0	0	0	0	0	0	0	0	0	0	0	0	
