DATA LENGTH(steps) :
819
STEPLENGTH(sec):
0.005

dPCz,	PEL_Q0,	PEL_Qx,	PEL_Qy,	PEL_Qz,	WST,	RSP,	RSR,	RSY,	REB,	RWY,	RWP,	LSP,	LSR,	LSY,	LEB,	LWY,	LWP,	NKY,	NK1,	NK2,	RF1,	RF2,	RF3,	RF4,	RF5,	LF1,	LF2,	LF3,	LF4,	LF5,

0	1	0	-0	0	0	10	-10	0	-30	0	0	10	10	0	-30	0	0	0	0	0	0	0	0	0	0	0	0	0	0	0	
0	1	0	-0	0	0	10	-10	0	-30	0	0	10	10	0	-30	0	0	0	0	0	0	0	0	0	0	0	0	0	0	0	
0	1	0	-0	0	0	10	-10	0	-30	0	0	10	10	0	-30	0	0	0	0	0	0	0	0	0	0	0	0	0	0	0	
0	1	0	7.5e-006	0	0.00257831	9.99247	-10.0003	0.00249237	-30.0075	0.00171887	0.00257831	10	10	0	-30	0	0	0.319052	0	0.0736251	0	0	0	0	0	0	0	0	0	0	
0	1	0	1.5e-005	0	0.00515662	9.98494	-10.0005	0.00498473	-30.0149	0.00343775	0.00515662	10	10	0	-30	0	0	0.638103	0	0.14725	0	0	0	0	0	0	0	0	0	0	
0	1	0	3.75e-005	0	0.0128629	9.9623	-10.0013	0.0124332	-30.0373	0.00856572	0.0128629	10	10	0	-30	0	0	1.27598	0	0.294443	0	0	0	0	0	0	0	0	0	0	
0	1	0	6e-005	0	0.0205692	9.93967	-10.0021	0.0198816	-30.0596	0.0136937	0.0205692	10	10	0	-30	0	0	1.91385	0	0.441636	0	0	0	0	0	0	0	0	0	0	
0	1	0	9.75e-005	0	0.0334034	9.90203	-10.0034	0.0322862	-30.0968	0.0222594	0.0334034	10	10	0	-30	0	0	2.55109	0	0.588714	0	0	0	0	0	0	0	0	0	0	
0	1	0	0.000135	0	0.0462377	9.86439	-10.0046	0.0446907	-30.1341	0.0308251	0.0462377	10	10	0	-30	0	0	3.18834	0	0.735792	0	0	0	0	0	0	0	0	0	0	
0	1	0	0.000187	0	0.0641999	9.81167	-10.0064	0.0620513	-30.1862	0.0427999	0.0641999	10	10	0	-30	0	0	3.82446	0	0.882584	0	0	0	0	0	0	0	0	0	0	
0	1	0	0.000239	0	0.0821621	9.75896	-10.0082	0.079412	-30.2383	0.0547748	0.0821621	10	10	0	-30	0	0	4.46059	0	1.02938	0	0	0	0	0	0	0	0	0	0	
0	1	0	0.000306	0	0.105252	9.69127	-10.0105	0.101729	-30.3052	0.0701587	0.105252	10	10	0	-30	0	0	5.0952	0	1.17582	0	0	0	0	0	0	0	0	0	0	
0	1	0	0.000373	0	0.128343	9.62357	-10.0128	0.124045	-30.3721	0.0855426	0.128343	10	10	0	-30	0	0	5.72981	0	1.32227	0	0	0	0	0	0	0	0	0	0	
0	1	0	0.000455	0	0.156503	9.54092	-10.0156	0.15129	-30.4539	0.104336	0.156503	10	10	0	-30	0	0	6.36244	0	1.46826	0	0	0	0	0	0	0	0	0	0	
0	1	0	0.000537	0	0.184664	9.45827	-10.0185	0.178534	-30.5356	0.123129	0.184664	10	10	0	-30	0	0	6.99507	0	1.61425	0	0	0	0	0	0	0	0	0	0	
0	1	0	0.000634	0	0.217924	9.36076	-10.0218	0.210677	-30.632	0.145302	0.217924	10	10	0	-30	0	0	7.62532	0	1.7597	0	0	0	0	0	0	0	0	0	0	
0	1	0	0.000731	0	0.251185	9.26324	-10.0251	0.24282	-30.7284	0.167476	0.251185	10	10	0	-30	0	0	8.25558	0	1.90514	0	0	0	0	0	0	0	0	0	0	
0	1	0	0.000842	0	0.289487	9.15085	-10.0289	0.279833	-30.8395	0.193001	0.289487	10	10	0	-30	0	0	8.88297	0	2.04993	0	0	0	0	0	0	0	0	0	0	
0	1	0	0.000953	0	0.327789	9.03847	-10.0328	0.316846	-30.9506	0.218526	0.327789	10	10	0	-30	0	0	9.51035	0	2.19471	0	0	0	0	0	0	0	0	0	0	
0	0.999999	0	0.0010795	0	0.371133	8.91138	-10.0371	0.358729	-31.0763	0.247403	0.371133	10	10	0	-30	0	0	10.1345	0	2.33876	0	0	0	0	0	0	0	0	0	0	
0	0.999999	0	0.001206	0	0.414478	8.7843	-10.0414	0.400612	-31.2019	0.27628	0.414478	10	10	0	-30	0	0	10.7587	0	2.4828	0	0	0	0	0	0	0	0	0	0	
0	0.999999	0	0.0013465	0	0.462807	8.64252	-10.0463	0.447337	-31.3421	0.308509	0.462807	10	10	0	-30	0	0	11.3792	0	2.62598	0	0	0	0	0	0	0	0	0	0	
0	0.999999	0	0.001487	0	0.511136	8.50075	-10.0511	0.494062	-31.4822	0.340738	0.511136	10	10	0	-30	0	0	11.9996	0	2.76916	0	0	0	0	0	0	0	0	0	0	
0	0.999999	0	0.001642	0	0.564421	8.34441	-10.0564	0.545599	-31.6368	0.376261	0.564421	10	10	0	-30	0	0	12.616	0	2.9114	0	0	0	0	0	0	0	0	0	0	
0	0.999998	0	0.001797	0	0.617706	8.18808	-10.0618	0.597137	-31.7914	0.411785	0.617706	10	10	0	-30	0	0	13.2323	0	3.05364	0	0	0	0	0	0	0	0	0	0	
0	0.999998	0	0.0019665	0	0.675918	8.01728	-10.0676	0.653401	-31.9602	0.450603	0.675918	10	10	0	-30	0	0	13.8442	0	3.19481	0	0	0	0	0	0	0	0	0	0	
0	0.999998	0	0.002136	0	0.734131	7.84649	-10.0734	0.709666	-32.1291	0.489421	0.734131	10	10	0	-30	0	0	14.456	0	3.33599	0	0	0	0	0	0	0	0	0	0	
0	0.999997	0	0.0023195	0	0.797242	7.66136	-10.0797	0.770686	-32.3121	0.531504	0.797242	10	10	0	-30	0	0	15.0629	0	3.47605	0	0	0	0	0	0	0	0	0	0	
0	0.999997	0	0.002503	0	0.860353	7.47624	-10.0861	0.831706	-32.4951	0.573588	0.860353	10	10	0	-30	0	0	15.6697	0	3.61611	0	0	0	0	0	0	0	0	0	0	
0	0.999996	0	0.0027005	0	0.928335	7.27688	-10.0929	0.897395	-32.6922	0.61888	0.928335	10	10	0	-30	0	0	16.2712	0	3.75491	0	0	0	0	0	0	0	0	0	0	
0	0.999996	0	0.002898	0	0.996316	7.07752	-10.0996	0.963085	-32.8893	0.664173	0.996316	10	10	0	-30	0	0	16.8727	0	3.89371	0	0	0	0	0	0	0	0	0	0	
0	0.999995	0	0.0031095	0	1.06905	6.86412	-10.1069	1.03342	-33.1003	0.712702	1.06905	10	10	0	-30	0	0	17.4685	0	4.03119	0	0	0	0	0	0	0	0	0	0	
0	0.999994	0	0.003321	0	1.14179	6.65072	-10.1142	1.10375	-33.3113	0.761232	1.14179	10	10	0	-30	0	0	18.0642	0	4.16867	0	0	0	0	0	0	0	0	0	0	
0	0.999994	0	0.0035465	0	1.21931	6.42337	-10.1219	1.17866	-33.536	0.812884	1.21931	10	10	0	-30	0	0	18.6537	0	4.30472	0	0	0	0	0	0	0	0	0	0	
0	0.999993	0	0.003772	0	1.29683	6.19602	-10.1297	1.25357	-33.7608	0.864536	1.29683	10	10	0	-30	0	0	19.2432	0	4.44077	0	0	0	0	0	0	0	0	0	0	
0	0.999992	0	0.0040115	0	1.37902	5.95489	-10.1379	1.33304	-33.9992	0.919339	1.37902	10	10	0	-30	0	0	19.8261	0	4.57527	0	0	0	0	0	0	0	0	0	0	
0	0.999991	0	0.004251	0	1.46121	5.71376	-10.1461	1.41251	-34.2376	0.974143	1.46121	10	10	0	-30	0	0	20.409	0	4.70977	0	0	0	0	0	0	0	0	0	0	
0	0.99999	0	0.0045035	0	1.54805	5.45903	-10.1548	1.49645	-34.4894	1.03204	1.54805	10	10	0	-30	0	0	20.985	0	4.8427	0	0	0	0	0	0	0	0	0	0	
0	0.999989	0	0.004756	0	1.63488	5.20429	-10.1635	1.58039	-34.7412	1.08994	1.63488	10	10	0	-30	0	0	21.561	0	4.97562	0	0	0	0	0	0	0	0	0	0	
0	0.999987	0	0.005022	0	1.72632	4.93612	-10.1726	1.66877	-35.0063	1.15087	1.72632	10	10	0	-30	0	0	22.1295	0	5.10683	0	0	0	0	0	0	0	0	0	0	
0	0.999986	0	0.005288	0	1.81777	4.66794	-10.1817	1.75715	-35.2715	1.21181	1.81777	10	10	0	-30	0	0	22.6981	0	5.23804	0	0	0	0	0	0	0	0	0	0	
0	0.999985	0	0.005567	0	1.91368	4.38654	-10.1913	1.84988	-35.5497	1.27578	1.91368	10	10	0	-30	0	0	23.2588	0	5.36744	0	0	0	0	0	0	0	0	0	0	
0	0.999983	0	0.005846	0	2.00959	4.10513	-10.2009	1.94261	-35.8279	1.33975	2.00959	10	10	0	-30	0	0	23.8196	0	5.49684	0	0	0	0	0	0	0	0	0	0	
0	0.999981	0	0.006138	0	2.11	3.81066	-10.211	2.03967	-36.119	1.40667	2.11	10	10	0	-30	0	0	24.3722	0	5.62435	0	0	0	0	0	0	0	0	0	0	
0	0.999979	0	0.00643	0	2.21041	3.51618	-10.2211	2.13673	-36.4102	1.47359	2.21041	10	10	0	-30	0	0	24.9248	0	5.75187	0	0	0	0	0	0	0	0	0	0	
0	0.999977	0	0.0067345	0	2.31518	3.20885	-10.2315	2.238	-36.714	1.54343	2.31518	10	10	0	-30	0	0	25.4689	0	5.87743	0	0	0	0	0	0	0	0	0	0	
0	0.999975	0	0.007039	0	2.41994	2.90152	-10.242	2.33927	-37.0178	1.61328	2.41994	10	10	0	-30	0	0	26.013	0	6.00299	0	0	0	0	0	0	0	0	0	0	
0	0.999973	0	0.0073565	0	2.52904	2.58155	-10.2529	2.44472	-37.3342	1.68601	2.52904	10	10	0	-30	0	0	26.5481	0	6.12649	0	0	0	0	0	0	0	0	0	0	
0	0.999971	0	0.007674	0	2.63813	2.26158	-10.2638	2.55018	-37.6505	1.75875	2.63813	10	10	0	-30	0	0	27.0833	0	6.25	0	0	0	0	0	0	0	0	0	0	
0	0.999968	0	0.0080035	0	2.75143	1.92918	-10.2751	2.65973	-37.9791	1.8343	2.75143	10	10	0	-30	0	0	27.6091	0	6.37135	0	0	0	0	0	0	0	0	0	0	
0	0.999965	0	0.008333	0	2.86473	1.59678	-10.2865	2.76928	-38.3078	1.90984	2.86473	10	10	0	-30	0	0	28.135	0	6.4927	0	0	0	0	0	0	0	0	0	0	
0	0.999962	0	0.008675	0	2.98222	1.25217	-10.2982	2.88284	-38.6485	1.98816	2.98222	10	10	0	-30	0	0	28.6512	0	6.61182	0	0	0	0	0	0	0	0	0	0	
0	0.999959	0	0.009017	0	3.0997	0.907565	-10.31	2.9964	-38.9891	2.06649	3.0997	10	10	0	-30	0	0	29.1674	0	6.73094	0	0	0	0	0	0	0	0	0	0	
0	0.999956	0	0.0093705	0	3.22125	0.550985	-10.3221	3.11388	-39.3417	2.1475	3.22125	10	10	0	-30	0	0	29.6737	0	6.84776	63.5	63.5	63.5	63.5	63.5	0	0	0	0	0	
0	0.999953	0	0.009724	0	3.34281	0.194405	-10.3343	3.23137	-39.6942	2.22852	3.34281	10	10	0	-30	0	0	30.18	0	6.96459	127	127	127	127	127	0	0	0	0	0	
0	0.999949	0	0.010089	0	3.46837	-0.173864	-10.3468	3.35275	-40.0583	2.31223	3.46837	10	10	0	-30	0	0	30.6758	0	7.07904	127	127	127	127	127	0	0	0	0	0	
0	0.999945	0	0.010454	0	3.59394	-0.542133	-10.3594	3.47413	-40.4223	2.39594	3.59394	10	10	0	-30	0	0	31.1717	0	7.19349	127	127	127	127	127	0	0	0	0	0	
0	0.999941	0	0.0108305	0	3.72337	-0.921889	-10.3723	3.59926	-40.7978	2.48225	3.72337	10	10	0	-30	0	0	31.6569	0	7.30547	127	127	127	127	127	0	0	0	0	0	
0	0.999937	0	0.011207	0	3.8528	-1.30165	-10.3853	3.7244	-41.1732	2.56857	3.8528	10	10	0	-30	0	0	32.1422	0	7.41745	127	127	127	127	127	0	0	0	0	0	
0	0.999933	0	0.011595	0	3.9861	-1.69257	-10.3986	3.85323	-41.5597	2.65741	3.9861	10	10	0	-30	0	0	32.6164	0	7.52686	127	127	127	127	127	0	0	0	0	0	
0	0.999928	0	0.011983	0	4.11939	-2.0835	-10.412	3.98206	-41.9462	2.74624	4.11939	10	10	0	-30	0	0	33.0905	0	7.63627	127	127	127	127	127	0	0	0	0	0	
0	0.999923	0	0.0123815	0	4.25639	-2.4854	-10.4257	4.1145	-42.3435	2.83757	4.25639	10	10	0	-30	0	0	33.5534	0	7.74309	127	127	127	127	127	0	0	0	0	0	
0	0.999918	0	0.01278	0	4.39338	-2.88731	-10.4393	4.24694	-42.7409	2.9289	4.39338	10	10	0	-30	0	0	34.0163	0	7.84992	127	127	127	127	127	0	0	0	0	0	
0	0.999913	0	0.013189	0	4.53404	-3.29984	-10.4534	4.3829	-43.1487	3.02267	4.53404	10	10	0	-30	0	0	34.4675	0	7.95403	127	127	127	127	127	0	0	0	0	0	
0	0.999908	0	0.013598	0	4.67471	-3.71237	-10.4675	4.51886	-43.5566	3.11643	4.67471	10	10	0	-30	0	0	34.9187	0	8.05814	127	127	127	127	127	0	0	0	0	0	
0	0.999902	0	0.014017	0	4.81886	-4.13529	-10.4819	4.65823	-43.9747	3.21257	4.81886	10	10	0	-30	0	0	35.358	0	8.15952	127	127	127	127	127	0	0	0	0	0	
0	0.999896	0	0.014436	0	4.96302	-4.55822	-10.4963	4.7976	-44.3928	3.30872	4.96302	10	10	0	-30	0	0	35.7972	0	8.26091	127	127	127	127	127	0	0	0	0	0	
0	0.99989	0	0.0148655	0	5.11064	-4.99126	-10.5111	4.9403	-44.8209	3.40712	5.11064	10	10	0	-30	0	0	36.2242	0	8.35943	127	127	127	127	127	0	0	0	0	0	
0	0.999883	0	0.015295	0	5.25826	-5.42431	-10.5258	5.083	-45.249	3.50553	5.25826	10	10	0	-30	0	0	36.6511	0	8.45795	127	127	127	127	127	0	0	0	0	0	
0	0.999876	0	0.015734	0	5.40924	-5.86709	-10.5409	5.22893	-45.6868	3.60617	5.40924	10	10	0	-30	0	0	37.0656	0	8.55357	127	127	127	127	127	0	0	0	0	0	
0	0.999869	0	0.016173	0	5.56021	-6.30987	-10.556	5.37486	-46.1245	3.70681	5.56021	10	10	0	-30	0	0	37.48	0	8.6492	127	127	127	127	127	0	0	0	0	0	
0	0.999862	0	0.0166215	0	5.71439	-6.76219	-10.5714	5.52391	-46.5717	3.8096	5.71439	10	10	0	-30	0	0	37.8815	0	8.74187	127	127	127	127	127	0	0	0	0	0	
0	0.999854	0	0.01707	0	5.86858	-7.21451	-10.5869	5.67297	-47.0189	3.91239	5.86858	10	10	0	-30	0	0	38.2831	0	8.83455	127	127	127	127	127	0	0	0	0	0	
0	0.999846	0	0.0175275	0	6.02591	-7.67597	-10.6026	5.82503	-47.4751	4.01726	6.02591	10	10	0	-30	0	0	38.6716	0	8.92419	127	127	127	127	127	0	0	0	0	0	
0	0.999838	0	0.017985	0	6.18325	-8.13743	-10.6183	5.9771	-47.9314	4.12214	6.18325	10	10	0	-30	0	0	39.06	0	9.01383	127	127	127	127	127	0	0	0	0	0	
0	0.99983	0	0.0184515	0	6.34359	-8.60777	-10.6344	6.13211	-48.3963	4.22903	6.34359	10	10	0	-30	0	0	39.4351	0	9.10037	127	127	127	127	127	0	0	0	0	0	
0	0.999821	0	0.018918	0	6.50393	-9.07812	-10.6504	6.28712	-48.8613	4.33592	6.50393	10	10	0	-30	0	0	39.8101	0	9.18692	127	127	127	127	127	0	0	0	0	0	
0	0.999812	0	0.019393	0	6.66717	-9.55699	-10.6667	6.44492	-49.3348	4.44475	6.66717	10	10	0	-30	0	0	40.1716	0	9.27034	127	127	127	127	127	0	0	0	0	0	
0	0.999803	0	0.019868	0	6.8304	-10.0359	-10.683	6.60271	-49.8082	4.55358	6.8304	10	10	0	-30	0	0	40.533	0	9.35377	127	127	127	127	127	0	0	0	0	0	
0	0.999793	0	0.0203505	0	6.99647	-10.523	-10.6996	6.76325	-50.2897	4.66431	6.99647	10	10	0	-30	0	0	40.8805	0	9.43398	127	127	127	127	127	0	0	0	0	0	
0	0.999783	0	0.020833	0	7.16255	-11.0101	-10.7163	6.92379	-50.7713	4.77503	7.16255	10	10	0	-30	0	0	41.228	0	9.51419	127	127	127	127	127	0	0	0	0	0	
0	0.999773	0	0.021324	0	7.33128	-11.505	-10.7331	7.08689	-51.2606	4.8875	7.33128	10	10	0	-30	0	0	41.5614	0	9.59111	127	127	127	127	127	0	0	0	0	0	
0	0.999762	0	0.021815	0	7.50002	-12	-10.75	7.24998	-51.75	4.99997	7.50002	10	10	0	-30	0	0	41.8948	0	9.66803	127	127	127	127	127	0	0	0	0	0	
0	0.999751	0	0.022313	0	7.6713	-12.5025	-10.7671	7.41559	-52.2468	5.11419	7.6713	10	10	0	-30	0	0	42.2139	0	9.74166	127	127	127	127	127	0	0	0	0	0	
0	0.99974	0	0.022811	0	7.84259	-13.005	-10.7843	7.58121	-52.7436	5.22841	7.84259	10	10	0	-30	0	0	42.5329	0	9.81528	127	127	127	127	127	0	0	0	0	0	
0	0.999728	0	0.0233165	0	8.01637	-13.5147	-10.8016	7.74917	-53.2475	5.34426	8.01637	10	10	0	-30	0	0	42.8374	0	9.88556	127	127	127	127	127	0	0	0	0	0	
0	0.999716	0	0.023822	0	8.19015	-14.0244	-10.819	7.91713	-53.7514	5.46012	8.19015	10	10	0	-30	0	0	43.1419	0	9.95583	127	127	127	127	127	0	0	0	0	0	
0	0.999704	0	0.024334	0	8.36624	-14.541	-10.8366	8.08736	-54.2621	5.57751	8.36624	10	10	0	-30	0	0	43.4316	0	10.0227	127	127	127	127	127	0	0	0	0	0	
0	0.999691	0	0.024846	0	8.54234	-15.0575	-10.8542	8.25758	-54.7728	5.69491	8.54234	10	10	0	-30	0	0	43.7213	0	10.0895	127	127	127	127	127	0	0	0	0	0	
0	0.999678	0	0.0253645	0	8.72065	-15.5805	-10.8721	8.42996	-55.2899	5.81377	8.72065	10	10	0	-30	0	0	43.996	0	10.1529	127	127	127	127	127	0	0	0	0	0	
0	0.999665	0	0.025883	0	8.89895	-16.1036	-10.8899	8.60233	-55.8069	5.93263	8.89895	10	10	0	-30	0	0	44.2707	0	10.2163	127	127	127	127	127	0	0	0	0	0	
0	0.999651	0	0.0264075	0	9.07935	-16.6327	-10.9079	8.77671	-56.3301	6.0529	9.07935	10	10	0	-30	0	0	44.5303	0	10.2762	127	127	127	127	127	0	0	0	0	0	
0	0.999637	0	0.026932	0	9.25974	-17.1619	-10.926	8.95109	-56.8533	6.17316	9.25974	10	10	0	-30	0	0	44.7899	0	10.3361	127	127	127	127	127	0	0	0	0	0	
0	0.999623	0	0.0274625	0	9.44212	-17.6969	-10.9442	9.12739	-57.3821	6.29474	9.44212	10	10	0	-30	0	0	45.034	0	10.3925	127	127	127	127	127	0	0	0	0	0	
0	0.999608	0	0.027993	0	9.62449	-18.2318	-10.9625	9.30369	-57.911	6.41633	9.62449	10	10	0	-30	0	0	45.2782	0	10.4488	127	127	127	127	127	0	0	0	0	0	
0	0.999593	0	0.0285285	0	9.80869	-18.7721	-10.9809	9.48174	-58.4452	6.53914	9.80869	10	10	0	-30	0	0	45.5068	0	10.5016	127	127	127	127	127	0	0	0	0	0	
0	0.999578	0	0.029064	0	9.9929	-19.3125	-10.9993	9.65978	-58.9794	6.66195	9.9929	10	10	0	-30	0	0	45.7354	0	10.5543	127	127	127	127	127	0	0	0	0	0	
0	0.999562	0	0.0296045	0	10.1788	-19.8579	-11.0179	9.83952	-59.5186	6.78588	10.1788	10	10	0	-30	0	0	45.9485	0	10.6035	127	127	127	127	127	0	0	0	0	0	
0	0.999546	0	0.030145	0	10.3647	-20.4033	-11.0365	10.0193	-60.0577	6.90981	10.3647	10	10	0	-30	0	0	46.1616	0	10.6527	127	127	127	127	127	0	0	0	0	0	
0	0.999529	0	0.0306905	0	10.5522	-20.9533	-11.0552	10.2005	-60.6015	7.03483	10.5522	10	10	0	-30	0	0	46.3587	0	10.6982	127	127	127	127	127	0	0	0	0	0	
0	0.999512	0	0.031236	0	10.7398	-21.5033	-11.074	10.3818	-61.1453	7.15985	10.7398	10	10	0	-30	0	0	46.5559	0	10.7436	127	127	127	127	127	0	0	0	0	0	
0	0.999495	0	0.031785	0	10.9287	-22.0576	-11.0929	10.5645	-61.6933	7.28582	10.9287	10	10	0	-30	0	0	46.7371	0	10.7855	127	127	127	127	127	0	0	0	0	0	
0	0.999477	0	0.032334	0	11.1177	-22.612	-11.1118	10.7471	-62.2414	7.41178	11.1177	10	10	0	-30	0	0	46.9184	0	10.8273	127	127	127	127	127	0	0	0	0	0	
0	0.999459	0	0.0328875	0	11.308	-23.1702	-11.1308	10.9311	-62.7933	7.53866	11.308	10	10	0	-30	0	0	47.0835	0	10.8654	127	127	127	127	127	0	0	0	0	0	
0	0.999441	0	0.033441	0	11.4983	-23.7284	-11.1498	11.115	-63.3451	7.66555	11.4983	10	10	0	-30	0	0	47.2486	0	10.9035	127	127	127	127	127	0	0	0	0	0	
0	0.999422	0	0.0339975	0	11.6898	-24.2901	-11.169	11.3002	-63.9005	7.7932	11.6898	10	10	0	-30	0	0	47.3976	0	10.9379	127	127	127	127	127	0	0	0	0	0	
0	0.999403	0	0.034554	0	11.8813	-24.8519	-11.1881	11.4853	-64.4558	7.92086	11.8813	10	10	0	-30	0	0	47.5466	0	10.9723	127	127	127	127	127	0	0	0	0	0	
0	0.999383	0	0.035114	0	12.0739	-25.4168	-11.2074	11.6714	-65.0143	8.04925	12.0739	10	10	0	-30	0	0	47.6793	0	11.0029	127	127	127	127	127	0	0	0	0	0	
0	0.999363	0	0.035674	0	12.2665	-25.9816	-11.2266	11.8576	-65.5727	8.17765	12.2665	10	10	0	-30	0	0	47.812	0	11.0335	127	127	127	127	127	0	0	0	0	0	
0	0.999343	0	0.0362365	0	12.46	-26.5493	-11.246	12.0446	-66.1339	8.30666	12.46	10	10	0	-30	0	0	47.9282	0	11.0603	127	127	127	127	127	0	0	0	0	0	
0	0.999323	0	0.036799	0	12.6535	-27.1169	-11.2653	12.2317	-66.6951	8.43566	12.6535	10	10	0	-30	0	0	48.0445	0	11.0872	127	127	127	127	127	0	0	0	0	0	
0	0.999302	0	0.037364	0	12.8478	-27.6869	-11.2848	12.4195	-67.2586	8.5652	12.8478	10	10	0	-30	0	0	48.1442	0	11.1102	127	127	127	127	127	0	0	0	0	0	
0	0.99928	0	0.037929	0	13.0421	-28.2568	-11.3042	12.6074	-67.8221	8.69475	13.0421	10	10	0	-30	0	0	48.244	0	11.1333	127	127	127	127	127	0	0	0	0	0	
0	0.999259	0	0.0384955	0	13.2371	-28.8288	-11.3237	12.7958	-68.3876	8.82472	13.2371	10	10	0	-30	0	0	48.3274	0	11.1525	127	127	127	127	127	0	0	0	0	0	
0	0.999237	0	0.039062	0	13.4321	-29.4008	-11.3432	12.9843	-68.953	8.9547	13.4321	10	10	0	-30	0	0	48.4108	0	11.1717	127	127	127	127	127	0	0	0	0	0	
0	0.999214	0	0.0396305	0	13.6276	-29.9743	-11.3628	13.1733	-69.52	9.08505	13.6276	10	10	0	-30	0	0	48.4774	0	11.1871	63.5	63.5	63.5	63.5	63.5	0	0	0	0	0	
0	0.999192	0	0.040199	0	13.8231	-30.5478	-11.3823	13.3623	-70.087	9.2154	13.8231	10	10	0	-30	0	0	48.5441	0	11.2025	0	0	0	0	0	0	0	0	0	0	
0	0.999169	0	0.0407685	0	14.019	-31.1225	-11.4019	13.5517	-70.6552	9.34603	14.019	10	10	0	-30	0	0	48.5941	0	11.214	0	0	0	0	0	0	0	0	0	0	
0	0.999145	0	0.041338	0	14.215	-31.6972	-11.4215	13.7411	-71.2234	9.47666	14.215	10	10	0	-30	0	0	48.6442	0	11.2256	0	0	0	0	0	0	0	0	0	0	
0	0.999121	0	0.041908	0	14.4111	-32.2727	-11.4411	13.9308	-71.7923	9.60744	14.4111	10	10	0	-30	0	0	48.6777	0	11.2333	0	0	0	0	0	0	0	0	0	0	
0	0.999097	0	0.042478	0	14.6073	-32.8482	-11.4608	14.1204	-72.3613	9.73822	14.6073	10	10	0	-30	0	0	48.7112	0	11.241	0	0	0	0	0	0	0	0	0	0	
0	0.999073	0	0.0430485	0	14.8037	-33.4241	-11.4804	14.3102	-72.9307	9.86911	14.8037	10	10	0	-30	0	0	48.7277	0	11.2449	0	0	0	0	0	0	0	0	0	0	
0	0.999048	0	0.043619	0	15	-34	-11.5	14.5	-73.5	10	15	10	10	0	-30	0	0	48.7443	0	11.2487	0	0	0	0	0	0	0	0	0	0	
0	0.999023	0	0.0441895	0	15.1963	-34.5759	-11.5196	14.6898	-74.0693	10.1309	15.1963	10	10	0	-30	0	0	48.7443	0	11.2487	0	0	0	0	0	0	0	0	0	0	
0	0.998998	0	0.04476	0	15.3926	-35.1518	-11.5393	14.8795	-74.6387	10.2618	15.3926	10	10	0	-30	0	0	48.7444	0	11.2487	0	0	0	0	0	0	0	0	0	0	
0	0.998972	0	0.0453305	0	15.5888	-35.7273	-11.5589	15.0692	-75.2076	10.3926	15.5888	10	10	0	-30	0	0	48.7278	0	11.2449	0	0	0	0	0	0	0	0	0	0	
0	0.998946	0	0.045901	0	15.785	-36.3028	-11.5785	15.2588	-75.7766	10.5233	15.785	10	10	0	-30	0	0	48.7112	0	11.241	0	0	0	0	0	0	0	0	0	0	
0	0.99892	0	0.04647	0	15.981	-36.8775	-11.5981	15.4483	-76.3448	10.654	15.981	10	10	0	-30	0	0	48.6777	0	11.2333	0	0	0	0	0	0	0	0	0	0	
0	0.998893	0	0.047039	0	16.1769	-37.4522	-11.6177	15.6377	-76.9129	10.7846	16.1769	10	10	0	-30	0	0	48.6443	0	11.2256	0	0	0	0	0	0	0	0	0	0	
0	0.998866	0	0.047607	0	16.3724	-38.0257	-11.6372	15.8267	-77.48	10.915	16.3724	10	10	0	-30	0	0	48.5942	0	11.214	0	0	0	0	0	0	0	0	0	0	
0	0.998839	0	0.048175	0	16.5679	-38.5992	-11.6568	16.0157	-78.047	11.0453	16.5679	10	10	0	-30	0	0	48.5442	0	11.2025	0	0	0	0	0	0	0	0	0	0	
0	0.998811	0	0.0487415	0	16.7629	-39.1712	-11.6763	16.2041	-78.6124	11.1753	16.7629	10	10	0	-30	0	0	48.4773	0	11.1871	0	0	0	0	0	0	0	0	0	0	
0	0.998784	0	0.049308	0	16.9579	-39.7432	-11.6958	16.3926	-79.1779	11.3053	16.9579	10	10	0	-30	0	0	48.4104	0	11.1717	0	0	0	0	0	0	0	0	0	0	
0	0.998756	0	0.049873	0	17.1522	-40.3131	-11.7152	16.5805	-79.7414	11.4348	17.1522	10	10	0	-30	0	0	48.3274	0	11.1525	0	0	0	0	0	0	0	0	0	0	
0	0.998727	0	0.050438	0	17.3465	-40.8831	-11.7346	16.7683	-80.3049	11.5644	17.3465	10	10	0	-30	0	0	48.2443	0	11.1333	0	0	0	0	0	0	0	0	0	0	
0	0.998699	0	0.051	0	17.54	-41.4507	-11.754	16.9553	-80.8661	11.6934	17.54	10	10	0	-30	0	0	48.1443	0	11.1102	0	0	0	0	0	0	0	0	0	0	
0	0.99867	0	0.051562	0	17.7335	-42.0183	-11.7734	17.1424	-81.4272	11.8224	17.7335	10	10	0	-30	0	0	48.0443	0	11.0871	0	0	0	0	0	0	0	0	0	0	
0	0.998641	0	0.0521215	0	17.9261	-42.5832	-11.7926	17.3285	-81.9857	11.9507	17.9261	10	10	0	-30	0	0	47.9281	0	11.0604	0	0	0	0	0	0	0	0	0	0	
0	0.998611	0	0.052681	0	18.1186	-43.1481	-11.8119	17.5147	-82.5441	12.0791	18.1186	10	10	0	-30	0	0	47.812	0	11.0336	0	0	0	0	0	0	0	0	0	0	
0	0.998582	0	0.053237	0	18.3102	-43.7098	-11.831	17.6998	-83.0995	12.2068	18.3102	10	10	0	-30	0	0	47.6793	0	11.003	0	0	0	0	0	0	0	0	0	0	
0	0.998552	0	0.053793	0	18.5017	-44.2716	-11.8501	17.8849	-83.6549	12.3345	18.5017	10	10	0	-30	0	0	47.5466	0	10.9723	0	0	0	0	0	0	0	0	0	0	
0	0.998522	0	0.054346	0	18.692	-44.8298	-11.8692	18.0689	-84.2067	12.4613	18.692	10	10	0	-30	0	0	47.3977	0	10.9379	0	0	0	0	0	0	0	0	0	0	
0	0.998492	0	0.054899	0	18.8823	-45.388	-11.8882	18.2529	-84.7586	12.5882	18.8823	10	10	0	-30	0	0	47.2487	0	10.9035	0	0	0	0	0	0	0	0	0	0	
0	0.998462	0	0.0554475	0	19.0712	-45.9423	-11.9071	18.4355	-85.3066	12.7142	19.0712	10	10	0	-30	0	0	47.0834	0	10.8654	0	0	0	0	0	0	0	0	0	0	
0	0.998431	0	0.055996	0	19.2602	-46.4967	-11.926	18.6182	-85.8546	12.8402	19.2602	10	10	0	-30	0	0	46.918	0	10.8273	0	0	0	0	0	0	0	0	0	0	
0	0.9984	0	0.056541	0	19.4477	-47.0467	-11.9448	18.7995	-86.3984	12.9651	19.4477	10	10	0	-30	0	0	46.7369	0	10.7855	0	0	0	0	0	0	0	0	0	0	
0	0.998369	0	0.057086	0	19.6353	-47.5967	-11.9635	18.9807	-86.9422	13.0901	19.6353	10	10	0	-30	0	0	46.5559	0	10.7436	0	0	0	0	0	0	0	0	0	0	
0	0.998338	0	0.0576255	0	19.8212	-48.1421	-11.9821	19.1605	-87.4814	13.2141	19.8212	10	10	0	-30	0	0	46.3588	0	10.6982	0	0	0	0	0	0	0	0	0	0	
0	0.998307	0	0.058165	0	20.0071	-48.6875	-12.0007	19.3402	-88.0206	13.3381	20.0071	10	10	0	-30	0	0	46.1618	0	10.6527	0	0	0	0	0	0	0	0	0	0	
0	0.998276	0	0.0587	0	20.1913	-49.2278	-12.0191	19.5183	-88.5548	13.4609	20.1913	10	10	0	-30	0	0	45.9486	0	10.6035	0	0	0	0	0	0	0	0	0	0	
0	0.998244	0	0.059235	0	20.3755	-49.7681	-12.0376	19.6963	-89.089	13.5837	20.3755	10	10	0	-30	0	0	45.7354	0	10.5543	0	0	0	0	0	0	0	0	0	0	
0	0.998213	0	0.0597645	0	20.5579	-50.3031	-12.0558	19.8726	-89.6178	13.7053	20.5579	10	10	0	-30	0	0	45.5068	0	10.5016	0	0	0	0	0	0	0	0	0	0	
0	0.998181	0	0.060294	0	20.7403	-50.838	-12.074	20.0489	-90.1467	13.8268	20.7403	10	10	0	-30	0	0	45.2782	0	10.4488	0	0	0	0	0	0	0	0	0	0	
0	0.998149	0	0.060818	0	20.9207	-51.3672	-12.092	20.2233	-90.6699	13.9471	20.9207	10	10	0	-30	0	0	45.034	0	10.3925	0	0	0	0	0	0	0	0	0	0	
0	0.998117	0	0.061342	0	21.1011	-51.8964	-12.1101	20.3977	-91.1931	14.0674	21.1011	10	10	0	-30	0	0	44.7899	0	10.3361	0	0	0	0	0	0	0	0	0	0	
0	0.998085	0	0.0618595	0	21.2794	-52.4194	-12.1279	20.57	-91.7101	14.1862	21.2794	10	10	0	-30	0	0	44.5303	0	10.2762	0	0	0	0	0	0	0	0	0	0	
0	0.998053	0	0.062377	0	21.4577	-52.9424	-12.1458	20.7424	-92.2272	14.3051	21.4577	10	10	0	-30	0	0	44.2708	0	10.2163	0	0	0	0	0	0	0	0	0	0	
0	0.998021	0	0.0628885	0	21.6338	-53.459	-12.1634	20.9126	-92.7379	14.4225	21.6338	10	10	0	-30	0	0	43.9959	0	10.1529	0	0	0	0	0	0	0	0	0	0	
0	0.997988	0	0.0634	0	21.8099	-53.9755	-12.181	21.0828	-93.2485	14.5399	21.8099	10	10	0	-30	0	0	43.7211	0	10.0895	0	0	0	0	0	0	0	0	0	0	
0	0.997956	0	0.0639045	0	21.9836	-54.4852	-12.1984	21.2508	-93.7525	14.6557	21.9836	10	10	0	-30	0	0	43.4316	0	10.0227	0	0	0	0	0	0	0	0	0	0	
0	0.997924	0	0.064409	0	22.1574	-54.995	-12.2157	21.4188	-94.2564	14.7716	22.1574	10	10	0	-30	0	0	43.1421	0	9.95589	0	0	0	0	0	0	0	0	0	0	
0	0.997891	0	0.064906	0	22.3287	-55.4975	-12.2329	21.5844	-94.7532	14.8858	22.3287	10	10	0	-30	0	0	42.8375	0	9.88558	0	0	0	0	0	0	0	0	0	0	
0	0.997859	0	0.065403	0	22.5	-56	-12.25	21.75	-95.25	15	22.5	10	10	0	-30	0	0	42.5329	0	9.81528	0	0	0	0	0	0	0	0	0	0	
0	0.997827	0	0.065893	0	22.6687	-56.495	-12.2669	21.9131	-95.7393	15.1125	22.6687	10	10	0	-30	0	0	42.214	0	9.74166	0	0	0	0	0	0	0	0	0	0	
0	0.997794	0	0.066383	0	22.8375	-56.9899	-12.2838	22.0762	-96.2287	15.225	22.8375	10	10	0	-30	0	0	41.895	0	9.66803	0	0	0	0	0	0	0	0	0	0	
0	0.997762	0	0.066865	0	23.0035	-57.477	-12.3003	22.2367	-96.7102	15.3357	23.0035	10	10	0	-30	0	0	41.5614	0	9.59108	0	0	0	0	0	0	0	0	0	0	
0	0.99773	0	0.067347	0	23.1696	-57.9641	-12.3169	22.3973	-97.1918	15.4464	23.1696	10	10	0	-30	0	0	41.2279	0	9.51414	0	0	0	0	0	0	0	0	0	0	
0	0.997698	0	0.0678205	0	23.3328	-58.443	-12.3333	22.5551	-97.6652	15.5552	23.3328	10	10	0	-30	0	0	40.8805	0	9.43398	0	0	0	0	0	0	0	0	0	0	
0	0.997665	0	0.068294	0	23.4961	-58.9218	-12.3496	22.7129	-98.1387	15.664	23.4961	10	10	0	-30	0	0	40.5331	0	9.35382	0	0	0	0	0	0	0	0	0	0	
0	0.997633	0	0.0687595	0	23.6564	-59.3922	-12.3656	22.8679	-98.6037	15.7709	23.6564	10	10	0	-30	0	0	40.1716	0	9.27037	0	0	0	0	0	0	0	0	0	0	
0	0.997601	0	0.069225	0	23.8168	-59.8625	-12.3817	23.0229	-99.0686	15.8779	23.8168	10	10	0	-30	0	0	39.8101	0	9.18692	0	0	0	0	0	0	0	0	0	0	
0	0.997569	0	0.0696815	0	23.9741	-60.324	-12.3974	23.175	-99.5249	15.9827	23.9741	10	10	0	-30	0	0	39.4351	0	9.1004	0	0	0	0	0	0	0	0	0	0	
0	0.997537	0	0.070138	0	24.1314	-60.7855	-12.4131	23.3271	-99.9811	16.0876	24.1314	10	10	0	-30	0	0	39.0601	0	9.01389	0	0	0	0	0	0	0	0	0	0	
0	0.997506	0	0.0705855	0	24.2856	-61.2378	-12.4285	23.4761	-100.428	16.1904	24.2856	10	10	0	-30	0	0	38.6715	0	8.92422	0	0	0	0	0	0	0	0	0	0	
0	0.997474	0	0.071033	0	24.4398	-61.6901	-12.444	23.6251	-100.875	16.2932	24.4398	10	10	0	-30	0	0	38.2829	0	8.83455	0	0	0	0	0	0	0	0	0	0	
0	0.997443	0	0.071471	0	24.5907	-62.1329	-12.4591	23.771	-101.313	16.3938	24.5907	10	10	0	-30	0	0	37.8814	0	8.74187	0	0	0	0	0	0	0	0	0	0	
0	0.997411	0	0.071909	0	24.7417	-62.5757	-12.4742	23.917	-101.751	16.4945	24.7417	10	10	0	-30	0	0	37.4799	0	8.6492	0	0	0	0	0	0	0	0	0	0	
0	0.99738	0	0.072337	0	24.8893	-63.0087	-12.4889	24.0597	-102.179	16.5929	24.8893	10	10	0	-30	0	0	37.0655	0	8.55357	0	0	0	0	0	0	0	0	0	0	
0	0.997349	0	0.072765	0	25.0369	-63.4417	-12.5037	24.2024	-102.607	16.6913	25.0369	10	10	0	-30	0	0	36.6511	0	8.45795	0	0	0	0	0	0	0	0	0	0	
0	0.997318	0	0.0731835	0	25.1811	-63.8647	-12.5181	24.3417	-103.025	16.7874	25.1811	10	10	0	-30	0	0	36.2243	0	8.35943	0	0	0	0	0	0	0	0	0	0	
0	0.997288	0	0.073602	0	25.3253	-64.2876	-12.5325	24.4811	-103.443	16.8835	25.3253	10	10	0	-30	0	0	35.7974	0	8.26091	0	0	0	0	0	0	0	0	0	0	
0	0.997257	0	0.07401	0	25.4659	-64.7001	-12.5466	24.6171	-103.851	16.9773	25.4659	10	10	0	-30	0	0	35.3581	0	8.15955	0	0	0	0	0	0	0	0	0	0	
0	0.997227	0	0.074418	0	25.6066	-65.1127	-12.5607	24.753	-104.259	17.071	25.6066	10	10	0	-30	0	0	34.9187	0	8.05819	0	0	0	0	0	0	0	0	0	0	
0	0.997197	0	0.0748155	0	25.7436	-65.5146	-12.5744	24.8855	-104.656	17.1624	25.7436	10	10	0	-30	0	0	34.4675	0	7.95406	0	0	0	0	0	0	0	0	0	0	
0	0.997167	0	0.075213	0	25.8806	-65.9164	-12.5881	25.0179	-105.054	17.2538	25.8806	10	10	0	-30	0	0	34.0163	0	7.84992	0	0	0	0	0	0	0	0	0	0	
0	0.997138	0	0.0755995	0	26.0139	-66.3074	-12.6014	25.1467	-105.44	17.3426	26.0139	10	10	0	-30	0	0	33.5534	0	7.74309	0	0	0	0	0	0	0	0	0	0	
0	0.997109	0	0.075986	0	26.1472	-66.6984	-12.6147	25.2756	-105.827	17.4314	26.1472	10	10	0	-30	0	0	33.0905	0	7.63627	0	0	0	0	0	0	0	0	0	0	
0	0.99708	0	0.0763615	0	26.2766	-67.0781	-12.6276	25.4007	-106.202	17.5178	26.2766	10	10	0	-30	0	0	32.6164	0	7.52683	0	0	0	0	0	0	0	0	0	0	
0	0.997051	0	0.076737	0	26.4061	-67.4579	-12.6406	25.5259	-106.578	17.6041	26.4061	10	10	0	-30	0	0	32.1423	0	7.4174	0	0	0	0	0	0	0	0	0	0	
0	0.997023	0	0.077101	0	26.5316	-67.8261	-12.6531	25.6473	-106.942	17.6878	26.5316	10	10	0	-30	0	0	31.657	0	7.30544	0	0	0	0	0	0	0	0	0	0	
0	0.996995	0	0.077465	0	26.6572	-68.1944	-12.6657	25.7686	-107.306	17.7714	26.6572	10	10	0	-30	0	0	31.1717	0	7.19349	0	0	0	0	0	0	0	0	0	0	
0	0.996968	0	0.0778175	0	26.7788	-68.551	-12.6779	25.8861	-107.658	17.8525	26.7788	10	10	0	-30	0	0	30.6758	0	7.07904	0	0	0	0	0	0	0	0	0	0	
0	0.99694	0	0.07817	0	26.9003	-68.9075	-12.69	26.0036	-108.011	17.9335	26.9003	10	10	0	-30	0	0	30.18	0	6.96459	0	0	0	0	0	0	0	0	0	0	
0	0.996913	0	0.0785105	0	27.0178	-69.2521	-12.7018	26.1172	-108.352	18.0118	27.0178	10	10	0	-30	0	0	29.6737	0	6.84776	0	0	0	0	0	0	0	0	0	0	
0	0.996886	0	0.078851	0	27.1352	-69.5967	-12.7135	26.2308	-108.692	18.0902	27.1352	10	10	0	-30	0	0	29.1674	0	6.73094	0	0	0	0	0	0	0	0	0	0	
0	0.99686	0	0.0791795	0	27.2486	-69.9291	-12.7248	26.3403	-109.021	18.1657	27.2486	10	10	0	-30	0	0	28.6513	0	6.61182	0	0	0	0	0	0	0	0	0	0	
0	0.996834	0	0.079508	0	27.3619	-70.2615	-12.7362	26.4499	-109.349	18.2413	27.3619	10	10	0	-30	0	0	28.1351	0	6.4927	0	0	0	0	0	0	0	0	0	0	
0	0.996809	0	0.0798245	0	27.471	-70.5815	-12.7471	26.5553	-109.666	18.314	27.471	10	10	0	-30	0	0	27.6092	0	6.37132	0	0	0	0	0	0	0	0	0	0	
0	0.996784	0	0.080141	0	27.5801	-70.9015	-12.758	26.6607	-109.982	18.3867	27.5801	10	10	0	-30	0	0	27.0832	0	6.24994	0	0	0	0	0	0	0	0	0	0	
0	0.996759	0	0.080445	0	27.6848	-71.2088	-12.7685	26.762	-110.286	18.4566	27.6848	10	10	0	-30	0	0	26.5481	0	6.12649	0	0	0	0	0	0	0	0	0	0	
0	0.996734	0	0.080749	0	27.7896	-71.5161	-12.779	26.8633	-110.59	18.5264	27.7896	10	10	0	-30	0	0	26.0131	0	6.00305	0	0	0	0	0	0	0	0	0	0	
0	0.996711	0	0.08104	0	27.89	-71.8106	-12.789	26.9603	-110.881	18.5933	27.89	10	10	0	-30	0	0	25.4689	0	5.87746	0	0	0	0	0	0	0	0	0	0	
0	0.996687	0	0.081331	0	27.9904	-72.1051	-12.799	27.0574	-111.172	18.6603	27.9904	10	10	0	-30	0	0	24.9248	0	5.75187	0	0	0	0	0	0	0	0	0	0	
0	0.996664	0	0.081609	0	28.0863	-72.3865	-12.8086	27.1501	-111.45	18.7242	28.0863	10	10	0	-30	0	0	24.3722	0	5.62438	0	0	0	0	0	0	0	0	0	0	
0	0.996642	0	0.081887	0	28.1822	-72.668	-12.8182	27.2428	-111.729	18.7881	28.1822	10	10	0	-30	0	0	23.8196	0	5.4969	0	0	0	0	0	0	0	0	0	0	
0	0.99662	0	0.082152	0	28.2737	-72.9361	-12.8274	27.3312	-111.994	18.8491	28.2737	10	10	0	-30	0	0	23.2588	0	5.36744	0	0	0	0	0	0	0	0	0	0	
0	0.996598	0	0.082417	0	28.3651	-73.2043	-12.8365	27.4196	-112.259	18.9101	28.3651	10	10	0	-30	0	0	22.6981	0	5.23798	0	0	0	0	0	0	0	0	0	0	
0	0.996577	0	0.082669	0	28.4519	-73.459	-12.8452	27.5035	-112.511	18.968	28.4519	10	10	0	-30	0	0	22.1296	0	5.10683	0	0	0	0	0	0	0	0	0	0	
0	0.996556	0	0.082921	0	28.5388	-73.7138	-12.8538	27.5875	-112.762	19.0259	28.5388	10	10	0	-30	0	0	21.5611	0	4.97568	0	0	0	0	0	0	0	0	0	0	
0	0.996536	0	0.083159	0	28.621	-73.9549	-12.8621	27.6669	-113.001	19.0807	28.621	10	10	0	-30	0	0	20.9851	0	4.84273	0	0	0	0	0	0	0	0	0	0	
0	0.996516	0	0.083397	0	28.7032	-74.196	-12.8703	27.7464	-113.239	19.1355	28.7032	10	10	0	-30	0	0	20.409	0	4.70977	0	0	0	0	0	0	0	0	0	0	
0	0.996498	0	0.083622	0	28.7807	-74.4233	-12.8781	27.8213	-113.464	19.1871	28.7807	10	10	0	-30	0	0	19.8261	0	4.57524	0	0	0	0	0	0	0	0	0	0	
0	0.996479	0	0.083847	0	28.8582	-74.6507	-12.8858	27.8962	-113.689	19.2388	28.8582	10	10	0	-30	0	0	19.2432	0	4.44071	0	0	0	0	0	0	0	0	0	0	
0	0.996461	0	0.0840575	0	28.9309	-74.8641	-12.8931	27.9666	-113.9	19.2873	28.9309	10	10	0	-30	0	0	18.6537	0	4.30472	0	0	0	0	0	0	0	0	0	0	
0	0.996443	0	0.084268	0	29.0037	-75.0775	-12.9004	28.0369	-114.111	19.3358	29.0037	10	10	0	-30	0	0	18.0643	0	4.16873	0	0	0	0	0	0	0	0	0	0	
0	0.996426	0	0.084465	0	29.0716	-75.2769	-12.9072	28.1026	-114.308	19.3811	29.0716	10	10	0	-30	0	0	17.4685	0	4.03119	0	0	0	0	0	0	0	0	0	0	
0	0.99641	0	0.084662	0	29.1396	-75.4762	-12.914	28.1683	-114.505	19.4264	29.1396	10	10	0	-30	0	0	16.8726	0	3.89365	0	0	0	0	0	0	0	0	0	0	
0	0.996394	0	0.084845	0	29.2027	-75.6613	-12.9203	28.2293	-114.688	19.4685	29.2027	10	10	0	-30	0	0	16.2713	0	3.75491	0	0	0	0	0	0	0	0	0	0	
0	0.996379	0	0.085028	0	29.2658	-75.8465	-12.9266	28.2903	-114.871	19.5106	29.2658	10	10	0	-30	0	0	15.6699	0	3.61617	0	0	0	0	0	0	0	0	0	0	
0	0.996364	0	0.085197	0	29.3241	-76.0173	-12.9324	28.3466	-115.04	19.5494	29.3241	10	10	0	-30	0	0	15.0629	0	3.47608	0	0	0	0	0	0	0	0	0	0	
0	0.99635	0	0.085366	0	29.3823	-76.1881	-12.9382	28.4029	-115.209	19.5882	29.3823	10	10	0	-30	0	0	14.456	0	3.33599	0	0	0	0	0	0	0	0	0	0	
0	0.996336	0	0.0855205	0	29.4356	-76.3444	-12.9436	28.4544	-115.363	19.6237	29.4356	10	10	0	-30	0	0	13.8442	0	3.19481	0	0	0	0	0	0	0	0	0	0	
0	0.996323	0	0.085675	0	29.4889	-76.5008	-12.9489	28.5059	-115.518	19.6593	29.4889	10	10	0	-30	0	0	13.2324	0	3.05364	0	0	0	0	0	0	0	0	0	0	
0	0.996311	0	0.085815	0	29.5372	-76.6425	-12.9537	28.5526	-115.658	19.6915	29.5372	10	10	0	-30	0	0	12.6161	0	2.91137	0	0	0	0	0	0	0	0	0	0	
0	0.996299	0	0.085955	0	29.5855	-76.7843	-12.9585	28.5994	-115.798	19.7237	29.5855	10	10	0	-30	0	0	11.9997	0	2.76911	0	0	0	0	0	0	0	0	0	0	
0	0.996288	0	0.0860805	0	29.6289	-76.9114	-12.9629	28.6412	-115.924	19.7526	29.6289	10	10	0	-30	0	0	11.3792	0	2.62595	0	0	0	0	0	0	0	0	0	0	
0	0.996277	0	0.086206	0	29.6722	-77.0385	-12.9672	28.6831	-116.049	19.7815	29.6722	10	10	0	-30	0	0	10.7587	0	2.4828	0	0	0	0	0	0	0	0	0	0	
0	0.996268	0	0.086317	0	29.7105	-77.1508	-12.971	28.7202	-116.16	19.807	29.7105	10	10	0	-30	0	0	10.1345	0	2.33873	0	0	0	0	0	0	0	0	0	0	
0	0.996258	0	0.086428	0	29.7488	-77.2632	-12.9749	28.7572	-116.272	19.8325	29.7488	10	10	0	-30	0	0	9.51024	0	2.19466	0	0	0	0	0	0	0	0	0	0	
0	0.99625	0	0.0865245	0	29.7821	-77.3607	-12.9782	28.7894	-116.368	19.8547	29.7821	10	10	0	-30	0	0	8.88297	0	2.04993	0	0	0	0	0	0	0	0	0	0	
0	0.996241	0	0.086621	0	29.8153	-77.4583	-12.9815	28.8215	-116.464	19.8769	29.8153	10	10	0	-30	0	0	8.25569	0	1.9052	0	0	0	0	0	0	0	0	0	0	
0	0.996234	0	0.0867025	0	29.8435	-77.5409	-12.9843	28.8487	-116.546	19.8957	29.8435	10	10	0	-30	0	0	7.62535	0	1.7597	0	0	0	0	0	0	0	0	0	0	
0	0.996227	0	0.086784	0	29.8717	-77.6236	-12.9872	28.8759	-116.628	19.9145	29.8717	10	10	0	-30	0	0	6.99501	0	1.61419	0	0	0	0	0	0	0	0	0	0	
0	0.996221	0	0.086851	0	29.8948	-77.6913	-12.9895	28.8982	-116.695	19.9298	29.8948	10	10	0	-30	0	0	6.36247	0	1.46823	0	0	0	0	0	0	0	0	0	0	
0	0.996215	0	0.086918	0	29.9179	-77.759	-12.9918	28.9206	-116.762	19.9452	29.9179	10	10	0	-30	0	0	5.72992	0	1.32227	0	0	0	0	0	0	0	0	0	0	
0	0.996211	0	0.08697	0	29.9358	-77.8117	-12.9936	28.9379	-116.814	19.9572	29.9358	10	10	0	-30	0	0	5.0952	0	1.1758	0	0	0	0	0	0	0	0	0	0	
0	0.996206	0	0.087022	0	29.9538	-77.8643	-12.9954	28.9553	-116.866	19.9692	29.9538	10	10	0	-30	0	0	4.46048	0	1.02932	0	0	0	0	0	0	0	0	0	0	
0	0.996203	0	0.087059	0	29.9666	-77.902	-12.9967	28.9677	-116.903	19.9777	29.9666	10	10	0	-30	0	0	3.82446	0	0.882556	0	0	0	0	0	0	0	0	0	0	
0	0.9962	0	0.087096	0	29.9794	-77.9397	-12.9979	28.9801	-116.94	19.9863	29.9794	10	10	0	-30	0	0	3.18845	0	0.735792	0	0	0	0	0	0	0	0	0	0	
0	0.996198	0	0.0871185	0	29.9871	-77.9623	-12.9987	28.9876	-116.963	19.9914	29.9871	10	10	0	-30	0	0	2.55109	0	0.588743	0	0	0	0	0	0	0	0	0	0	
0	0.996196	0	0.087141	0	29.9949	-77.9849	-12.9995	28.995	-116.985	19.9966	29.9949	10	10	0	-30	0	0	1.91374	0	0.441693	0	0	0	0	0	0	0	0	0	0	
0	0.996195	0	0.0871485	0	29.9974	-77.9925	-12.9998	28.9975	-116.993	19.9983	29.9974	10	10	0	-30	0	0	1.27598	0	0.294472	0	0	0	0	0	0	0	0	0	0	
0	0.996195	0	0.087156	0	30	-78	-13	29	-117	20	30	10	10	0	-30	0	0	0.638218	0	0.14725	0	0	0	0	0	0	0	0	0	0	
0	0.996195	0	0.087156	0	30	-78	-13	29	-117	20	30	10	10	0	-30	0	0	0.319109	0	0.0736251	0	0	0	0	0	0	0	0	0	0	
0	0.996195	0	0.087156	0	30	-78	-13	29	-117	20	30	10	10	0	-30	0	0	0	0	0	0	0	0	0	0	0	0	0	0	0	
0	0.996195	0	0.087156	0	30	-78	-13	29	-117	20	30	10	10	0	-30	0	0	0	0	0	0	0	0	0	0	0	0	0	0	0	
0	0.996195	0	0.087156	0	30	-78	-13	29	-117	20	30	10	10	0	-30	0	0	0	0	0	0	0	0	0	0	0	0	0	0	0	
0	0.996195	0	0.087156	0	30	-78	-13	29	-117	20	30	10	10	0	-30	0	0	0	0	0	0	0	0	0	0	0	0	0	0	0	
0	0.996195	0	0.087156	0	30	-78	-13	29	-117	20	30	10	10	0	-30	0	0	0	0	0	0	0	0	0	0	0	0	0	0	0	
0	0.996195	0	0.087156	0	30	-78	-13	29	-117	20	30	10	10	0	-30	0	0	0	0	0	0	0	0	0	0	0	0	0	0	0	
0	0.996195	0	0.087156	0	30	-78	-13	29	-117	20	30	10	10	0	-30	0	0	0	0	0	0	0	0	0	0	0	0	0	0	0	
0	0.996195	0	0.087156	0	30	-78	-13	29	-117	20	30	10	10	0	-30	0	0	0	0	0	0	0	0	0	0	0	0	0	0	0	
0	0.996195	0	0.087156	0	30	-78	-13	29	-117	20	30	10	10	0	-30	0	0	0	0	0	0	0	0	0	0	0	0	0	0	0	
0	0.996195	0	0.087156	0	30	-78	-13	29	-117	20	30	10	10	0	-30	0	0	0	0	0	0	0	0	0	0	0	0	0	0	0	
0	0.996195	0	0.087156	0	30	-78	-13	29	-117	20	30	10	10	0	-30	0	0	0	0	0	0	0	0	0	0	0	0	0	0	0	
0	0.996195	0	0.087156	0	30	-78	-13	29	-117	20	30	10	10	0	-30	0	0	0	0	0	0	0	0	0	0	0	0	0	0	0	
0	0.996195	0	0.087156	0	30	-78	-13	29	-117	20	30	10	10	0	-30	0	0	0	0	0	0	0	0	0	0	0	0	0	0	0	
0	0.996195	0	0.087156	0	30	-78	-13	29	-117	20	30	10	10	0	-30	0	0	0	0	0	0	0	0	0	0	0	0	0	0	0	
0	0.996195	0	0.087156	0	30	-78	-13	29	-117	20	30	10	10	0	-30	0	0	0	0	0	0	0	0	0	0	0	0	0	0	0	
0	0.996195	0	0.087156	0	30	-78	-13	29	-117	20	30	10	10	0	-30	0	0	0	0	0	0	0	0	0	0	0	0	0	0	0	
0	0.996195	0	0.087156	0	30	-78	-13	29	-117	20	30	10	10	0	-30	0	0	0	0	0	0	0	0	0	0	0	0	0	0	0	
0	0.996195	0	0.087156	0	30	-78	-13	29	-117	20	30	10	10	0	-30	0	0	0	0	0	0	0	0	0	0	0	0	0	0	0	
0	0.996195	0	0.087156	0	30	-78	-13	29	-117	20	30	10	10	0	-30	0	0	0	0	0	0	0	0	0	0	0	0	0	0	0	
0	0.996195	0	0.087156	0	30	-78	-13	29	-117	20	30	10	10	0	-30	0	0	0	0	0	0	0	0	0	0	0	0	0	0	0	
0	0.996195	0	0.087156	0	30	-78	-13	29	-117	20	30	10	10	0	-30	0	0	0	0	0	0	0	0	0	0	0	0	0	0	0	
0	0.996195	0	0.087156	0	30	-78	-13	29	-117	20	30	10	10	0	-30	0	0	0	0	0	0	0	0	0	0	0	0	0	0	0	
0	0.996195	0	0.087156	0	30	-78	-13	29	-117	20	30	10	10	0	-30	0	0	0	0	0	0	0	0	0	0	0	0	0	0	0	
0	0.996195	0	0.087156	0	30	-78	-13	29	-117	20	30	10	10	0	-30	0	0	0	0	0	0	0	0	0	0	0	0	0	0	0	
0	0.996195	0	0.087156	0	30	-78	-13	29	-117	20	30	10	10	0	-30	0	0	0	0	0	0	0	0	0	0	0	0	0	0	0	
0	0.996195	0	0.087156	0	30	-78	-13	29	-117	20	30	10	10	0	-30	0	0	0	0	0	0	0	0	0	0	0	0	0	0	0	
0	0.996195	0	0.087156	0	30	-78	-13	29	-117	20	30	10	10	0	-30	0	0	0	0	0	0	0	0	0	0	0	0	0	0	0	
0	0.996195	0	0.087156	0	30	-78	-13	29	-117	20	30	10	10	0	-30	0	0	0	0	0	0	0	0	0	0	0	0	0	0	0	
0	0.996195	0	0.087156	0	30	-78	-13	29	-117	20	30	10	10	0	-30	0	0	0	0	0	0	0	0	0	0	0	0	0	0	0	
0	0.996195	0	0.087156	0	30	-78	-13	29	-117	20	30	10	10	0	-30	0	0	0	0	0	0	0	0	0	0	0	0	0	0	0	
0	0.996195	0	0.087156	0	30	-78	-13	29	-117	20	30	10	10	0	-30	0	0	0	0	0	0	0	0	0	0	0	0	0	0	0	
0	0.996195	0	0.087156	0	30	-78	-13	29	-117	20	30	10	10	0	-30	0	0	0	0	0	0	0	0	0	0	0	0	0	0	0	
0	0.996195	0	0.087156	0	30	-78	-13	29	-117	20	30	10	10	0	-30	0	0	0	0	0	0	0	0	0	0	0	0	0	0	0	
0	0.996195	0	0.087156	0	30	-78	-13	29	-117	20	30	10	10	0	-30	0	0	0	0	0	0	0	0	0	0	0	0	0	0	0	
0	0.996195	0	0.087156	0	30	-78	-13	29	-117	20	30	10	10	0	-30	0	0	0	0	0	0	0	0	0	0	0	0	0	0	0	
0	0.996195	0	0.087156	0	30	-78	-13	29	-117	20	30	10	10	0	-30	0	0	0	0	0	0	0	0	0	0	0	0	0	0	0	
0	0.996195	0	0.087156	0	30	-78	-13	29	-117	20	30	10	10	0	-30	0	0	0	0	0	0	0	0	0	0	0	0	0	0	0	
0	0.996195	0	0.087156	0	30	-78	-13	29	-117	20	30	10	10	0	-30	0	0	0	0	0	0	0	0	0	0	0	0	0	0	0	
0	0.996195	0	0.087156	0	30	-78	-13	29	-117	20	30	10	10	0	-30	0	0	0	0	0	0	0	0	0	0	0	0	0	0	0	
0	0.996195	0	0.087156	0	30	-78	-13	29	-117	20	30	10	10	0	-30	0	0	0	0	0	0	0	0	0	0	0	0	0	0	0	
0	0.996195	0	0.087156	0	30	-78	-13	29	-117	20	30	10	10	0	-30	0	0	0	0	0	0	0	0	0	0	0	0	0	0	0	
0	0.996195	0	0.087156	0	30	-78	-13	29	-117	20	30	10	10	0	-30	0	0	0	0	0	0	0	0	0	0	0	0	0	0	0	
0	0.996195	0	0.087156	0	30	-78	-13	29	-117	20	30	10	10	0	-30	0	0	0	0	0	0	0	0	0	0	0	0	0	0	0	
0	0.996195	0	0.087156	0	30	-78	-13	29	-117	20	30	10	10	0	-30	0	0	0	0	0	0	0	0	0	0	0	0	0	0	0	
0	0.996195	0	0.087156	0	30	-78	-13	29	-117	20	30	10	10	0	-30	0	0	0	0	0	0	0	0	0	0	0	0	0	0	0	
0	0.996195	0	0.087156	0	30	-78	-13	29	-117	20	30	10	10	0	-30	0	0	0	0	0	0	0	0	0	0	0	0	0	0	0	
0	0.996195	0	0.087156	0	30	-78	-13	29	-117	20	30	10	10	0	-30	0	0	0	0	0	0	0	0	0	0	0	0	0	0	0	
0	0.996195	0	0.087156	0	30	-78	-13	29	-117	20	30	10	10	0	-30	0	0	0	0	0	0	0	0	0	0	0	0	0	0	0	
0	0.996195	0	0.087156	0	30	-78	-13	29	-117	20	30	10	10	0	-30	0	0	0	0	0	0	0	0	0	0	0	0	0	0	0	
0	0.996195	0	0.087156	0	30	-78	-13	29	-117	20	30	10	10	0	-30	0	0	0	0	0	0	0	0	0	0	0	0	0	0	0	
0	0.996195	0	0.087156	0	30	-78	-13	29	-117	20	30	10	10	0	-30	0	0	0	0	0	0	0	0	0	0	0	0	0	0	0	
0	0.996195	0	0.087156	0	30	-78	-13	29	-117	20	30	10	10	0	-30	0	0	0	0	0	0	0	0	0	0	0	0	0	0	0	
0	0.996195	0	0.087156	0	30	-78	-13	29	-117	20	30	10	10	0	-30	0	0	0	0	0	0	0	0	0	0	0	0	0	0	0	
0	0.996195	0	0.087156	0	30	-78	-13	29	-117	20	30	10	10	0	-30	0	0	0	0	0	0	0	0	0	0	0	0	0	0	0	
0	0.996195	0	0.087156	0	30	-78	-13	29	-117	20	30	10	10	0	-30	0	0	0	0	0	0	0	0	0	0	0	0	0	0	0	
0	0.996195	0	0.087156	0	30	-78	-13	29	-117	20	30	10	10	0	-30	0	0	0	0	0	0	0	0	0	0	0	0	0	0	0	
0	0.996195	0	0.087156	0	30	-78	-13	29	-117	20	30	10	10	0	-30	0	0	0	0	0	0	0	0	0	0	0	0	0	0	0	
0	0.996195	0	0.087156	0	30	-78	-13	29	-117	20	30	10	10	0	-30	0	0	0	0	0	0	0	0	0	0	0	0	0	0	0	
0	0.996195	0	0.087156	0	30	-78	-13	29	-117	20	30	10	10	0	-30	0	0	0	0	0	0	0	0	0	0	0	0	0	0	0	
0	0.996195	0	0.087156	0	30	-78	-13	29	-117	20	30	10	10	0	-30	0	0	0	0	0	0	0	0	0	0	0	0	0	0	0	
0	0.996195	0	0.087156	0	30	-78	-13	29	-117	20	30	10	10	0	-30	0	0	0	0	0	0	0	0	0	0	0	0	0	0	0	
0	0.996195	0	0.087156	0	30	-78	-13	29	-117	20	30	10	10	0	-30	0	0	0	0	0	0	0	0	0	0	0	0	0	0	0	
0	0.996195	0	0.087156	0	30	-78	-13	29	-117	20	30	10	10	0	-30	0	0	0	0	0	0	0	0	0	0	0	0	0	0	0	
0	0.996195	0	0.087156	0	30	-78	-13	29	-117	20	30	10	10	0	-30	0	0	0	0	0	0	0	0	0	0	0	0	0	0	0	
0	0.996195	0	0.087156	0	30	-78	-13	29	-117	20	30	10	10	0	-30	0	0	0	0	0	0	0	0	0	0	0	0	0	0	0	
0	0.996195	0	0.087156	0	30	-78	-13	29	-117	20	30	10	10	0	-30	0	0	0	0	0	0	0	0	0	0	0	0	0	0	0	
0	0.996195	0	0.087156	0	30	-78	-13	29	-117	20	30	10	10	0	-30	0	0	0	0	0	0	0	0	0	0	0	0	0	0	0	
0	0.996195	0	0.087156	0	30	-78	-13	29	-117	20	30	10	10	0	-30	0	0	0	0	0	0	0	0	0	0	0	0	0	0	0	
0	0.996195	0	0.087156	0	30	-78	-13	29	-117	20	30	10	10	0	-30	0	0	0	0	0	0	0	0	0	0	0	0	0	0	0	
0	0.996195	0	0.087156	0	30	-78	-13	29	-117	20	30	10	10	0	-30	0	0	0	0	0	0	0	0	0	0	0	0	0	0	0	
0	0.996195	0	0.087156	0	30	-78	-13	29	-117	20	30	10	10	0	-30	0	0	0	0	0	0	0	0	0	0	0	0	0	0	0	
0	0.996195	0	0.087156	0	30	-78	-13	29	-117	20	30	10	10	0	-30	0	0	0	0	0	0	0	0	0	0	0	0	0	0	0	
0	0.996195	0	0.087156	0	30	-78	-13	29	-117	20	30	10	10	0	-30	0	0	0	0	0	0	0	0	0	0	0	0	0	0	0	
0	0.996195	0	0.087156	0	30	-78	-13	29	-117	20	30	10	10	0	-30	0	0	0	0	0	0	0	0	0	0	0	0	0	0	0	
0	0.996195	0	0.087156	0	30	-78	-13	29	-117	20	30	10	10	0	-30	0	0	0	0	0	0	0	0	0	0	0	0	0	0	0	
0	0.996195	0	0.087156	0	30	-78	-13	29	-117	20	30	10	10	0	-30	0	0	0	0	0	0	0	0	0	0	0	0	0	0	0	
0	0.996195	0	0.087156	0	30	-78	-13	29	-117	20	30	10	10	0	-30	0	0	0	0	0	0	0	0	0	0	0	0	0	0	0	
0	0.996195	0	0.087156	0	30	-78	-13	29	-117	20	30	10	10	0	-30	0	0	0	0	0	0	0	0	0	0	0	0	0	0	0	
0	0.996195	0	0.087156	0	30	-78	-13	29	-117	20	30	10	10	0	-30	0	0	0	0	0	0	0	0	0	0	0	0	0	0	0	
0	0.996195	0	0.087156	0	30	-78	-13	29	-117	20	30	10	10	0	-30	0	0	0	0	0	0	0	0	0	0	0	0	0	0	0	
0	0.996195	0	0.087156	0	30	-78	-13	29	-117	20	30	10	10	0	-30	0	0	0	0	0	0	0	0	0	0	0	0	0	0	0	
0	0.996195	0	0.087156	0	30	-78	-13	29	-117	20	30	10	10	0	-30	0	0	0	0	0	0	0	0	0	0	0	0	0	0	0	
0	0.996195	0	0.087156	0	30	-78	-13	29	-117	20	30	10	10	0	-30	0	0	0	0	0	0	0	0	0	0	0	0	0	0	0	
0	0.996195	0	0.087156	0	30	-78	-13	29	-117	20	30	10	10	0	-30	0	0	0	0	0	0	0	0	0	0	0	0	0	0	0	
0	0.996195	0	0.087156	0	30	-78	-13	29	-117	20	30	10	10	0	-30	0	0	0	0	0	0	0	0	0	0	0	0	0	0	0	
0	0.996195	0	0.087156	0	30	-78	-13	29	-117	20	30	10	10	0	-30	0	0	0	0	0	0	0	0	0	0	0	0	0	0	0	
0	0.996195	0	0.087156	0	30	-78	-13	29	-117	20	30	10	10	0	-30	0	0	0	0	0	0	0	0	0	0	0	0	0	0	0	
0	0.996195	0	0.087156	0	30	-78	-13	29	-117	20	30	10	10	0	-30	0	0	0	0	0	0	0	0	0	0	0	0	0	0	0	
0	0.996195	0	0.087156	0	30	-78	-13	29	-117	20	30	10	10	0	-30	0	0	0	0	0	0	0	0	0	0	0	0	0	0	0	
0	0.996195	0	0.087156	0	30	-78	-13	29	-117	20	30	10	10	0	-30	0	0	0	0	0	0	0	0	0	0	0	0	0	0	0	
0	0.996195	0	0.087156	0	30	-78	-13	29	-117	20	30	10	10	0	-30	0	0	0	0	0	0	0	0	0	0	0	0	0	0	0	
0	0.996195	0	0.087156	0	30	-78	-13	29	-117	20	30	10	10	0	-30	0	0	0	0	0	0	0	0	0	0	0	0	0	0	0	
0	0.996195	0	0.087156	0	30	-78	-13	29	-117	20	30	10	10	0	-30	0	0	0	0	0	0	0	0	0	0	0	0	0	0	0	
0	0.996195	0	0.087156	0	30	-78	-13	29	-117	20	30	10	10	0	-30	0	0	0	0	0	0	0	0	0	0	0	0	0	0	0	
0	0.996195	0	0.087156	0	30	-78	-13	29	-117	20	30	10	10	0	-30	0	0	0	0	0	0	0	0	0	0	0	0	0	0	0	
0	0.996195	0	0.087156	0	30	-78	-13	29	-117	20	30	10	10	0	-30	0	0	0	0	0	0	0	0	0	0	0	0	0	0	0	
0	0.996195	0	0.087156	0	30	-78	-13	29	-117	20	30	10	10	0	-30	0	0	0	0	0	0	0	0	0	0	0	0	0	0	0	
0	0.996195	0	0.087156	0	30	-78	-13	29	-117	20	30	10	10	0	-30	0	0	0	0	0	0	0	0	0	0	0	0	0	0	0	
0	0.996195	0	0.087156	0	30	-78	-13	29	-117	20	30	10	10	0	-30	0	0	0	0	0	0	0	0	0	0	0	0	0	0	0	
0	0.996195	0	0.087156	0	30	-78	-13	29	-117	20	30	10	10	0	-30	0	0	0	0	0	0	0	0	0	0	0	0	0	0	0	
0	0.996195	0	0.087156	0	30	-78	-13	29	-117	20	30	10	10	0	-30	0	0	0	0	0	0	0	0	0	0	0	0	0	0	0	
0	0.996195	0	0.087156	0	30	-78	-13	29	-117	20	30	10	10	0	-30	0	0	0	0	0	0	0	0	0	0	0	0	0	0	0	
0	0.996195	0	0.087156	0	30	-78	-13	29	-117	20	30	10	10	0	-30	0	0	0	0	0	0	0	0	0	0	0	0	0	0	0	
0	0.996195	0	0.087156	0	30	-78	-13	29	-117	20	30	10	10	0	-30	0	0	0	0	0	0	0	0	0	0	0	0	0	0	0	
0	0.996195	0	0.087156	0	30	-78	-13	29	-117	20	30	10	10	0	-30	0	0	0	0	0	0	0	0	0	0	0	0	0	0	0	
0	0.996195	0	0.087156	0	30	-78	-13	29	-117	20	30	10	10	0	-30	0	0	0	0	0	0	0	0	0	0	0	0	0	0	0	
0	0.996195	0	0.087156	0	30	-78	-13	29	-117	20	30	10	10	0	-30	0	0	0	0	0	0	0	0	0	0	0	0	0	0	0	
0	0.996195	0	0.087156	0	30	-78	-13	29	-117	20	30	10	10	0	-30	0	0	0	0	0	0	0	0	0	0	0	0	0	0	0	
0	0.996195	0	0.087156	0	30	-78	-13	29	-117	20	30	10	10	0	-30	0	0	0	0	0	0	0	0	0	0	0	0	0	0	0	
0	0.996195	0	0.087156	0	30	-78	-13	29	-117	20	30	10	10	0	-30	0	0	0	0	0	0	0	0	0	0	0	0	0	0	0	
0	0.996195	0	0.087156	0	30	-78	-13	29	-117	20	30	10	10	0	-30	0	0	0	0	0	0	0	0	0	0	0	0	0	0	0	
0	0.996195	0	0.087156	0	30	-78	-13	29	-117	20	30	10	10	0	-30	0	0	0	0	0	0	0	0	0	0	0	0	0	0	0	
0	0.996195	0	0.087156	0	30	-78	-13	29	-117	20	30	10	10	0	-30	0	0	0	0	0	0	0	0	0	0	0	0	0	0	0	
0	0.996195	0	0.087156	0	30	-78	-13	29	-117	20	30	10	10	0	-30	0	0	0	0	0	0	0	0	0	0	0	0	0	0	0	
0	0.996195	0	0.087156	0	30	-78	-13	29	-117	20	30	10	10	0	-30	0	0	0	0	0	0	0	0	0	0	0	0	0	0	0	
0	0.996195	0	0.087156	0	30	-78	-13	29	-117	20	30	10	10	0	-30	0	0	0	0	0	0	0	0	0	0	0	0	0	0	0	
0	0.996195	0	0.087156	0	30	-78	-13	29	-117	20	30	10	10	0	-30	0	0	0	0	0	0	0	0	0	0	0	0	0	0	0	
0	0.996195	0	0.087156	0	30	-78	-13	29	-117	20	30	10	10	0	-30	0	0	0	0	0	0	0	0	0	0	0	0	0	0	0	
0	0.996195	0	0.087156	0	30	-78	-13	29	-117	20	30	10	10	0	-30	0	0	0	0	0	0	0	0	0	0	0	0	0	0	0	
0	0.996195	0	0.087156	0	30	-78	-13	29	-117	20	30	10	10	0	-30	0	0	0	0	0	0	0	0	0	0	0	0	0	0	0	
0	0.996195	0	0.087156	0	30	-78	-13	29	-117	20	30	10	10	0	-30	0	0	0	0	0	0	0	0	0	0	0	0	0	0	0	
0	0.996195	0	0.087156	0	30	-78	-13	29	-117	20	30	10	10	0	-30	0	0	0	0	0	0	0	0	0	0	0	0	0	0	0	
0	0.996195	0	0.087156	0	30	-78	-13	29	-117	20	30	10	10	0	-30	0	0	0	0	0	0	0	0	0	0	0	0	0	0	0	
0	0.996195	0	0.087156	0	30	-78	-13	29	-117	20	30	10	10	0	-30	0	0	0	0	0	0	0	0	0	0	0	0	0	0	0	
0	0.996195	0	0.087156	0	30	-78	-13	29	-117	20	30	10	10	0	-30	0	0	0	0	0	0	0	0	0	0	0	0	0	0	0	
0	0.996195	0	0.087156	0	30	-78	-13	29	-117	20	30	10	10	0	-30	0	0	0	0	0	0	0	0	0	0	0	0	0	0	0	
0	0.996195	0	0.087156	0	30	-78	-13	29	-117	20	30	10	10	0	-30	0	0	0	0	0	0	0	0	0	0	0	0	0	0	0	
0	0.996195	0	0.087156	0	30	-78	-13	29	-117	20	30	10	10	0	-30	0	0	0	0	0	0	0	0	0	0	0	0	0	0	0	
0	0.996195	0	0.087156	0	30	-78	-13	29	-117	20	30	10	10	0	-30	0	0	0	0	0	0	0	0	0	0	0	0	0	0	0	
0	0.996195	0	0.087156	0	30	-78	-13	29	-117	20	30	10	10	0	-30	0	0	0	0	0	0	0	0	0	0	0	0	0	0	0	
0	0.996195	0	0.087156	0	30	-78	-13	29	-117	20	30	10	10	0	-30	0	0	0	0	0	0	0	0	0	0	0	0	0	0	0	
0	0.996195	0	0.087156	0	30	-78	-13	29	-117	20	30	10	10	0	-30	0	0	0	0	0	0	0	0	0	0	0	0	0	0	0	
0	0.996195	0	0.087156	0	30	-78	-13	29	-117	20	30	10	10	0	-30	0	0	0	0	0	0	0	0	0	0	0	0	0	0	0	
0	0.996195	0	0.087156	0	30	-78	-13	29	-117	20	30	10	10	0	-30	0	0	0	0	0	0	0	0	0	0	0	0	0	0	0	
0	0.996195	0	0.087156	0	30	-78	-13	29	-117	20	30	10	10	0	-30	0	0	0	0	0	0	0	0	0	0	0	0	0	0	0	
0	0.996195	0	0.087156	0	30	-78	-13	29	-117	20	30	10	10	0	-30	0	0	0	0	0	0	0	0	0	0	0	0	0	0	0	
0	0.996195	0	0.087156	0	30	-78	-13	29	-117	20	30	10	10	0	-30	0	0	0	0	0	0	0	0	0	0	0	0	0	0	0	
0	0.996195	0	0.087156	0	30	-78	-13	29	-117	20	30	10	10	0	-30	0	0	0	0	0	0	0	0	0	0	0	0	0	0	0	
0	0.996195	0	0.087156	0	30	-78	-13	29	-117	20	30	10	10	0	-30	0	0	0	0	0	0	0	0	0	0	0	0	0	0	0	
0	0.996195	0	0.087156	0	30	-78	-13	29	-117	20	30	10	10	0	-30	0	0	0	0	0	0	0	0	0	0	0	0	0	0	0	
0	0.996195	0	0.087156	0	30	-78	-13	29	-117	20	30	10	10	0	-30	0	0	0	0	0	0	0	0	0	0	0	0	0	0	0	
0	0.996195	0	0.087156	0	30	-78	-13	29	-117	20	30	10	10	0	-30	0	0	0	0	0	0	0	0	0	0	0	0	0	0	0	
0	0.996195	0	0.087156	0	30	-78	-13	29	-117	20	30	10	10	0	-30	0	0	0	0	0	0	0	0	0	0	0	0	0	0	0	
0	0.996195	0	0.087156	0	30	-78	-13	29	-117	20	30	10	10	0	-30	0	0	0	0	0	0	0	0	0	0	0	0	0	0	0	
0	0.996195	0	0.087156	0	30	-78	-13	29	-117	20	30	10	10	0	-30	0	0	0	0	0	0	0	0	0	0	0	0	0	0	0	
0	0.996195	0	0.087156	0	30	-78	-13	29	-117	20	30	10	10	0	-30	0	0	0	0	0	0	0	0	0	0	0	0	0	0	0	
0	0.996195	0	0.087156	0	30	-78	-13	29	-117	20	30	10	10	0	-30	0	0	0	0	0	0	0	0	0	0	0	0	0	0	0	
0	0.996195	0	0.087156	0	30	-78	-13	29	-117	20	30	10	10	0	-30	0	0	0	0	0	0	0	0	0	0	0	0	0	0	0	
0	0.996195	0	0.087156	0	30	-78	-13	29	-117	20	30	10	10	0	-30	0	0	0	0	0	0	0	0	0	0	0	0	0	0	0	
0	0.996195	0	0.087156	0	30	-78	-13	29	-117	20	30	10	10	0	-30	0	0	0	0	0	0	0	0	0	0	0	0	0	0	0	
0	0.996195	0	0.087156	0	30	-78	-13	29	-117	20	30	10	10	0	-30	0	0	0	0	0	0	0	0	0	0	0	0	0	0	0	
0	0.996195	0	0.087156	0	30	-78	-13	29	-117	20	30	10	10	0	-30	0	0	0	0	0	0	0	0	0	0	0	0	0	0	0	
0	0.996195	0	0.087156	0	30	-78	-13	29	-117	20	30	10	10	0	-30	0	0	0	0	0	0	0	0	0	0	0	0	0	0	0	
0	0.996195	0	0.087156	0	30	-78	-13	29	-117	20	30	10	10	0	-30	0	0	0	0	0	0	0	0	0	0	0	0	0	0	0	
0	0.996195	0	0.087156	0	30	-78	-13	29	-117	20	30	10	10	0	-30	0	0	0	0	0	0	0	0	0	0	0	0	0	0	0	
0	0.996195	0	0.087156	0	30	-78	-13	29	-117	20	30	10	10	0	-30	0	0	0	0	0	0	0	0	0	0	0	0	0	0	0	
0	0.996195	0	0.087156	0	30	-78	-13	29	-117	20	30	10	10	0	-30	0	0	0	0	0	0	0	0	0	0	0	0	0	0	0	
0	0.996195	0	0.087156	0	30	-78	-13	29	-117	20	30	10	10	0	-30	0	0	0	0	0	0	0	0	0	0	0	0	0	0	0	
0	0.996195	0	0.087156	0	30	-78	-13	29	-117	20	30	10	10	0	-30	0	0	0	0	0	0	0	0	0	0	0	0	0	0	0	
0	0.996195	0	0.087156	0	30	-78	-13	29	-117	20	30	10	10	0	-30	0	0	0	0	0	0	0	0	0	0	0	0	0	0	0	
0	0.996195	0	0.087156	0	30	-78	-13	29	-117	20	30	10	10	0	-30	0	0	0	0	0	0	0	0	0	0	0	0	0	0	0	
0	0.996195	0	0.087156	0	30	-78	-13	29	-117	20	30	10	10	0	-30	0	0	0	0	0	0	0	0	0	0	0	0	0	0	0	
0	0.996195	0	0.087156	0	30	-78	-13	29	-117	20	30	10	10	0	-30	0	0	0	0	0	0	0	0	0	0	0	0	0	0	0	
0	0.996195	0	0.087156	0	30	-78	-13	29	-117	20	30	10	10	0	-30	0	0	0	0	0	0	0	0	0	0	0	0	0	0	0	
0	0.996195	0	0.087156	0	30	-78	-13	29	-117	20	30	10	10	0	-30	0	0	0	0	0	0	0	0	0	0	0	0	0	0	0	
0	0.996195	0	0.087156	0	30	-78	-13	29	-117	20	30	10	10	0	-30	0	0	0	0	0	0	0	0	0	0	0	0	0	0	0	
0	0.996195	0	0.087156	0	30	-78	-13	29	-117	20	30	10	10	0	-30	0	0	0	0	0	0	0	0	0	0	0	0	0	0	0	
0	0.996195	0	0.087156	0	30	-78	-13	29	-117	20	30	10	10	0	-30	0	0	0	0	0	0	0	0	0	0	0	0	0	0	0	
0	0.996195	0	0.087156	0	30	-78	-13	29	-117	20	30	10	10	0	-30	0	0	0	0	0	0	0	0	0	0	0	0	0	0	0	
0	0.996195	0	0.087156	0	30	-78	-13	29	-117	20	30	10	10	0	-30	0	0	0	0	0	0	0	0	0	0	0	0	0	0	0	
0	0.996195	0	0.087156	0	30	-78	-13	29	-117	20	30	10	10	0	-30	0	0	0	0	0	0	0	0	0	0	0	0	0	0	0	
0	0.996195	0	0.087156	0	30	-78	-13	29	-117	20	30	10	10	0	-30	0	0	0	0	0	0	0	0	0	0	0	0	0	0	0	
0	0.996195	0	0.087156	0	30	-78	-13	29	-117	20	30	10	10	0	-30	0	0	0	0	0	0	0	0	0	0	0	0	0	0	0	
0	0.996195	0	0.087156	0	30	-78	-13	29	-117	20	30	10	10	0	-30	0	0	0	0	0	0	0	0	0	0	0	0	0	0	0	
0	0.996195	0	0.087156	0	30	-78	-13	29	-117	20	30	10	10	0	-30	0	0	0	0	0	0	0	0	0	0	0	0	0	0	0	
0	0.996195	0	0.087156	0	30	-78	-13	29	-117	20	30	10	10	0	-30	0	0	0	0	0	0	0	0	0	0	0	0	0	0	0	
0	0.996195	0	0.087156	0	30	-78	-13	29	-117	20	30	10	10	0	-30	0	0	0	0	0	0	0	0	0	0	0	0	0	0	0	
0	0.996195	0	0.087156	0	30	-78	-13	29	-117	20	30	10	10	0	-30	0	0	0	0	0	0	0	0	0	0	0	0	0	0	0	
0	0.996195	0	0.087156	0	30	-78	-13	29	-117	20	30	10	10	0	-30	0	0	0	0	0	0	0	0	0	0	0	0	0	0	0	
0	0.996195	0	0.087156	0	30	-78	-13	29	-117	20	30	10	10	0	-30	0	0	0	0	0	0	0	0	0	0	0	0	0	0	0	
0	0.996195	0	0.087156	0	30	-78	-13	29	-117	20	30	10	10	0	-30	0	0	0	0	0	0	0	0	0	0	0	0	0	0	0	
0	0.996195	0	0.087156	0	30	-78	-13	29	-117	20	30	10	10	0	-30	0	0	0	0	0	0	0	0	0	0	0	0	0	0	0	
0	0.996195	0	0.087156	0	30	-78	-13	29	-117	20	30	10	10	0	-30	0	0	0	0	0	0	0	0	0	0	0	0	0	0	0	
0	0.996195	0	0.087156	0	30	-78	-13	29	-117	20	30	10	10	0	-30	0	0	0	0	0	0	0	0	0	0	0	0	0	0	0	
0	0.996195	0	0.087156	0	30	-78	-13	29	-117	20	30	10	10	0	-30	0	0	0	0	0	0	0	0	0	0	0	0	0	0	0	
0	0.996195	0	0.087156	0	30	-78	-13	29	-117	20	30	10	10	0	-30	0	0	0	0	0	0	0	0	0	0	0	0	0	0	0	
0	0.996195	0	0.087156	0	30	-78	-13	29	-117	20	30	10	10	0	-30	0	0	0	0	0	0	0	0	0	0	0	0	0	0	0	
0	0.996195	0	0.087156	0	30	-78	-13	29	-117	20	30	10	10	0	-30	0	0	0	0	0	0	0	0	0	0	0	0	0	0	0	
0	0.996195	0	0.087156	0	30	-78	-13	29	-117	20	30	10	10	0	-30	0	0	0	0	0	0	0	0	0	0	0	0	0	0	0	
0	0.996195	0	0.087156	0	30	-78	-13	29	-117	20	30	10	10	0	-30	0	0	0	0	0	0	0	0	0	0	0	0	0	0	0	
0	0.996195	0	0.087156	0	30	-78	-13	29	-117	20	30	10	10	0	-30	0	0	0	0	0	0	0	0	0	0	0	0	0	0	0	
0	0.996195	0	0.087156	0	30	-78	-13	29	-117	20	30	10	10	0	-30	0	0	0	0	0	0	0	0	0	0	0	0	0	0	0	
0	0.996195	0	0.087156	0	30	-78	-13	29	-117	20	30	10	10	0	-30	0	0	0	0	0	0	0	0	0	0	0	0	0	0	0	
0	0.996195	0	0.087156	0	30	-78	-13	29	-117	20	30	10	10	0	-30	0	0	0	0	0	0	0	0	0	0	0	0	0	0	0	
0	0.996195	0	0.087156	0	30	-78	-13	29	-117	20	30	10	10	0	-30	0	0	0	0	0	0	0	0	0	0	0	0	0	0	0	
0	0.996195	0	0.087156	0	30	-78	-13	29	-117	20	30	10	10	0	-30	0	0	0	0	0	0	0	0	0	0	0	0	0	0	0	
0	0.996195	0	0.087156	0	30	-78	-13	29	-117	20	30	10	10	0	-30	0	0	0	0	0	0	0	0	0	0	0	0	0	0	0	
0	0.996195	0	0.087156	0	30	-78	-13	29	-117	20	30	10	10	0	-30	0	0	0	0	0	0	0	0	0	0	0	0	0	0	0	
0	0.996195	0	0.087156	0	30	-78	-13	29	-117	20	30	10	10	0	-30	0	0	0	0	0	0	0	0	0	0	0	0	0	0	0	
0	0.996195	0	0.087156	0	30	-78	-13	29	-117	20	30	10	10	0	-30	0	0	0	0	0	0	0	0	0	0	0	0	0	0	0	
0	0.996195	0	0.087156	0	30	-78	-13	29	-117	20	30	10	10	0	-30	0	0	0	0	0	0	0	0	0	0	0	0	0	0	0	
0	0.996195	0	0.087156	0	30	-78	-13	29	-117	20	30	10	10	0	-30	0	0	0	0	0	0	0	0	0	0	0	0	0	0	0	
0	0.996195	0	0.087156	0	30	-78	-13	29	-117	20	30	10	10	0	-30	0	0	0	0	0	0	0	0	0	0	0	0	0	0	0	
0	0.996195	0	0.087156	0	30	-78	-13	29	-117	20	30	10	10	0	-30	0	0	0	0	0	0	0	0	0	0	0	0	0	0	0	
0	0.996195	0	0.087156	0	30	-78	-13	29	-117	20	30	10	10	0	-30	0	0	0	0	0	0	0	0	0	0	0	0	0	0	0	
0	0.996195	0	0.087156	0	30	-78	-13	29	-117	20	30	10	10	0	-30	0	0	0	0	0	0	0	0	0	0	0	0	0	0	0	
0	0.996195	0	0.087156	0	30	-78	-13	29	-117	20	30	10	10	0	-30	0	0	0	0	0	0	0	0	0	0	0	0	0	0	0	
0	0.996195	0	0.087156	0	30	-78	-13	29	-117	20	30	10	10	0	-30	0	0	0	0	0	0	0	0	0	0	0	0	0	0	0	
0	0.996195	0	0.087156	0	30	-78	-13	29	-117	20	30	10	10	0	-30	0	0	0	0	0	0	0	0	0	0	0	0	0	0	0	
0	0.996195	0	0.087156	0	30	-78	-13	29	-117	20	30	10	10	0	-30	0	0	0	0	0	0	0	0	0	0	0	0	0	0	0	
0	0.996195	0	0.087156	0	30	-78	-13	29	-117	20	30	10	10	0	-30	0	0	0	0	0	0	0	0	0	0	0	0	0	0	0	
0	0.996195	0	0.087156	0	30	-78	-13	29	-117	20	30	10	10	0	-30	0	0	0	0	0	0	0	0	0	0	0	0	0	0	0	
0	0.996195	0	0.087156	0	30	-78	-13	29	-117	20	30	10	10	0	-30	0	0	0	0	0	0	0	0	0	0	0	0	0	0	0	
0	0.996195	0	0.087156	0	30	-78	-13	29	-117	20	30	10	10	0	-30	0	0	0	0	0	0	0	0	0	0	0	0	0	0	0	
0	0.996195	0	0.087156	0	30	-78	-13	29	-117	20	30	10	10	0	-30	0	0	0	0	0	0	0	0	0	0	0	0	0	0	0	
0	0.996195	0	0.087156	0	30	-78	-13	29	-117	20	30	10	10	0	-30	0	0	0	0	0	0	0	0	0	0	0	0	0	0	0	
0	0.996195	0	0.087156	0	30	-78	-13	29	-117	20	30	10	10	0	-30	0	0	0	0	0	0	0	0	0	0	0	0	0	0	0	
0	0.996195	0	0.087156	0	30	-78	-13	29	-117	20	30	10	10	0	-30	0	0	0	0	0	0	0	0	0	0	0	0	0	0	0	
0	0.996195	0	0.087156	0	30	-78	-13	29	-117	20	30	10	10	0	-30	0	0	0	0	0	0	0	0	0	0	0	0	0	0	0	
0	0.996195	0	0.087156	0	30	-78	-13	29	-117	20	30	10	10	0	-30	0	0	0	0	0	0	0	0	0	0	0	0	0	0	0	
0	0.996195	0	0.087156	0	30	-78	-13	29	-117	20	30	10	10	0	-30	0	0	0	0	0	0	0	0	0	0	0	0	0	0	0	
0	0.996195	0	0.087156	0	30	-78	-13	29	-117	20	30	10	10	0	-30	0	0	0	0	0	0	0	0	0	0	0	0	0	0	0	
0	0.996195	0	0.087156	0	30	-78	-13	29	-117	20	30	10	10	0	-30	0	0	0	0	0	0	0	0	0	0	0	0	0	0	0	
0	0.996195	0	0.087156	0	30	-78	-13	29	-117	20	30	10	10	0	-30	0	0	0	0	0	0	0	0	0	0	0	0	0	0	0	
0	0.996195	0	0.087156	0	30	-78	-13	29	-117	20	30	10	10	0	-30	0	0	0	0	0	0	0	0	0	0	0	0	0	0	0	
0	0.996195	0	0.087156	0	30	-78	-13	29	-117	20	30	10	10	0	-30	0	0	0	0	0	0	0	0	0	0	0	0	0	0	0	
0	0.996195	0	0.087156	0	30	-78	-13	29	-117	20	30	10	10	0	-30	0	0	0	0	0	0	0	0	0	0	0	0	0	0	0	
0	0.996195	0	0.087156	0	30	-78	-13	29	-117	20	30	10	10	0	-30	0	0	0	0	0	0	0	0	0	0	0	0	0	0	0	
0	0.996195	0	0.087156	0	30	-78	-13	29	-117	20	30	10	10	0	-30	0	0	0	0	0	0	0	0	0	0	0	0	0	0	0	
0	0.996195	0	0.087156	0	30	-78	-13	29	-117	20	30	10	10	0	-30	0	0	0	0	0	0	0	0	0	0	0	0	0	0	0	
0	0.996195	0	0.087156	0	30	-78	-13	29	-117	20	30	10	10	0	-30	0	0	0	0	0	0	0	0	0	0	0	0	0	0	0	
0	0.996195	0	0.087156	0	30	-78	-13	29	-117	20	30	10	10	0	-30	0	0	0	0	0	0	0	0	0	0	0	0	0	0	0	
0	0.996195	0	0.087156	0	30	-78	-13	29	-117	20	30	10	10	0	-30	0	0	0	0	0	0	0	0	0	0	0	0	0	0	0	
0	0.996195	0	0.087156	0	30	-78	-13	29	-117	20	30	10	10	0	-30	0	0	0	0	0	0	0	0	0	0	0	0	0	0	0	
0	0.996195	0	0.087156	0	30	-78	-13	29	-117	20	30	10	10	0	-30	0	0	0	0	0	0	0	0	0	0	0	0	0	0	0	
0	0.996195	0	0.087156	0	30	-78	-13	29	-117	20	30	10	10	0	-30	0	0	0	0	0	0	0	0	0	0	0	0	0	0	0	
0	0.996195	0	0.087156	0	30	-78	-13	29	-117	20	30	10	10	0	-30	0	0	0	0	0	0	0	0	0	0	0	0	0	0	0	
0	0.996195	0	0.087156	0	30	-78	-13	29	-117	20	30	10	10	0	-30	0	0	0	0	0	0	0	0	0	0	0	0	0	0	0	
0	0.996195	0	0.087156	0	30	-78	-13	29	-117	20	30	10	10	0	-30	0	0	0	0	0	0	0	0	0	0	0	0	0	0	0	
0	0.996195	0	0.087156	0	30	-78	-13	29	-117	20	30	10	10	0	-30	0	0	0	0	0	0	0	0	0	0	0	0	0	0	0	
0	0.996195	0	0.087156	0	30	-78	-13	29	-117	20	30	10	10	0	-30	0	0	0	0	0	0	0	0	0	0	0	0	0	0	0	
0	0.996195	0	0.087156	0	30	-78	-13	29	-117	20	30	10	10	0	-30	0	0	0	0	0	0	0	0	0	0	0	0	0	0	0	
0	0.996195	0	0.087156	0	30	-78	-13	29	-117	20	30	10	10	0	-30	0	0	0	0	0	0	0	0	0	0	0	0	0	0	0	
0	0.996195	0	0.087156	0	30	-78	-13	29	-117	20	30	10	10	0	-30	0	0	0	0	0	0	0	0	0	0	0	0	0	0	0	
0	0.996195	0	0.087156	0	30	-78	-13	29	-117	20	30	10	10	0	-30	0	0	0	0	0	0	0	0	0	0	0	0	0	0	0	
0	0.996195	0	0.087156	0	30	-78	-13	29	-117	20	30	10	10	0	-30	0	0	0	0	0	0	0	0	0	0	0	0	0	0	0	
0	0.996195	0	0.087156	0	30	-78	-13	29	-117	20	30	10	10	0	-30	0	0	0	0	0	0	0	0	0	0	0	0	0	0	0	
0	0.996195	0	0.087156	0	30	-78	-13	29	-117	20	30	10	10	0	-30	0	0	0	0	0	0	0	0	0	0	0	0	0	0	0	
0	0.996195	0	0.087156	0	30	-78	-13	29	-117	20	30	10	10	0	-30	0	0	0	0	0	0	0	0	0	0	0	0	0	0	0	
0	0.996195	0	0.087156	0	30	-78	-13	29	-117	20	30	10	10	0	-30	0	0	0	0	0	0	0	0	0	0	0	0	0	0	0	
0	0.996195	0	0.087156	0	30	-78	-13	29	-117	20	30	10	10	0	-30	0	0	0	0	0	0	0	0	0	0	0	0	0	0	0	
0	0.996195	0	0.087156	0	30	-78	-13	29	-117	20	30	10	10	0	-30	0	0	0	0	0	0	0	0	0	0	0	0	0	0	0	
0	0.996195	0	0.087156	0	30	-78	-13	29	-117	20	30	10	10	0	-30	0	0	0	0	0	0	0	0	0	0	0	0	0	0	0	
0	0.996195	0	0.087156	0	30	-78	-13	29	-117	20	30	10	10	0	-30	0	0	0	0	0	0	0	0	0	0	0	0	0	0	0	
0	0.996195	0	0.087156	0	30	-78	-13	29	-117	20	30	10	10	0	-30	0	0	0	0	0	0	0	0	0	0	0	0	0	0	0	
0	0.996195	0	0.087156	0	30	-78	-13	29	-117	20	30	10	10	0	-30	0	0	0	0	0	0	0	0	0	0	0	0	0	0	0	
0	0.996195	0	0.087156	0	30	-78	-13	29	-117	20	30	10	10	0	-30	0	0	0	0	0	0	0	0	0	0	0	0	0	0	0	
0	0.996195	0	0.087156	0	30	-78	-13	29	-117	20	30	10	10	0	-30	0	0	0	0	0	0	0	0	0	0	0	0	0	0	0	
0	0.996195	0	0.087156	0	30	-78	-13	29	-117	20	30	10	10	0	-30	0	0	0	0	0	0	0	0	0	0	0	0	0	0	0	
0	0.996195	0	0.087156	0	30	-78	-13	29	-117	20	30	10	10	0	-30	0	0	0	0	0	0	0	0	0	0	0	0	0	0	0	
0	0.996195	0	0.087156	0	30	-78	-13	29	-117	20	30	10	10	0	-30	0	0	0	0	0	0	0	0	0	0	0	0	0	0	0	
0	0.996195	0	0.087156	0	30	-78	-13	29	-117	20	30	10	10	0	-30	0	0	0	0	0	0	0	0	0	0	0	0	0	0	0	
0	0.996195	0	0.087156	0	30	-78	-13	29	-117	20	30	10	10	0	-30	0	0	0	0	0	0	0	0	0	0	0	0	0	0	0	
0	0.996195	0	0.087156	0	30	-78	-13	29	-117	20	30	10	10	0	-30	0	0	0	0	0	0	0	0	0	0	0	0	0	0	0	
0	0.996195	0	0.087156	0	30	-78	-13	29	-117	20	30	10	10	0	-30	0	0	0	0	0	0	0	0	0	0	0	0	0	0	0	
0	0.996195	0	0.087156	0	30	-78	-13	29	-117	20	30	10	10	0	-30	0	0	0	0	0	0	0	0	0	0	0	0	0	0	0	
0	0.996195	0	0.087156	0	30	-78	-13	29	-117	20	30	10	10	0	-30	0	0	0	0	0	0	0	0	0	0	0	0	0	0	0	
0	0.996195	0	0.087156	0	30	-78	-13	29	-117	20	30	10	10	0	-30	0	0	0	0	0	0	0	0	0	0	0	0	0	0	0	
0	0.996195	0	0.087156	0	30	-78	-13	29	-117	20	30	10	10	0	-30	0	0	0	0	0	0	0	0	0	0	0	0	0	0	0	
0	0.996195	0	0.087156	0	30	-78	-13	29	-117	20	30	10	10	0	-30	0	0	0	0	0	0	0	0	0	0	0	0	0	0	0	
0	0.996195	0	0.087156	0	30	-78	-13	29	-117	20	30	10	10	0	-30	0	0	0	0	0	0	0	0	0	0	0	0	0	0	0	
0	0.996195	0	0.087156	0	30	-78	-13	29	-117	20	30	10	10	0	-30	0	0	0	0	0	0	0	0	0	0	0	0	0	0	0	
0	0.996195	0	0.087156	0	30	-78	-13	29	-117	20	30	10	10	0	-30	0	0	0	0	0	0	0	0	0	0	0	0	0	0	0	
0	0.996195	0	0.087156	0	30	-78	-13	29	-117	20	30	10	10	0	-30	0	0	0	0	0	0	0	0	0	0	0	0	0	0	0	
0	0.996195	0	0.087156	0	30	-78	-13	29	-117	20	30	10	10	0	-30	0	0	0	0	0	0	0	0	0	0	0	0	0	0	0	
0	0.996195	0	0.087156	0	30	-78	-13	29	-117	20	30	10	10	0	-30	0	0	0	0	0	0	0	0	0	0	0	0	0	0	0	
0	0.996195	0	0.087156	0	30	-78	-13	29	-117	20	30	10	10	0	-30	0	0	0	0	0	0	0	0	0	0	0	0	0	0	0	
0	0.996195	0	0.087156	0	30	-78	-13	29	-117	20	30	10	10	0	-30	0	0	0	0	0	0	0	0	0	0	0	0	0	0	0	
0	0.996195	0	0.087156	0	30	-78	-13	29	-117	20	30	10	10	0	-30	0	0	0	0	0	0	0	0	0	0	0	0	0	0	0	
0	0.996195	0	0.087156	0	30	-78	-13	29	-117	20	30	10	10	0	-30	0	0	0	0	0	0	0	0	0	0	0	0	0	0	0	
0	0.996195	0	0.087156	0	30	-78	-13	29	-117	20	30	10	10	0	-30	0	0	0	0	0	0	0	0	0	0	0	0	0	0	0	
0	0.996195	0	0.087156	0	30	-78	-13	29	-117	20	30	10	10	0	-30	0	0	0	0	0	0	0	0	0	0	0	0	0	0	0	
0	0.996195	0	0.087156	0	30	-78	-13	29	-117	20	30	10	10	0	-30	0	0	0	0	0	0	0	0	0	0	0	0	0	0	0	
0	0.996195	0	0.087156	0	30	-78	-13	29	-117	20	30	10	10	0	-30	0	0	0	0	0	0	0	0	0	0	0	0	0	0	0	
0	0.996195	0	0.087156	0	30	-78	-13	29	-117	20	30	10	10	0	-30	0	0	0	0	0	0	0	0	0	0	0	0	0	0	0	
0	0.996195	0	0.087156	0	30	-78	-13	29	-117	20	30	10	10	0	-30	0	0	0	0	0	0	0	0	0	0	0	0	0	0	0	
0	0.996195	0	0.087156	0	30	-78	-13	29	-117	20	30	10	10	0	-30	0	0	0	0	0	0	0	0	0	0	0	0	0	0	0	
0	0.996195	0	0.087156	0	30	-78	-13	29	-117	20	30	10	10	0	-30	0	0	0	0	0	0	0	0	0	0	0	0	0	0	0	
0	0.996195	0	0.087156	0	30	-78	-13	29	-117	20	30	10	10	0	-30	0	0	0	0	0	0	0	0	0	0	0	0	0	0	0	
0	0.996195	0	0.087156	0	30	-78	-13	29	-117	20	30	10	10	0	-30	0	0	0	0	0	0	0	0	0	0	0	0	0	0	0	
0	0.996195	0	0.087156	0	30	-78	-13	29	-117	20	30	10	10	0	-30	0	0	0	0	0	0	0	0	0	0	0	0	0	0	0	
0	0.996195	0	0.087156	0	30	-78	-13	29	-117	20	30	10	10	0	-30	0	0	0	0	0	0	0	0	0	0	0	0	0	0	0	
0	0.996195	0	0.087156	0	30	-78	-13	29	-117	20	30	10	10	0	-30	0	0	0	0	0	0	0	0	0	0	0	0	0	0	0	
0	0.996195	0	0.087156	0	30	-78	-13	29	-117	20	30	10	10	0	-30	0	0	0	0	0	0	0	0	0	0	0	0	0	0	0	
0	0.996195	0	0.087156	0	30	-78	-13	29	-117	20	30	10	10	0	-30	0	0	0	0	0	0	0	0	0	0	0	0	0	0	0	
0	0.996195	0	0.087156	0	30	-78	-13	29	-117	20	30	10	10	0	-30	0	0	0	0	0	0	0	0	0	0	0	0	0	0	0	
0	0.996195	0	0.087156	0	30	-78	-13	29	-117	20	30	10	10	0	-30	0	0	0	0	0	0	0	0	0	0	0	0	0	0	0	
0	0.996195	0	0.087156	0	30	-78	-13	29	-117	20	30	10	10	0	-30	0	0	0	0	0	0	0	0	0	0	0	0	0	0	0	
0	0.996195	0	0.087156	0	30	-78	-13	29	-117	20	30	10	10	0	-30	0	0	0	0	0	0	0	0	0	0	0	0	0	0	0	
0	0.996195	0	0.087156	0	30	-78	-13	29	-117	20	30	10	10	0	-30	0	0	0	0	0	0	0	0	0	0	0	0	0	0	0	
0	0.996195	0	0.087156	0	30	-78	-13	29	-117	20	30	10	10	0	-30	0	0	0	0	0	0	0	0	0	0	0	0	0	0	0	
0	0.996195	0	0.087156	0	30	-78	-13	29	-117	20	30	10	10	0	-30	0	0	0	0	0	0	0	0	0	0	0	0	0	0	0	
0	0.996195	0	0.087156	0	30	-78	-13	29	-117	20	30	10	10	0	-30	0	0	0	0	0	0	0	0	0	0	0	0	0	0	0	
0	0.996195	0	0.087156	0	30	-78	-13	29	-117	20	30	10	10	0	-30	0	0	0	0	0	0	0	0	0	0	0	0	0	0	0	
0	0.996195	0	0.087156	0	30	-78	-13	29	-117	20	30	10	10	0	-30	0	0	0	0	0	0	0	0	0	0	0	0	0	0	0	
0	0.996195	0	0.087156	0	30	-78	-13	29	-117	20	30	10	10	0	-30	0	0	0	0	0	0	0	0	0	0	0	0	0	0	0	
0	0.996195	0	0.087156	0	30	-78	-13	29	-117	20	30	10	10	0	-30	0	0	0	0	0	0	0	0	0	0	0	0	0	0	0	
0	0.996195	0	0.087156	0	30	-78	-13	29	-117	20	30	10	10	0	-30	0	0	0	0	0	0	0	0	0	0	0	0	0	0	0	
0	0.996195	0	0.087156	0	30	-78	-13	29	-117	20	30	10	10	0	-30	0	0	0	0	0	0	0	0	0	0	0	0	0	0	0	
0	0.996195	0	0.087156	0	30	-78	-13	29	-117	20	30	10	10	0	-30	0	0	0	0	0	0	0	0	0	0	0	0	0	0	0	
0	0.996195	0	0.087156	0	30	-78	-13	29	-117	20	30	10	10	0	-30	0	0	0	0	0	0	0	0	0	0	0	0	0	0	0	
0	0.996195	0	0.087156	0	30	-78	-13	29	-117	20	30	10	10	0	-30	0	0	0	0	0	0	0	0	0	0	0	0	0	0	0	
0	0.996195	0	0.087156	0	30	-78	-13	29	-117	20	30	10	10	0	-30	0	0	0	0	0	0	0	0	0	0	0	0	0	0	0	
0	0.996195	0	0.087156	0	30	-78	-13	29	-117	20	30	10	10	0	-30	0	0	0	0	0	0	0	0	0	0	0	0	0	0	0	
0	0.996195	0	0.087156	0	30	-78	-13	29	-117	20	30	10	10	0	-30	0	0	0	0	0	0	0	0	0	0	0	0	0	0	0	
0	0.996195	0	0.087156	0	30	-78	-13	29	-117	20	30	10	10	0	-30	0	0	0	0	0	0	0	0	0	0	0	0	0	0	0	
0	0.996195	0	0.087156	0	30	-78	-13	29	-117	20	30	10	10	0	-30	0	0	0	0	0	0	0	0	0	0	0	0	0	0	0	
0	0.996195	0	0.087156	0	30	-78	-13	29	-117	20	30	10	10	0	-30	0	0	0	0	0	0	0	0	0	0	0	0	0	0	0	
0	0.996195	0	0.087156	0	30	-78	-13	29	-117	20	30	10	10	0	-30	0	0	0	0	0	0	0	0	0	0	0	0	0	0	0	
0	0.996195	0	0.0871485	0	29.9974	-77.9925	-12.9998	28.9975	-116.993	19.9983	29.9974	10	10	0	-30	0	0	-0.319109	0	-0.0736251	0	0	0	0	0	0	0	0	0	0	
0	0.996196	0	0.087141	0	29.9949	-77.9849	-12.9995	28.995	-116.985	19.9966	29.9949	10	10	0	-30	0	0	-0.638218	0	-0.14725	0	0	0	0	0	0	0	0	0	0	
0	0.996198	0	0.0871185	0	29.9871	-77.9623	-12.9987	28.9876	-116.963	19.9914	29.9871	10	10	0	-30	0	0	-1.27598	0	-0.294472	0	0	0	0	0	0	0	0	0	0	
0	0.9962	0	0.087096	0	29.9794	-77.9397	-12.9979	28.9801	-116.94	19.9863	29.9794	10	10	0	-30	0	0	-1.91374	0	-0.441693	0	0	0	0	0	0	0	0	0	0	
0	0.996203	0	0.087059	0	29.9666	-77.902	-12.9967	28.9677	-116.903	19.9777	29.9666	10	10	0	-30	0	0	-2.55109	0	-0.588714	0	0	0	0	0	0	0	0	0	0	
0	0.996206	0	0.087022	0	29.9538	-77.8644	-12.9954	28.9553	-116.866	19.9692	29.9538	10	10	0	-30	0	0	-3.18845	0	-0.735735	0	0	0	0	0	0	0	0	0	0	
0	0.996211	0	0.08697	0	29.9358	-77.8117	-12.9936	28.9379	-116.814	19.9572	29.9358	10	10	0	-30	0	0	-3.82446	0	-0.882556	0	0	0	0	0	0	0	0	0	0	
0	0.996215	0	0.086918	0	29.9179	-77.759	-12.9918	28.9206	-116.762	19.9452	29.9179	10	10	0	-30	0	0	-4.46048	0	-1.02938	0	0	0	0	0	0	0	0	0	0	
0	0.996221	0	0.086851	0	29.8948	-77.6913	-12.9895	28.8982	-116.695	19.9298	29.8948	10	10	0	-30	0	0	-5.0952	0	-1.1758	0	0	0	0	0	0	0	0	0	0	
0	0.996227	0	0.086784	0	29.8717	-77.6236	-12.9872	28.8759	-116.628	19.9145	29.8717	10	10	0	-30	0	0	-5.72992	0	-1.32221	0	0	0	0	0	0	0	0	0	0	
0	0.996234	0	0.0867025	0	29.8435	-77.5409	-12.9843	28.8487	-116.546	19.8957	29.8435	10	10	0	-30	0	0	-6.36247	0	-1.46823	0	0	0	0	0	0	0	0	0	0	
0	0.996241	0	0.086621	0	29.8153	-77.4583	-12.9815	28.8215	-116.464	19.8769	29.8153	10	10	0	-30	0	0	-6.99501	0	-1.61425	0	0	0	0	0	0	0	0	0	0	
0	0.99625	0	0.0865245	0	29.7821	-77.3607	-12.9782	28.7894	-116.368	19.8547	29.7821	10	10	0	-30	0	0	-7.62512	0	-1.7597	0	0	0	0	0	0	0	0	0	0	
0	0.996258	0	0.086428	0	29.7488	-77.2632	-12.9749	28.7572	-116.272	19.8325	29.7488	10	10	0	-30	0	0	-8.25523	0	-1.90514	0	0	0	0	0	0	0	0	0	0	
0	0.996268	0	0.086317	0	29.7105	-77.1508	-12.971	28.7202	-116.161	19.807	29.7105	10	10	0	-30	0	0	-8.88297	0	-2.0499	0	0	0	0	0	0	0	0	0	0	
0	0.996277	0	0.086206	0	29.6722	-77.0385	-12.9672	28.6831	-116.049	19.7815	29.6722	10	10	0	-30	0	0	-9.5107	0	-2.19466	0	0	0	0	0	0	0	0	0	0	
0	0.996288	0	0.0860805	0	29.6289	-76.9114	-12.9629	28.6412	-115.924	19.7526	29.6289	10	10	0	-30	0	0	-10.1347	0	-2.33873	0	0	0	0	0	0	0	0	0	0	
0	0.996299	0	0.085955	0	29.5855	-76.7843	-12.9585	28.5994	-115.798	19.7237	29.5855	10	10	0	-30	0	0	-10.7587	0	-2.4828	0	0	0	0	0	0	0	0	0	0	
0	0.996311	0	0.085815	0	29.5372	-76.6425	-12.9537	28.5526	-115.658	19.6915	29.5372	10	10	0	-30	0	0	-11.3791	0	-2.62595	0	0	0	0	0	0	0	0	0	0	
0	0.996323	0	0.085675	0	29.4889	-76.5008	-12.9489	28.5059	-115.518	19.6593	29.4889	10	10	0	-30	0	0	-11.9995	0	-2.76911	0	0	0	0	0	0	0	0	0	0	
0	0.996336	0	0.0855205	0	29.4356	-76.3444	-12.9436	28.4544	-115.363	19.6237	29.4356	10	10	0	-30	0	0	-12.616	0	-2.91137	0	0	0	0	0	0	0	0	0	0	
0	0.99635	0	0.085366	0	29.3823	-76.1881	-12.9382	28.4029	-115.209	19.5882	29.3823	10	10	0	-30	0	0	-13.2324	0	-3.05364	0	0	0	0	0	0	0	0	0	0	
0	0.996364	0	0.085197	0	29.3241	-76.0173	-12.9324	28.3466	-115.04	19.5494	29.3241	10	10	0	-30	0	0	-13.8442	0	-3.19481	0	0	0	0	0	0	0	0	0	0	
0	0.996379	0	0.085028	0	29.2658	-75.8465	-12.9266	28.2903	-114.871	19.5106	29.2658	10	10	0	-30	0	0	-14.456	0	-3.33599	0	0	0	0	0	0	0	0	0	0	
0	0.996394	0	0.084845	0	29.2027	-75.6614	-12.9203	28.2293	-114.688	19.4685	29.2027	10	10	0	-30	0	0	-15.0628	0	-3.47602	0	0	0	0	0	0	0	0	0	0	
0	0.99641	0	0.084662	0	29.1396	-75.4762	-12.914	28.1683	-114.505	19.4264	29.1396	10	10	0	-30	0	0	-15.6697	0	-3.61605	0	0	0	0	0	0	0	0	0	0	
0	0.996426	0	0.084465	0	29.0716	-75.2769	-12.9072	28.1026	-114.308	19.3811	29.0716	10	10	0	-30	0	0	-16.2711	0	-3.75491	0	0	0	0	0	0	0	0	0	0	
0	0.996443	0	0.084268	0	29.0037	-75.0775	-12.9004	28.0369	-114.111	19.3358	29.0037	10	10	0	-30	0	0	-16.8726	0	-3.89376	0	0	0	0	0	0	0	0	0	0	
0	0.996461	0	0.0840575	0	28.931	-74.8641	-12.8931	27.9666	-113.9	19.2873	28.931	10	10	0	-30	0	0	-17.4685	0	-4.03119	0	0	0	0	0	0	0	0	0	0	
0	0.996479	0	0.083847	0	28.8582	-74.6507	-12.8858	27.8962	-113.689	19.2388	28.8582	10	10	0	-30	0	0	-18.0643	0	-4.16861	0	0	0	0	0	0	0	0	0	0	
0	0.996498	0	0.083622	0	28.7807	-74.4234	-12.8781	27.8213	-113.464	19.1871	28.7807	10	10	0	-30	0	0	-18.6537	0	-4.30469	0	0	0	0	0	0	0	0	0	0	
0	0.996516	0	0.083397	0	28.7032	-74.196	-12.8703	27.7464	-113.239	19.1355	28.7032	10	10	0	-30	0	0	-19.2432	0	-4.44077	0	0	0	0	0	0	0	0	0	0	
0	0.996536	0	0.083159	0	28.621	-73.9549	-12.8621	27.6669	-113.001	19.0807	28.621	10	10	0	-30	0	0	-19.8261	0	-4.57527	0	0	0	0	0	0	0	0	0	0	
0	0.996556	0	0.082921	0	28.5388	-73.7138	-12.8538	27.5875	-112.762	19.0259	28.5388	10	10	0	-30	0	0	-20.409	0	-4.70977	0	0	0	0	0	0	0	0	0	0	
0	0.996577	0	0.082669	0	28.4519	-73.459	-12.8452	27.5035	-112.511	18.968	28.4519	10	10	0	-30	0	0	-20.985	0	-4.8427	0	0	0	0	0	0	0	0	0	0	
0	0.996598	0	0.082417	0	28.3651	-73.2043	-12.8365	27.4196	-112.259	18.9101	28.3651	10	10	0	-30	0	0	-21.5609	0	-4.97562	0	0	0	0	0	0	0	0	0	0	
0	0.99662	0	0.082152	0	28.2737	-72.9361	-12.8274	27.3312	-111.994	18.8491	28.2737	10	10	0	-30	0	0	-22.1295	0	-5.10683	0	0	0	0	0	0	0	0	0	0	
0	0.996642	0	0.081887	0	28.1822	-72.668	-12.8182	27.2428	-111.729	18.7881	28.1822	10	10	0	-30	0	0	-22.6981	0	-5.23804	0	0	0	0	0	0	0	0	0	0	
0	0.996664	0	0.081609	0	28.0863	-72.3865	-12.8086	27.1501	-111.45	18.7242	28.0863	10	10	0	-30	0	0	-23.2588	0	-5.36744	0	0	0	0	0	0	0	0	0	0	
0	0.996687	0	0.081331	0	27.9904	-72.1051	-12.799	27.0574	-111.172	18.6603	27.9904	10	10	0	-30	0	0	-23.8196	0	-5.49684	0	0	0	0	0	0	0	0	0	0	
0	0.996711	0	0.08104	0	27.89	-71.8107	-12.789	26.9603	-110.881	18.5933	27.89	10	10	0	-30	0	0	-24.3722	0	-5.62435	0	0	0	0	0	0	0	0	0	0	
0	0.996734	0	0.080749	0	27.7896	-71.5162	-12.779	26.8633	-110.59	18.5264	27.7896	10	10	0	-30	0	0	-24.9248	0	-5.75187	0	0	0	0	0	0	0	0	0	0	
0	0.996759	0	0.080445	0	27.6848	-71.2089	-12.7685	26.762	-110.286	18.4566	27.6848	10	10	0	-30	0	0	-25.4689	0	-5.87746	0	0	0	0	0	0	0	0	0	0	
0	0.996784	0	0.080141	0	27.5801	-70.9015	-12.758	26.6607	-109.982	18.3867	27.5801	10	10	0	-30	0	0	-26.0131	0	-6.00305	0	0	0	0	0	0	0	0	0	0	
0	0.996809	0	0.079825	0	27.471	-70.5816	-12.7471	26.5553	-109.666	18.314	27.471	10	10	0	-30	0	0	-26.5481	0	-6.12649	0	0	0	0	0	0	0	0	0	0	
0	0.996834	0	0.079509	0	27.3619	-70.2616	-12.7362	26.4499	-109.35	18.2413	27.3619	10	10	0	-30	0	0	-27.0832	0	-6.24994	0	0	0	0	0	0	0	0	0	0	
0	0.99686	0	0.07918	0	27.2486	-69.9292	-12.7248	26.3403	-109.021	18.1657	27.2486	10	10	0	-30	0	0	-27.6092	0	-6.37132	0	0	0	0	0	0	0	0	0	0	
0	0.996886	0	0.078851	0	27.1353	-69.5967	-12.7135	26.2308	-108.692	18.0902	27.1353	10	10	0	-30	0	0	-28.1351	0	-6.4927	0	0	0	0	0	0	0	0	0	0	
0	0.996913	0	0.0785105	0	27.0178	-69.2521	-12.7018	26.1172	-108.352	18.0118	27.0178	10	10	0	-30	0	0	-28.6513	0	-6.61182	0	0	0	0	0	0	0	0	0	0	
0	0.99694	0	0.07817	0	26.9003	-68.9076	-12.69	26.0036	-108.011	17.9335	26.9003	10	10	0	-30	0	0	-29.1674	0	-6.73094	0	0	0	0	0	0	0	0	0	0	
0	0.996968	0	0.0778175	0	26.7788	-68.551	-12.6779	25.8861	-107.658	17.8525	26.7788	10	10	0	-30	0	0	-29.6736	0	-6.84776	0	0	0	0	0	0	0	0	0	0	
0	0.996995	0	0.077465	0	26.6572	-68.1944	-12.6657	25.7686	-107.306	17.7714	26.6572	10	10	0	-30	0	0	-30.1798	0	-6.96459	0	0	0	0	0	0	0	0	0	0	
0	0.997023	0	0.077101	0	26.5316	-67.8261	-12.6531	25.6473	-106.942	17.6878	26.5316	10	10	0	-30	0	0	-30.6758	0	-7.07901	0	0	0	0	0	0	0	0	0	0	
0	0.997051	0	0.076737	0	26.4061	-67.4579	-12.6406	25.5259	-106.578	17.6041	26.4061	10	10	0	-30	0	0	-31.1719	0	-7.19343	0	0	0	0	0	0	0	0	0	0	
0	0.99708	0	0.0763615	0	26.2766	-67.0781	-12.6276	25.4007	-106.202	17.5178	26.2766	10	10	0	-30	0	0	-31.657	0	-7.30541	0	0	0	0	0	0	0	0	0	0	
0	0.997109	0	0.075986	0	26.1472	-66.6984	-12.6147	25.2756	-105.827	17.4314	26.1472	10	10	0	-30	0	0	-32.1421	0	-7.4174	0	0	0	0	0	0	0	0	0	0	
0	0.997138	0	0.0755995	0	26.0139	-66.3074	-12.6014	25.1467	-105.44	17.3426	26.0139	10	10	0	-30	0	0	-32.6163	0	-7.52686	0	0	0	0	0	0	0	0	0	0	
0	0.997167	0	0.075213	0	25.8806	-65.9165	-12.5881	25.0179	-105.054	17.2538	25.8806	10	10	0	-30	0	0	-33.0905	0	-7.63632	0	0	0	0	0	0	0	0	0	0	
0	0.997197	0	0.0748155	0	25.7436	-65.5146	-12.5744	24.8855	-104.656	17.1624	25.7436	10	10	0	-30	0	0	-33.5535	0	-7.74312	0	0	0	0	0	0	0	0	0	0	
0	0.997227	0	0.074418	0	25.6066	-65.1127	-12.5607	24.753	-104.259	17.071	25.6066	10	10	0	-30	0	0	-34.0165	0	-7.84992	0	0	0	0	0	0	0	0	0	0	
0	0.997257	0	0.07401	0	25.466	-64.7001	-12.5466	24.6171	-103.851	16.9773	25.466	10	10	0	-30	0	0	-34.4675	0	-7.95403	0	0	0	0	0	0	0	0	0	0	
0	0.997288	0	0.073602	0	25.3253	-64.2876	-12.5325	24.4812	-103.443	16.8835	25.3253	10	10	0	-30	0	0	-34.9186	0	-8.05814	0	0	0	0	0	0	0	0	0	0	
0	0.997318	0	0.0731835	0	25.1811	-63.8647	-12.5181	24.3418	-103.025	16.7874	25.1811	10	10	0	-30	0	0	-35.3579	0	-8.15952	0	0	0	0	0	0	0	0	0	0	
0	0.997349	0	0.072765	0	25.0369	-63.4417	-12.5037	24.2024	-102.607	16.6913	25.0369	10	10	0	-30	0	0	-35.7972	0	-8.26091	0	0	0	0	0	0	0	0	0	0	
0	0.99738	0	0.072337	0	24.8893	-63.0087	-12.4889	24.0597	-102.179	16.5929	24.8893	10	10	0	-30	0	0	-36.2242	0	-8.35943	0	0	0	0	0	0	0	0	0	0	
0	0.997411	0	0.071909	0	24.7417	-62.5757	-12.4742	23.917	-101.751	16.4945	24.7417	10	10	0	-30	0	0	-36.6511	0	-8.45795	0	0	0	0	0	0	0	0	0	0	
0	0.997443	0	0.071471	0	24.5908	-62.1329	-12.4591	23.7711	-101.313	16.3938	24.5908	10	10	0	-30	0	0	-37.0655	0	-8.55357	0	0	0	0	0	0	0	0	0	0	
0	0.997474	0	0.071033	0	24.4398	-61.6901	-12.444	23.6252	-100.875	16.2932	24.4398	10	10	0	-30	0	0	-37.4799	0	-8.6492	0	0	0	0	0	0	0	0	0	0	
0	0.997506	0	0.0705855	0	24.2856	-61.2378	-12.4285	23.4761	-100.428	16.1904	24.2856	10	10	0	-30	0	0	-37.8815	0	-8.74187	0	0	0	0	0	0	0	0	0	0	
0	0.997537	0	0.070138	0	24.1314	-60.7855	-12.4131	23.3271	-99.9811	16.0876	24.1314	10	10	0	-30	0	0	-38.2831	0	-8.83455	0	0	0	0	0	0	0	0	0	0	
0	0.997569	0	0.0696815	0	23.9741	-60.324	-12.3974	23.175	-99.5249	15.9827	23.9741	10	10	0	-30	0	0	-38.6716	0	-8.92422	0	0	0	0	0	0	0	0	0	0	
0	0.997601	0	0.069225	0	23.8168	-59.8626	-12.3817	23.0229	-99.0686	15.8779	23.8168	10	10	0	-30	0	0	-39.0601	0	-9.01389	0	0	0	0	0	0	0	0	0	0	
0	0.997633	0	0.0687595	0	23.6564	-59.3922	-12.3656	22.8679	-98.6037	15.7709	23.6564	10	10	0	-30	0	0	-39.4351	0	-9.1004	0	0	0	0	0	0	0	0	0	0	
0	0.997665	0	0.068294	0	23.4961	-58.9219	-12.3496	22.7129	-98.1387	15.664	23.4961	10	10	0	-30	0	0	-39.8101	0	-9.18692	0	0	0	0	0	0	0	0	0	0	
0	0.997698	0	0.0678205	0	23.3328	-58.443	-12.3333	22.5551	-97.6652	15.5552	23.3328	10	10	0	-30	0	0	-40.1715	0	-9.27034	0	0	0	0	0	0	0	0	0	0	
0	0.99773	0	0.067347	0	23.1696	-57.9641	-12.3169	22.3973	-97.1918	15.4464	23.1696	10	10	0	-30	0	0	-40.5329	0	-9.35377	0	0	0	0	0	0	0	0	0	0	
0	0.997762	0	0.066865	0	23.0035	-57.477	-12.3003	22.2367	-96.7102	15.3357	23.0035	10	10	0	-30	0	0	-40.8805	0	-9.43398	0	0	0	0	0	0	0	0	0	0	
0	0.997794	0	0.066383	0	22.8375	-56.9899	-12.2838	22.0762	-96.2287	15.225	22.8375	10	10	0	-30	0	0	-41.2281	0	-9.51419	0	0	0	0	0	0	0	0	0	0	
0	0.997827	0	0.065893	0	22.6687	-56.495	-12.2669	21.9131	-95.7393	15.1125	22.6687	10	10	0	-30	0	0	-41.5614	0	-9.59111	0	0	0	0	0	0	0	0	0	0	
0	0.997859	0	0.065403	0	22.5	-56	-12.25	21.75	-95.25	15	22.5	10	10	0	-30	0	0	-41.8947	0	-9.66803	0	0	0	0	0	0	0	0	0	0	
0	0.997891	0	0.064906	0	22.3287	-55.4975	-12.2329	21.5844	-94.7532	14.8858	22.3287	10	10	0	-30	0	0	-42.2138	0	-9.74166	0	0	0	0	0	0	0	0	0	0	
0	0.997924	0	0.064409	0	22.1574	-54.995	-12.2157	21.4188	-94.2564	14.7716	22.1574	10	10	0	-30	0	0	-42.5329	0	-9.81528	0	0	0	0	0	0	0	0	0	0	
0	0.997956	0	0.0639045	0	21.9836	-54.4853	-12.1984	21.2508	-93.7525	14.6557	21.9836	10	10	0	-30	0	0	-42.8375	0	-9.88556	0	0	0	0	0	0	0	0	0	0	
0	0.997988	0	0.0634	0	21.8099	-53.9756	-12.181	21.0828	-93.2486	14.5399	21.8099	10	10	0	-30	0	0	-43.1421	0	-9.95583	0	0	0	0	0	0	0	0	0	0	
0	0.998021	0	0.0628885	0	21.6338	-53.4591	-12.1634	20.9126	-92.7379	14.4225	21.6338	10	10	0	-30	0	0	-43.4317	0	-10.0227	0	0	0	0	0	0	0	0	0	0	
0	0.998053	0	0.062377	0	21.4577	-52.9425	-12.1458	20.7424	-92.2272	14.3051	21.4577	10	10	0	-30	0	0	-43.7213	0	-10.0895	0	0	0	0	0	0	0	0	0	0	
0	0.998085	0	0.0618595	0	21.2794	-52.4195	-12.1279	20.57	-91.7101	14.1862	21.2794	10	10	0	-30	0	0	-43.9959	0	-10.1529	0	0	0	0	0	0	0	0	0	0	
0	0.998117	0	0.061342	0	21.1011	-51.8964	-12.1101	20.3977	-91.1931	14.0674	21.1011	10	10	0	-30	0	0	-44.2706	0	-10.2163	0	0	0	0	0	0	0	0	0	0	
0	0.998149	0	0.060818	0	20.9207	-51.3672	-12.092	20.2233	-90.6699	13.9471	20.9207	10	10	0	-30	0	0	-44.5302	0	-10.2762	0	0	0	0	0	0	0	0	0	0	
0	0.998181	0	0.060294	0	20.7403	-50.8381	-12.074	20.0489	-90.1467	13.8268	20.7403	10	10	0	-30	0	0	-44.7899	0	-10.3361	0	0	0	0	0	0	0	0	0	0	
0	0.998213	0	0.0597645	0	20.5579	-50.3031	-12.0558	19.8726	-89.6179	13.7053	20.5579	10	10	0	-30	0	0	-45.034	0	-10.3925	0	0	0	0	0	0	0	0	0	0	
0	0.998244	0	0.059235	0	20.3755	-49.7682	-12.0376	19.6963	-89.089	13.5837	20.3755	10	10	0	-30	0	0	-45.2782	0	-10.4488	0	0	0	0	0	0	0	0	0	0	
0	0.998276	0	0.0587	0	20.1913	-49.2278	-12.0191	19.5183	-88.5548	13.4609	20.1913	10	10	0	-30	0	0	-45.5068	0	-10.5016	0	0	0	0	0	0	0	0	0	0	
0	0.998307	0	0.058165	0	20.0071	-48.6875	-12.0007	19.3402	-88.0206	13.3381	20.0071	10	10	0	-30	0	0	-45.7354	0	-10.5543	0	0	0	0	0	0	0	0	0	0	
0	0.998338	0	0.0576255	0	19.8212	-48.1421	-11.9821	19.1605	-87.4814	13.2141	19.8212	10	10	0	-30	0	0	-45.9485	0	-10.6035	0	0	0	0	0	0	0	0	0	0	
0	0.998369	0	0.057086	0	19.6353	-47.5967	-11.9635	18.9808	-86.9422	13.0902	19.6353	10	10	0	-30	0	0	-46.1616	0	-10.6527	0	0	0	0	0	0	0	0	0	0	
0	0.9984	0	0.056541	0	19.4478	-47.0467	-11.9448	18.7995	-86.3985	12.9652	19.4478	10	10	0	-30	0	0	-46.3587	0	-10.6982	0	0	0	0	0	0	0	0	0	0	
0	0.998431	0	0.055996	0	19.2603	-46.4967	-11.926	18.6182	-85.8547	12.8402	19.2603	10	10	0	-30	0	0	-46.5559	0	-10.7436	0	0	0	0	0	0	0	0	0	0	
0	0.998462	0	0.0554475	0	19.0713	-45.9424	-11.9071	18.4355	-85.3067	12.7142	19.0713	10	10	0	-30	0	0	-46.7372	0	-10.7854	0	0	0	0	0	0	0	0	0	0	
0	0.998492	0	0.054899	0	18.8823	-45.3881	-11.8882	18.2529	-84.7586	12.5882	18.8823	10	10	0	-30	0	0	-46.9185	0	-10.8273	0	0	0	0	0	0	0	0	0	0	
0	0.998522	0	0.054346	0	18.692	-44.8298	-11.8692	18.0689	-84.2067	12.4613	18.692	10	10	0	-30	0	0	-47.0835	0	-10.8654	0	0	0	0	0	0	0	0	0	0	
0	0.998552	0	0.053793	0	18.5017	-44.2716	-11.8501	17.8849	-83.6549	12.3345	18.5017	10	10	0	-30	0	0	-47.2485	0	-10.9036	0	0	0	0	0	0	0	0	0	0	
0	0.998582	0	0.053237	0	18.3102	-43.7099	-11.831	17.6998	-83.0995	12.2068	18.3102	10	10	0	-30	0	0	-47.3976	0	-10.9379	0	0	0	0	0	0	0	0	0	0	
0	0.998611	0	0.052681	0	18.1187	-43.1481	-11.8119	17.5147	-82.5442	12.0791	18.1187	10	10	0	-30	0	0	-47.5466	0	-10.9723	0	0	0	0	0	0	0	0	0	0	
0	0.998641	0	0.0521215	0	17.9261	-42.5833	-11.7926	17.3286	-81.9857	11.9507	17.9261	10	10	0	-30	0	0	-47.6792	0	-11.0029	0	0	0	0	0	0	0	0	0	0	
0	0.99867	0	0.051562	0	17.7336	-42.0184	-11.7734	17.1424	-81.4273	11.8224	17.7336	10	10	0	-30	0	0	-47.8118	0	-11.0336	0	0	0	0	0	0	0	0	0	0	
0	0.998699	0	0.051	0	17.54	-41.4507	-11.754	16.9554	-80.8661	11.6934	17.54	10	10	0	-30	0	0	-47.9281	0	-11.0603	0	0	0	0	0	0	0	0	0	0	
0	0.998727	0	0.050438	0	17.3465	-40.8831	-11.7346	16.7683	-80.3049	11.5644	17.3465	10	10	0	-30	0	0	-48.0445	0	-11.0871	0	0	0	0	0	0	0	0	0	0	
0	0.998756	0	0.0498735	0	17.1522	-40.3131	-11.7152	16.5805	-79.7414	11.4348	17.1522	10	10	0	-30	0	0	-48.1443	0	-11.1102	0	0	0	0	0	0	0	0	0	0	
0	0.998784	0	0.049309	0	16.9579	-39.7432	-11.6958	16.3926	-79.1779	11.3053	16.9579	10	10	0	-30	0	0	-48.2441	0	-11.1333	0	0	0	0	0	0	0	0	0	0	
0	0.998811	0	0.0487425	0	16.7629	-39.1712	-11.6763	16.2041	-78.6124	11.1753	16.7629	10	10	0	-30	0	0	-48.3275	0	-11.1525	0	0	0	0	0	0	0	0	0	0	
0	0.998839	0	0.048176	0	16.5679	-38.5992	-11.6568	16.0157	-78.047	11.0453	16.5679	10	10	0	-30	0	0	-48.4109	0	-11.1717	0	0	0	0	0	0	0	0	0	0	
0	0.998866	0	0.0476075	0	16.3724	-38.0257	-11.6372	15.8267	-77.48	10.915	16.3724	10	10	0	-30	0	0	-48.4774	0	-11.1871	0	0	0	0	0	0	0	0	0	0	
0	0.998893	0	0.047039	0	16.1769	-37.4522	-11.6177	15.6377	-76.913	10.7846	16.1769	10	10	0	-30	0	0	-48.544	0	-11.2024	0	0	0	0	0	0	0	0	0	0	
0	0.99892	0	0.04647	0	15.981	-36.8775	-11.5981	15.4483	-76.3448	10.654	15.981	10	10	0	-30	0	0	-48.5941	0	-11.214	0	0	0	0	0	0	0	0	0	0	
0	0.998946	0	0.045901	0	15.785	-36.3028	-11.5785	15.2589	-75.7766	10.5233	15.785	10	10	0	-30	0	0	-48.6443	0	-11.2256	0	0	0	0	0	0	0	0	0	0	
0	0.998972	0	0.0453305	0	15.5889	-35.7273	-11.5589	15.0692	-75.2077	10.3926	15.5889	10	10	0	-30	0	0	-48.6776	0	-11.2333	0	0	0	0	0	0	0	0	0	0	
0	0.998998	0	0.04476	0	15.3927	-35.1518	-11.5393	14.8795	-74.6387	10.2618	15.3927	10	10	0	-30	0	0	-48.7109	0	-11.241	0	0	0	0	0	0	0	0	0	0	
0	0.999023	0	0.0441895	0	15.1963	-34.5759	-11.5196	14.6898	-74.0693	10.1309	15.1963	10	10	0	-30	0	0	-48.7277	0	-11.2449	0	0	0	0	0	0	0	0	0	0	
0	0.999048	0	0.043619	0	15	-34	-11.5	14.5	-73.5	10	15	10	10	0	-30	0	0	-48.7444	0	-11.2487	0	0	0	0	0	0	0	0	0	0	
0	0.999073	0	0.0430485	0	14.8037	-33.4241	-11.4804	14.3102	-72.9307	9.86911	14.8037	10	10	0	-30	0	0	-48.7444	0	-11.2487	0	0	0	0	0	0	0	0	0	0	
0	0.999097	0	0.042478	0	14.6073	-32.8482	-11.4608	14.1204	-72.3613	9.73822	14.6073	10	10	0	-30	0	0	-48.7444	0	-11.2487	0	0	0	0	0	0	0	0	0	0	
0	0.999121	0	0.041908	0	14.4111	-32.2727	-11.4411	13.9308	-71.7924	9.60744	14.4111	10	10	0	-30	0	0	-48.7277	0	-11.2449	0	0	0	0	0	0	0	0	0	0	
0	0.999145	0	0.041338	0	14.215	-31.6972	-11.4215	13.7411	-71.2234	9.47666	14.215	10	10	0	-30	0	0	-48.711	0	-11.241	0	0	0	0	0	0	0	0	0	0	
0	0.999169	0	0.0407685	0	14.019	-31.1225	-11.4019	13.5517	-70.6552	9.34603	14.019	10	10	0	-30	0	0	-48.6777	0	-11.2333	0	0	0	0	0	0	0	0	0	0	
0	0.999192	0	0.040199	0	13.8231	-30.5478	-11.3823	13.3623	-70.0871	9.2154	13.8231	10	10	0	-30	0	0	-48.6444	0	-11.2256	0	0	0	0	0	0	0	0	0	0	
0	0.999214	0	0.0396305	0	13.6276	-29.9743	-11.3628	13.1734	-69.52	9.08505	13.6276	10	10	0	-30	0	0	-48.5942	0	-11.214	0	0	0	0	0	0	0	0	0	0	
0	0.999237	0	0.039062	0	13.4321	-29.4008	-11.3432	12.9844	-68.953	8.9547	13.4321	10	10	0	-30	0	0	-48.5441	0	-11.2025	0	0	0	0	0	0	0	0	0	0	
0	0.999259	0	0.0384955	0	13.2371	-28.8288	-11.3237	12.7959	-68.3876	8.82472	13.2371	10	10	0	-30	0	0	-48.4774	0	-11.1871	0	0	0	0	0	0	0	0	0	0	
0	0.99928	0	0.037929	0	13.0421	-28.2568	-11.3042	12.6074	-67.8221	8.69475	13.0421	10	10	0	-30	0	0	-48.4106	0	-11.1717	0	0	0	0	0	0	0	0	0	0	
0	0.999302	0	0.037364	0	12.8478	-27.6869	-11.2848	12.4195	-67.2586	8.5652	12.8478	10	10	0	-30	0	0	-48.3274	0	-11.1525	0	0	0	0	0	0	0	0	0	0	
0	0.999323	0	0.036799	0	12.6535	-27.1169	-11.2653	12.2317	-66.6951	8.43566	12.6535	10	10	0	-30	0	0	-48.2442	0	-11.1333	0	0	0	0	0	0	0	0	0	0	
0	0.999343	0	0.0362365	0	12.46	-26.5493	-11.246	12.0447	-66.1339	8.30666	12.46	10	10	0	-30	0	0	-48.1442	0	-11.1102	0	0	0	0	0	0	0	0	0	0	
0	0.999363	0	0.035674	0	12.2665	-25.9816	-11.2266	11.8576	-65.5728	8.17765	12.2665	10	10	0	-30	0	0	-48.0443	0	-11.0871	0	0	0	0	0	0	0	0	0	0	
0	0.999383	0	0.0351145	0	12.0739	-25.4168	-11.2074	11.6714	-65.0143	8.04928	12.0739	10	10	0	-30	0	0	-47.9282	0	-11.0603	0	0	0	0	0	0	0	0	0	0	
0	0.999403	0	0.034555	0	11.8813	-24.8519	-11.1881	11.4853	-64.4559	7.92091	11.8813	10	10	0	-30	0	0	-47.8121	0	-11.0336	0	0	0	0	0	0	0	0	0	0	
0	0.999422	0	0.033998	0	11.6898	-24.2901	-11.169	11.3002	-63.9005	7.79323	11.6898	10	10	0	-30	0	0	-47.6793	0	-11.0029	0	0	0	0	0	0	0	0	0	0	
0	0.999441	0	0.033441	0	11.4983	-23.7284	-11.1498	11.115	-63.3451	7.66555	11.4983	10	10	0	-30	0	0	-47.5466	0	-10.9723	0	0	0	0	0	0	0	0	0	0	
0	0.999459	0	0.0328875	0	11.308	-23.1702	-11.1308	10.9311	-62.7933	7.53869	11.308	10	10	0	-30	0	0	-47.3976	0	-10.9379	0	0	0	0	0	0	0	0	0	0	
0	0.999477	0	0.032334	0	11.1177	-22.612	-11.1118	10.7471	-62.2414	7.41184	11.1177	10	10	0	-30	0	0	-47.2487	0	-10.9036	0	0	0	0	0	0	0	0	0	0	
0	0.999495	0	0.031785	0	10.9287	-22.0576	-11.0929	10.5645	-61.6934	7.28585	10.9287	10	10	0	-30	0	0	-47.0834	0	-10.8654	0	0	0	0	0	0	0	0	0	0	
0	0.999512	0	0.031236	0	10.7398	-21.5033	-11.074	10.3818	-61.1454	7.15985	10.7398	10	10	0	-30	0	0	-46.9181	0	-10.8273	0	0	0	0	0	0	0	0	0	0	
0	0.999529	0	0.0306905	0	10.5522	-20.9533	-11.0552	10.2005	-60.6016	7.03483	10.5522	10	10	0	-30	0	0	-46.737	0	-10.7855	0	0	0	0	0	0	0	0	0	0	
0	0.999546	0	0.030145	0	10.3647	-20.4033	-11.0365	10.0193	-60.0578	6.90981	10.3647	10	10	0	-30	0	0	-46.5559	0	-10.7436	0	0	0	0	0	0	0	0	0	0	
0	0.999562	0	0.0296045	0	10.1788	-19.8579	-11.0179	9.83952	-59.5186	6.78588	10.1788	10	10	0	-30	0	0	-46.3587	0	-10.6982	0	0	0	0	0	0	0	0	0	0	
0	0.999578	0	0.029064	0	9.9929	-19.3125	-10.9993	9.65978	-58.9794	6.66195	9.9929	10	10	0	-30	0	0	-46.1616	0	-10.6527	0	0	0	0	0	0	0	0	0	0	
0	0.999593	0	0.0285285	0	9.80869	-18.7722	-10.9809	9.48174	-58.4452	6.53914	9.80869	10	10	0	-30	0	0	-45.9486	0	-10.6035	0	0	0	0	0	0	0	0	0	0	
0	0.999608	0	0.027993	0	9.62449	-18.2318	-10.9625	9.30369	-57.911	6.41633	9.62449	10	10	0	-30	0	0	-45.7355	0	-10.5543	0	0	0	0	0	0	0	0	0	0	
0	0.999623	0	0.0274625	0	9.44212	-17.6969	-10.9442	9.12739	-57.3822	6.29474	9.44212	10	10	0	-30	0	0	-45.5068	0	-10.5016	0	0	0	0	0	0	0	0	0	0	
0	0.999637	0	0.026932	0	9.25974	-17.1619	-10.926	8.95109	-56.8533	6.17316	9.25974	10	10	0	-30	0	0	-45.2782	0	-10.4488	0	0	0	0	0	0	0	0	0	0	
0	0.999651	0	0.0264075	0	9.07935	-16.6328	-10.9079	8.77671	-56.3301	6.0529	9.07935	10	10	0	-30	0	0	-45.034	0	-10.3925	0	0	0	0	0	0	0	0	0	0	
0	0.999665	0	0.025883	0	8.89895	-16.1036	-10.8899	8.60233	-55.8069	5.93263	8.89895	10	10	0	-30	0	0	-44.7898	0	-10.3361	0	0	0	0	0	0	0	0	0	0	
0	0.999678	0	0.0253645	0	8.72065	-15.5806	-10.8721	8.42996	-55.2899	5.81377	8.72065	10	10	0	-30	0	0	-44.5303	0	-10.2762	0	0	0	0	0	0	0	0	0	0	
0	0.999691	0	0.024846	0	8.54234	-15.0575	-10.8542	8.25758	-54.7728	5.69491	8.54234	10	10	0	-30	0	0	-44.2709	0	-10.2164	0	0	0	0	0	0	0	0	0	0	
0	0.999704	0	0.024334	0	8.36624	-14.541	-10.8366	8.08736	-54.2621	5.57751	8.36624	10	10	0	-30	0	0	-43.9961	0	-10.1529	0	0	0	0	0	0	0	0	0	0	
0	0.999716	0	0.023822	0	8.19015	-14.0245	-10.819	7.91713	-53.7514	5.46012	8.19015	10	10	0	-30	0	0	-43.7212	0	-10.0895	0	0	0	0	0	0	0	0	0	0	
0	0.999728	0	0.0233165	0	8.0164	-13.5148	-10.8016	7.74917	-53.2475	5.34426	8.0164	10	10	0	-30	0	0	-43.4316	0	-10.0227	0	0	0	0	0	0	0	0	0	0	
0	0.99974	0	0.022811	0	7.84265	-13.0051	-10.7843	7.58121	-52.7436	5.22841	7.84265	10	10	0	-30	0	0	-43.142	0	-9.95583	0	0	0	0	0	0	0	0	0	0	
0	0.999751	0	0.022313	0	7.67133	-12.5025	-10.7671	7.41559	-52.2468	5.11422	7.67133	10	10	0	-30	0	0	-42.8375	0	-9.88556	0	0	0	0	0	0	0	0	0	0	
0	0.999762	0	0.021815	0	7.50002	-12	-10.75	7.24998	-51.75	5.00003	7.50002	10	10	0	-30	0	0	-42.5329	0	-9.81528	0	0	0	0	0	0	0	0	0	0	
0	0.999773	0	0.021324	0	7.33128	-11.505	-10.7331	7.08689	-51.2607	4.88753	7.33128	10	10	0	-30	0	0	-42.214	0	-9.74169	0	0	0	0	0	0	0	0	0	0	
0	0.999783	0	0.020833	0	7.16255	-11.0101	-10.7163	6.92379	-50.7713	4.77503	7.16255	10	10	0	-30	0	0	-41.895	0	-9.66809	0	0	0	0	0	0	0	0	0	0	
0	0.999793	0	0.0203505	0	6.99647	-10.523	-10.6996	6.76328	-50.2898	4.66433	6.99647	10	10	0	-30	0	0	-41.5614	0	-9.59111	0	0	0	0	0	0	0	0	0	0	
0	0.999803	0	0.019868	0	6.8304	-10.0359	-10.683	6.60277	-49.8082	4.55364	6.8304	10	10	0	-30	0	0	-41.2279	0	-9.51414	0	0	0	0	0	0	0	0	0	0	
0	0.999812	0	0.019393	0	6.66717	-9.55699	-10.6667	6.44494	-49.3348	4.44478	6.66717	10	10	0	-30	0	0	-40.8805	0	-9.43395	0	0	0	0	0	0	0	0	0	0	
0	0.999821	0	0.018918	0	6.50393	-9.07812	-10.6504	6.28712	-48.8613	4.33592	6.50393	10	10	0	-30	0	0	-40.5331	0	-9.35377	0	0	0	0	0	0	0	0	0	0	
0	0.99983	0	0.0184515	0	6.34359	-8.6078	-10.6344	6.13211	-48.3963	4.22903	6.34359	10	10	0	-30	0	0	-40.1716	0	-9.27034	0	0	0	0	0	0	0	0	0	0	
0	0.999838	0	0.017985	0	6.18325	-8.13749	-10.6183	5.9771	-47.9314	4.12214	6.18325	10	10	0	-30	0	0	-39.8101	0	-9.18692	0	0	0	0	0	0	0	0	0	0	
0	0.999846	0	0.0175275	0	6.02591	-7.676	-10.6026	5.82503	-47.4751	4.01726	6.02591	10	10	0	-30	0	0	-39.4351	0	-9.10037	0	0	0	0	0	0	0	0	0	0	
0	0.999854	0	0.01707	0	5.86858	-7.21451	-10.5869	5.67297	-47.0189	3.91239	5.86858	10	10	0	-30	0	0	-39.06	0	-9.01383	0	0	0	0	0	0	0	0	0	0	
0	0.999862	0	0.0166215	0	5.71439	-6.76222	-10.5714	5.52391	-46.5718	3.8096	5.71439	10	10	0	-30	0	0	-38.6716	0	-8.92419	0	0	0	0	0	0	0	0	0	0	
0	0.999869	0	0.016173	0	5.56021	-6.30993	-10.556	5.37486	-46.1246	3.70681	5.56021	10	10	0	-30	0	0	-38.2831	0	-8.83455	0	0	0	0	0	0	0	0	0	0	
0	0.999876	0	0.015734	0	5.40924	-5.86712	-10.5409	5.22893	-45.6868	3.60617	5.40924	10	10	0	-30	0	0	-37.8815	0	-8.7419	0	0	0	0	0	0	0	0	0	0	
0	0.999883	0	0.015295	0	5.25826	-5.42431	-10.5258	5.083	-45.2491	3.50553	5.25826	10	10	0	-30	0	0	-37.48	0	-8.64926	0	0	0	0	0	0	0	0	0	0	
0	0.99989	0	0.0148655	0	5.11067	-4.99129	-10.5111	4.9403	-44.8209	3.40712	5.11067	10	10	0	-30	0	0	-37.0655	0	-8.5536	0	0	0	0	0	0	0	0	0	0	
0	0.999896	0	0.014436	0	4.96308	-4.55828	-10.4963	4.7976	-44.3928	3.30872	4.96308	10	10	0	-30	0	0	-36.6511	0	-8.45795	0	0	0	0	0	0	0	0	0	0	
0	0.999902	0	0.014017	0	4.81889	-4.13535	-10.4819	4.65823	-43.9747	3.21257	4.81889	10	10	0	-30	0	0	-36.2242	0	-8.35943	0	0	0	0	0	0	0	0	0	0	
0	0.999908	0	0.013598	0	4.67471	-3.71242	-10.4675	4.51886	-43.5566	3.11643	4.67471	10	10	0	-30	0	0	-35.7974	0	-8.26091	0	0	0	0	0	0	0	0	0	0	
0	0.999913	0	0.013189	0	4.53404	-3.29986	-10.4534	4.3829	-43.1487	3.0227	4.53404	10	10	0	-30	0	0	-35.3581	0	-8.15955	-63.5	-63.5	-63.5	-63.5	-63.5	0	0	0	0	0	
0	0.999918	0	0.01278	0	4.39338	-2.88731	-10.4393	4.24694	-42.7409	2.92896	4.39338	10	10	0	-30	0	0	-34.9187	0	-8.05819	-127	-127	-127	-127	-127	0	0	0	0	0	
0	0.999923	0	0.0123815	0	4.25639	-2.48543	-10.4257	4.1145	-42.3436	2.8376	4.25639	10	10	0	-30	0	0	-34.4676	0	-7.95406	-127	-127	-127	-127	-127	0	0	0	0	0	
0	0.999928	0	0.011983	0	4.11939	-2.08356	-10.412	3.98206	-41.9462	2.74624	4.11939	10	10	0	-30	0	0	-34.0164	0	-7.84992	-127	-127	-127	-127	-127	0	0	0	0	0	
0	0.999933	0	0.011595	0	3.98612	-1.6926	-10.3986	3.85323	-41.5597	2.65741	3.98612	10	10	0	-30	0	0	-33.5535	0	-7.74309	-127	-127	-127	-127	-127	0	0	0	0	0	
0	0.999937	0	0.011207	0	3.85285	-1.30165	-10.3853	3.7244	-41.1732	2.56857	3.85285	10	10	0	-30	0	0	-33.0905	0	-7.63627	-127	-127	-127	-127	-127	0	0	0	0	0	
0	0.999941	0	0.0108305	0	3.72339	-0.921889	-10.3723	3.59926	-40.7978	2.48225	3.72339	10	10	0	-30	0	0	-32.6163	0	-7.52686	-127	-127	-127	-127	-127	0	0	0	0	0	
0	0.999945	0	0.010454	0	3.59394	-0.542133	-10.3594	3.47413	-40.4223	2.39594	3.59394	10	10	0	-30	0	0	-32.1422	0	-7.41745	-127	-127	-127	-127	-127	0	0	0	0	0	
0	0.999949	0	0.010089	0	3.46837	-0.173864	-10.3468	3.35275	-40.0583	2.31223	3.46837	10	10	0	-30	0	0	-31.6569	0	-7.30547	-127	-127	-127	-127	-127	0	0	0	0	0	
0	0.999953	0	0.009724	0	3.34281	0.194405	-10.3343	3.23137	-39.6942	2.22852	3.34281	10	10	0	-30	0	0	-31.1717	0	-7.19349	-127	-127	-127	-127	-127	0	0	0	0	0	
0	0.999956	0	0.0093705	0	3.22125	0.550956	-10.3221	3.11388	-39.3417	2.1475	3.22125	10	10	0	-30	0	0	-30.6759	0	-7.07907	-127	-127	-127	-127	-127	0	0	0	0	0	
0	0.999959	0	0.009017	0	3.0997	0.907508	-10.31	2.9964	-38.9891	2.06649	3.0997	10	10	0	-30	0	0	-30.1801	0	-6.96465	-127	-127	-127	-127	-127	0	0	0	0	0	
0	0.999962	0	0.008675	0	2.98222	1.25211	-10.2982	2.88284	-38.6485	1.98816	2.98222	10	10	0	-30	0	0	-29.6738	0	-6.84779	-127	-127	-127	-127	-127	0	0	0	0	0	
0	0.999965	0	0.008333	0	2.86473	1.59672	-10.2865	2.76928	-38.3078	1.90984	2.86473	10	10	0	-30	0	0	-29.1674	0	-6.73094	-127	-127	-127	-127	-127	0	0	0	0	0	
0	0.999968	0	0.0080035	0	2.75143	1.92912	-10.2751	2.65973	-37.9792	1.8343	2.75143	10	10	0	-30	0	0	-28.6512	0	-6.61182	-127	-127	-127	-127	-127	0	0	0	0	0	
0	0.999971	0	0.007674	0	2.63813	2.26152	-10.2638	2.55018	-37.6505	1.75875	2.63813	10	10	0	-30	0	0	-28.135	0	-6.4927	-127	-127	-127	-127	-127	0	0	0	0	0	
0	0.999973	0	0.0073565	0	2.52904	2.58152	-10.2529	2.44472	-37.3342	1.68601	2.52904	10	10	0	-30	0	0	-27.6091	0	-6.37135	-127	-127	-127	-127	-127	0	0	0	0	0	
0	0.999975	0	0.007039	0	2.41994	2.90152	-10.242	2.33927	-37.0178	1.61328	2.41994	10	10	0	-30	0	0	-27.0833	0	-6.25	-127	-127	-127	-127	-127	0	0	0	0	0	
0	0.999977	0	0.0067345	0	2.31518	3.20882	-10.2315	2.238	-36.714	1.54343	2.31518	10	10	0	-30	0	0	-26.5482	0	-6.12649	-127	-127	-127	-127	-127	0	0	0	0	0	
0	0.999979	0	0.00643	0	2.21041	3.51613	-10.2211	2.13673	-36.4102	1.47359	2.21041	10	10	0	-30	0	0	-26.0131	0	-6.00299	-127	-127	-127	-127	-127	0	0	0	0	0	
0	0.999981	0	0.006138	0	2.11003	3.81063	-10.211	2.03967	-36.119	1.40667	2.11003	10	10	0	-30	0	0	-25.4689	0	-5.87743	-127	-127	-127	-127	-127	0	0	0	0	0	
0	0.999983	0	0.005846	0	2.00965	4.10513	-10.2009	1.94261	-35.8279	1.33975	2.00965	10	10	0	-30	0	0	-24.9247	0	-5.75187	-127	-127	-127	-127	-127	0	0	0	0	0	
0	0.999985	0	0.005567	0	1.91371	4.38654	-10.1913	1.84988	-35.5497	1.27578	1.91371	10	10	0	-30	0	0	-24.3722	0	-5.62435	-127	-127	-127	-127	-127	0	0	0	0	0	
0	0.999986	0	0.005288	0	1.81777	4.66794	-10.1817	1.75715	-35.2715	1.21181	1.81777	10	10	0	-30	0	0	-23.8197	0	-5.49684	-127	-127	-127	-127	-127	0	0	0	0	0	
0	0.999987	0	0.005022	0	1.72635	4.93612	-10.1726	1.66877	-35.0063	1.15087	1.72635	10	10	0	-30	0	0	-23.2588	0	-5.36741	-127	-127	-127	-127	-127	0	0	0	0	0	
0	0.999989	0	0.004756	0	1.63494	5.20429	-10.1635	1.58039	-34.7412	1.08994	1.63494	10	10	0	-30	0	0	-22.698	0	-5.23798	-127	-127	-127	-127	-127	0	0	0	0	0	
0	0.99999	0	0.0045035	0	1.54807	5.45903	-10.1548	1.49645	-34.4894	1.03204	1.54807	10	10	0	-30	0	0	-22.1295	0	-5.1068	-127	-127	-127	-127	-127	0	0	0	0	0	
0	0.999991	0	0.004251	0	1.46121	5.71376	-10.1461	1.41251	-34.2376	0.974143	1.46121	10	10	0	-30	0	0	-21.561	0	-4.97562	-127	-127	-127	-127	-127	0	0	0	0	0	
0	0.999992	0	0.0040115	0	1.37902	5.95486	-10.1379	1.33304	-33.9992	0.919339	1.37902	10	10	0	-30	0	0	-20.9851	0	-4.84273	-127	-127	-127	-127	-127	0	0	0	0	0	
0	0.999993	0	0.003772	0	1.29683	6.19597	-10.1297	1.25357	-33.7608	0.864536	1.29683	10	10	0	-30	0	0	-20.4092	0	-4.70983	-127	-127	-127	-127	-127	0	0	0	0	0	
0	0.999994	0	0.0035465	0	1.21931	6.42332	-10.1219	1.17866	-33.536	0.812884	1.21931	10	10	0	-30	0	0	-19.8261	0	-4.57527	-127	-127	-127	-127	-127	0	0	0	0	0	
0	0.999994	0	0.003321	0	1.14179	6.65066	-10.1142	1.10375	-33.3113	0.761232	1.14179	10	10	0	-30	0	0	-19.2431	0	-4.44071	-127	-127	-127	-127	-127	0	0	0	0	0	
0	0.999995	0	0.0031095	0	1.06905	6.86409	-10.1069	1.03342	-33.1003	0.712702	1.06905	10	10	0	-30	0	0	-18.6537	0	-4.30472	-127	-127	-127	-127	-127	0	0	0	0	0	
0	0.999996	0	0.002898	0	0.996316	7.07752	-10.0996	0.963085	-32.8893	0.664173	0.996316	10	10	0	-30	0	0	-18.0644	0	-4.16873	-127	-127	-127	-127	-127	0	0	0	0	0	
0	0.999996	0	0.0027005	0	0.928335	7.27688	-10.0929	0.897395	-32.6922	0.61888	0.928335	10	10	0	-30	0	0	-17.4685	0	-4.03119	-127	-127	-127	-127	-127	0	0	0	0	0	
0	0.999997	0	0.002503	0	0.860353	7.47624	-10.0861	0.831706	-32.4951	0.573588	0.860353	10	10	0	-30	0	0	-16.8726	0	-3.89365	-127	-127	-127	-127	-127	0	0	0	0	0	
0	0.999997	0	0.0023195	0	0.797242	7.66136	-10.0797	0.770686	-32.3121	0.531504	0.797242	10	10	0	-30	0	0	-16.2712	0	-3.75488	-127	-127	-127	-127	-127	0	0	0	0	0	
0	0.999998	0	0.002136	0	0.734131	7.84649	-10.0734	0.709666	-32.1291	0.489421	0.734131	10	10	0	-30	0	0	-15.6699	0	-3.61611	-127	-127	-127	-127	-127	0	0	0	0	0	
0	0.999998	0	0.0019665	0	0.675918	8.01728	-10.0676	0.653401	-31.9602	0.450603	0.675918	10	10	0	-30	0	0	-15.063	0	-3.47605	-127	-127	-127	-127	-127	0	0	0	0	0	
0	0.999998	0	0.001797	0	0.617706	8.18808	-10.0618	0.597137	-31.7914	0.411785	0.617706	10	10	0	-30	0	0	-14.4561	0	-3.33599	-127	-127	-127	-127	-127	0	0	0	0	0	
0	0.999999	0	0.001642	0	0.564421	8.34441	-10.0564	0.545599	-31.6368	0.376261	0.564421	10	10	0	-30	0	0	-13.8442	0	-3.19478	-127	-127	-127	-127	-127	0	0	0	0	0	
0	0.999999	0	0.001487	0	0.511136	8.50075	-10.0511	0.494062	-31.4823	0.340738	0.511136	10	10	0	-30	0	0	-13.2323	0	-3.05358	-127	-127	-127	-127	-127	0	0	0	0	0	
0	0.999999	0	0.0013465	0	0.462807	8.6425	-10.0463	0.447337	-31.3421	0.308509	0.462807	10	10	0	-30	0	0	-12.616	0	-2.91137	-127	-127	-127	-127	-127	0	0	0	0	0	
0	0.999999	0	0.001206	0	0.414478	8.78425	-10.0414	0.400612	-31.2019	0.27628	0.414478	10	10	0	-30	0	0	-11.9996	0	-2.76916	-127	-127	-127	-127	-127	0	0	0	0	0	
0	0.999999	0	0.0010795	0	0.371133	8.91136	-10.0371	0.358729	-31.0763	0.247403	0.371133	10	10	0	-30	0	0	-11.3792	0	-2.62598	-127	-127	-127	-127	-127	0	0	0	0	0	
0	1	0	0.000953	0	0.327789	9.03847	-10.0328	0.316846	-30.9506	0.218526	0.327789	10	10	0	-30	0	0	-10.7588	0	-2.4828	-127	-127	-127	-127	-127	0	0	0	0	0	
0	1	0	0.000842	0	0.289487	9.15085	-10.0289	0.279833	-30.8395	0.193001	0.289487	10	10	0	-30	0	0	-10.1346	0	-2.33876	-127	-127	-127	-127	-127	0	0	0	0	0	
0	1	0	0.000731	0	0.251185	9.26324	-10.0251	0.24282	-30.7284	0.167476	0.251185	10	10	0	-30	0	0	-9.51035	0	-2.19471	-127	-127	-127	-127	-127	0	0	0	0	0	
0	1	0	0.000634	0	0.217924	9.36076	-10.0218	0.210677	-30.632	0.145302	0.217924	10	10	0	-30	0	0	-8.88302	0	-2.04993	-127	-127	-127	-127	-127	0	0	0	0	0	
0	1	0	0.000537	0	0.184664	9.45827	-10.0185	0.178534	-30.5356	0.123129	0.184664	10	10	0	-30	0	0	-8.25569	0	-1.90514	-127	-127	-127	-127	-127	0	0	0	0	0	
0	1	0	0.000455	0	0.156503	9.54092	-10.0156	0.15129	-30.4539	0.104336	0.156503	10	10	0	-30	0	0	-7.62538	0	-1.7597	-127	-127	-127	-127	-127	0	0	0	0	0	
0	1	0	0.000373	0	0.128343	9.62357	-10.0128	0.124045	-30.3721	0.0855426	0.128343	10	10	0	-30	0	0	-6.99507	0	-1.61425	-127	-127	-127	-127	-127	0	0	0	0	0	
0	1	0	0.000306	0	0.105252	9.69127	-10.0105	0.101729	-30.3052	0.0701587	0.105252	10	10	0	-30	0	0	-6.36241	0	-1.46826	-127	-127	-127	-127	-127	0	0	0	0	0	
0	1	0	0.000239	0	0.0821621	9.75896	-10.0082	0.079412	-30.2383	0.0547748	0.0821621	10	10	0	-30	0	0	-5.72975	0	-1.32227	-127	-127	-127	-127	-127	0	0	0	0	0	
0	1	0	0.000187	0	0.0641999	9.81167	-10.0064	0.0620513	-30.1862	0.0427999	0.0641999	10	10	0	-30	0	0	-5.09511	0	-1.1758	-127	-127	-127	-127	-127	0	0	0	0	0	
0	1	0	0.000135	0	0.0462377	9.86439	-10.0046	0.0446907	-30.1341	0.0308251	0.0462377	10	10	0	-30	0	0	-4.46048	0	-1.02932	-127	-127	-127	-127	-127	0	0	0	0	0	
0	1	0	9.75e-005	0	0.0334034	9.90203	-10.0034	0.0322862	-30.0968	0.0222594	0.0334034	10	10	0	-30	0	0	-3.82441	0	-0.882556	-127	-127	-127	-127	-127	0	0	0	0	0	
0	1	0	6e-005	0	0.0205692	9.93967	-10.0021	0.0198816	-30.0596	0.0136937	0.0205692	10	10	0	-30	0	0	-3.18834	0	-0.735792	-127	-127	-127	-127	-127	0	0	0	0	0	
0	1	0	3.75e-005	0	0.0128629	9.9623	-10.0013	0.0124332	-30.0373	0.00856572	0.0128629	10	10	0	-30	0	0	-2.55112	0	-0.588743	-127	-127	-127	-127	-127	0	0	0	0	0	
0	1	0	1.5e-005	0	0.00515662	9.98494	-10.0005	0.00498473	-30.0149	0.00343775	0.00515662	10	10	0	-30	0	0	-1.91391	0	-0.441693	-127	-127	-127	-127	-127	0	0	0	0	0	
0	1	0	7.5e-006	0	0.00257831	9.99247	-10.0003	0.00249237	-30.0075	0.00171887	0.00257831	10	10	0	-30	0	0	-1.27606	0	-0.294472	-127	-127	-127	-127	-127	0	0	0	0	0	
0	1	0	-0	0	0	10	-10	0	-30	0	0	10	10	0	-30	0	0	-0.638218	0	-0.14725	-127	-127	-127	-127	-127	0	0	0	0	0	
0	1	0	-0	0	0	10	-10	0	-30	0	0	10	10	0	-30	0	0	-0.319109	0	-0.0736251	-63.5	-63.5	-63.5	-63.5	-63.5	0	0	0	0	0	
0	1	0	-0	0	0	10	-10	0	-30	0	0	10	10	0	-30	0	0	0	0	0	0	0	0	0	0	0	0	0	0	0	
0	1	0	-0	0	0	10	-10	0	-30	0	0	10	10	0	-30	0	0	0	0	0	0	0	0	0	0	0	0	0	0	0	
0	1	0	-0	0	0	10	-10	0	-30	0	0	10	10	0	-30	0	0	0	0	0	0	0	0	0	0	0	0	0	0	0	
0	1	0	-0	0	0	10	-10	0	-30	0	0	10	10	0	-30	0	0	0	0	0	0	0	0	0	0	0	0	0	0	0	
0	1	0	-0	0	0	10	-10	0	-30	0	0	10	10	0	-30	0	0	0	0	0	0	0	0	0	0	0	0	0	0	0	
0	1	0	-0	0	0	10	-10	0	-30	0	0	10	10	0	-30	0	0	0	0	0	0	0	0	0	0	0	0	0	0	0	
0	1	0	-0	0	0	10	-10	0	-30	0	0	10	10	0	-30	0	0	0	0	0	0	0	0	0	0	0	0	0	0	0	
0	1	0	-0	0	0	10	-10	0	-30	0	0	10	10	0	-30	0	0	0	0	0	0	0	0	0	0	0	0	0	0	0	
0	1	0	-0	0	0	10	-10	0	-30	0	0	10	10	0	-30	0	0	0	0	0	0	0	0	0	0	0	0	0	0	0	
0	1	0	-0	0	0	10	-10	0	-30	0	0	10	10	0	-30	0	0	0	0	0	0	0	0	0	0	0	0	0	0	0	
0	1	0	-0	0	0	10	-10	0	-30	0	0	10	10	0	-30	0	0	0	0	0	0	0	0	0	0	0	0	0	0	0	
0	1	0	-0	0	0	10	-10	0	-30	0	0	10	10	0	-30	0	0	0	0	0	0	0	0	0	0	0	0	0	0	0	
0	1	0	-0	0	0	10	-10	0	-30	0	0	10	10	0	-30	0	0	0	0	0	0	0	0	0	0	0	0	0	0	0	
0	1	0	-0	0	0	10	-10	0	-30	0	0	10	10	0	-30	0	0	0	0	0	0	0	0	0	0	0	0	0	0	0	
0	1	0	-0	0	0	10	-10	0	-30	0	0	10	10	0	-30	0	0	0	0	0	0	0	0	0	0	0	0	0	0	0	
