DATA LENGTH(steps) :
609
STEPLENGTH(sec):
0.005

dPCz,	PEL_Q0,	PEL_Qx,	PEL_Qy,	PEL_Qz,	WST,	RSP,	RSR,	RSY,	REB,	RWY,	RWP,	LSP,	LSR,	LSY,	LEB,	LWY,	LWP,	NKY,	NK1,	NK2,	RF1,	RF2,	RF3,	RF4,	RF5,	LF1,	LF2,	LF3,	LF4,	LF5,

0	1	0	-0	0	0	10	-10	0	-30	0	0	10	10	0	-30	0	0	0	0	0	0	0	0	0	0	0	0	0	0	0	
0	1	0	-0	0	0	10	-10	0	-30	0	0	10	10	0	-30	0	0	0	0	0	0	0	0	0	0	0	0	0	0	0	
0	1	0	-0	0	0	10	-10	0	-30	0	0	10	10	0	-30	0	0	0	-0	-0	0	0	0	0	0	0	0	0	0	0	
0	1	0	-0	0	0.00492744	10	-10	0	-30	0	0	9.99012	9.99877	0.00246372	-30.0025	-0.00739116	0	0.106026	0	0	0	0	0	0	0	0	0	0	0	0	
0	1	0	-0	0	0.00985487	10	-10	0	-30	0	0	9.98024	9.99754	0.00492744	-30.0049	-0.0147823	0	0.212052	0	0	0	0	0	0	0	0	0	0	0	0	
0	1	0	-0	0	0.0246658	10	-10	0	-30	0	0	9.95064	9.99384	0.0123186	-30.0123	-0.0369844	0	0.423989	0	0	0	0	0	0	0	0	0	0	0	0	
0	1	0	-0	0	0.0394768	10	-10	0	-30	0	0	9.92105	9.99015	0.0197097	-30.0197	-0.0591865	0	0.635926	0	0	0	0	0	0	0	0	0	0	0	0	
0	1	0	-0	0	0.064114	10	-10	0	-30	0	0	9.87178	9.98399	0.032057	-30.032	-0.096171	0	0.847548	0	0	0	0	0	0	0	0	0	0	0	0	
0	1	0	-0	0	0.0887512	10	-10	0	-30	0	0	9.8225	9.97783	0.0444042	-30.0444	-0.133155	0	1.05917	0	0	0	0	0	0	0	0	0	0	0	0	
0	1	0	-0	0	0.123215	10	-10	0	-30	0	0	9.75355	9.96921	0.0616216	-30.0616	-0.184865	0	1.27025	0	0	0	0	0	0	0	0	0	0	0	0	
0	1	0	-0	0	0.157678	10	-10	0	-30	0	0	9.68459	9.96058	0.078839	-30.0789	-0.236574	0	1.48133	0	0	0	0	0	0	0	0	0	0	0	0	
0	1	0	-0	0	0.201968	10	-10	0	-30	0	0	9.59607	9.94953	0.100984	-30.101	-0.302951	0	1.69172	0	0	0	0	0	0	0	0	0	0	0	0	
0	1	0	-0	0	0.246257	10	-10	0	-30	0	0	9.50755	9.93847	0.123129	-30.1231	-0.369329	0	1.90211	0	0	0	0	0	0	0	0	0	0	0	0	
0	1	0	-0	0	0.300259	10	-10	0	-30	0	0	9.39952	9.92495	0.150115	-30.1501	-0.450345	0	2.11152	0	0	0	0	0	0	0	0	0	0	0	0	
0	1	0	-0	0	0.35426	10	-10	0	-30	0	0	9.29148	9.91143	0.177101	-30.1771	-0.531361	0	2.32094	0	0	0	0	0	0	0	0	0	0	0	0	
0	1	0	-0	0	0.417973	10	-10	0	-30	0	0	9.16409	9.8955	0.208958	-30.209	-0.62693	0	2.52924	0	0	0	0	0	0	0	0	0	0	0	0	
0	1	0	-0	0	0.481686	10	-10	0	-30	0	0	9.03669	9.87957	0.240814	-30.2408	-0.7225	0	2.73754	0	0	0	0	0	0	0	0	0	0	0	0	
0	1	0	-0	0	0.555024	10	-10	0	-30	0	0	8.89001	9.86123	0.277483	-30.2775	-0.832508	0	2.94446	0	0	0	0	0	0	0	0	0	0	0	0	
0	1	0	-0	0	0.628363	10	-10	0	-30	0	0	8.74334	9.8429	0.314153	-30.3142	-0.942516	0	3.15138	0	0	0	0	0	0	0	0	0	0	0	0	
0	1	0	-0	0	0.711241	10	-10	0	-30	0	0	8.57755	9.82219	0.355606	-30.3556	-1.06685	0	3.35676	0	0	0	0	0	0	0	0	0	0	0	0	
0	1	0	-0	0	0.79412	10	-10	0	-30	0	0	8.41177	9.80147	0.39706	-30.3971	-1.19118	0	3.56214	0	0	0	0	0	0	0	0	0	0	0	0	
0	1	0	-0	0	0.88648	10	-10	0	-30	0	0	8.22702	9.77838	0.44324	-30.4433	-1.32975	0	3.76577	0	0	0	0	0	0	0	0	0	0	0	0	
0	1	0	-0	0	0.978841	10	-10	0	-30	0	0	8.04226	9.75529	0.489421	-30.4894	-1.46832	0	3.96939	0	0	0	0	0	0	0	0	0	0	0	0	
0	1	0	-0	0	1.0806	10	-10	0	-30	0	0	7.83875	9.72985	0.540299	-30.5403	-1.62095	0	4.17105	0	0	0	0	0	0	0	0	0	0	0	0	
0	1	0	-0	0	1.18236	10	-10	0	-30	0	0	7.63524	9.70442	0.591178	-30.5912	-1.77359	0	4.3727	0	0	0	0	0	0	0	0	0	0	0	0	
0	1	0	-0	0	1.29342	10	-10	0	-30	0	0	7.41316	9.67666	0.646697	-30.6467	-1.94015	0	4.5722	0	0	0	0	0	0	0	0	0	0	0	0	
0	1	0	-0	0	1.40449	10	-10	0	-30	0	0	7.19108	9.6489	0.702217	-30.7022	-2.10671	0	4.77171	0	0	0	0	0	0	0	0	0	0	0	0	
0	1	0	-0	0	1.5247	10	-10	0	-30	0	0	6.95064	9.61884	0.762349	-30.7623	-2.28705	0	4.96886	0	0	0	0	0	0	0	0	0	0	0	0	
0	1	0	-0	0	1.6449	10	-10	0	-30	0	0	6.7102	9.58879	0.822481	-30.8224	-2.46739	0	5.16602	0	0	0	0	0	0	0	0	0	0	0	0	
0	1	0	-0	0	1.77419	10	-10	0	-30	0	0	6.45165	9.55648	0.887111	-30.8871	-2.66127	0	5.36062	0	0	0	0	0	0	0	0	0	0	0	0	
0	1	0	-0	0	1.90348	10	-10	0	-30	0	0	6.1931	9.52416	0.95174	-30.9518	-2.85516	0	5.55523	0	0	0	0	0	0	0	0	0	0	0	0	
0	1	0	-0	0	2.04168	10	-10	0	-30	0	0	5.91668	9.48958	1.02084	-31.0209	-3.06249	0	5.74708	0	0	0	0	0	0	0	0	0	0	0	0	
0	1	0	-0	0	2.17988	10	-10	0	-30	0	0	5.64025	9.45501	1.08994	-31.09	-3.26981	0	5.93894	0	0	0	0	0	0	0	0	0	0	0	0	
0	1	0	-0	0	2.32687	10	-10	0	-30	0	0	5.34627	9.41828	1.16345	-31.1634	-3.49032	0	6.12787	0	0	0	0	0	0	0	0	0	0	0	0	
0	1	0	-0	0	2.47386	10	-10	0	-30	0	0	5.05228	9.38155	1.23696	-31.2369	-3.71082	0	6.3168	0	0	0	0	0	0	0	0	0	0	0	0	
0	1	0	-0	0	2.6295	10	-10	0	-30	0	0	4.741	9.34262	1.31477	-31.3148	-3.94427	0	6.50261	0	0	0	0	0	0	0	0	0	0	0	0	
0	1	0	-0	0	2.78515	10	-10	0	-30	0	0	4.42971	9.30369	1.39257	-31.3926	-4.17772	0	6.68842	0	0	0	0	0	0	0	0	0	0	0	0	
0	1	0	-0	0	2.9493	10	-10	0	-30	0	0	4.1014	9.26266	1.47465	-31.4747	-4.42395	0	6.87094	0	0	0	0	0	0	0	0	0	0	0	0	
0	1	0	-0	0	3.11345	10	-10	0	-30	0	0	3.7731	9.22164	1.55673	-31.5567	-4.67018	0	7.05345	0	0	0	0	0	0	0	0	0	0	0	0	
0	1	0	-0	0	3.28591	10	-10	0	-30	0	0	3.42815	9.17853	1.64296	-31.643	-4.92887	0	7.23247	0	0	0	0	0	0	0	0	0	0	0	0	
0	1	0	-0	0	3.45837	10	-10	0	-30	0	0	3.0832	9.13541	1.72919	-31.7292	-5.18756	0	7.4115	0	0	0	0	0	0	0	0	0	0	0	0	
0	1	0	-0	0	3.63903	10	-10	0	-30	0	0	2.72195	9.09026	1.81951	-31.8195	-5.45851	0	7.58688	0	0	0	0	0	0	0	0	0	0	0	0	
0	1	0	-0	0	3.81968	10	-10	0	-30	0	0	2.3607	9.04511	1.90984	-31.9099	-5.72946	0	7.76226	0	0	0	0	0	0	0	0	0	0	0	0	
0	1	0	-0	0	4.0083	10	-10	0	-30	0	0	1.98347	8.99793	2.00415	-32.0042	-6.01242	0	7.9338	0	0	0	0	0	0	0	0	0	0	0	0	
0	1	0	-0	0	4.19692	10	-10	0	-30	0	0	1.60623	8.95075	2.09846	-32.0985	-6.29537	0	8.10535	0	0	0	0	0	0	0	0	0	0	0	0	
0	1	0	-0	0	4.39333	10	-10	0	-30	0	0	1.21338	8.90164	2.19666	-32.1967	-6.58999	0	8.27288	0	0	0	0	0	0	0	0	0	0	0	0	
0	1	0	-0	0	4.58974	10	-10	0	-30	0	0	0.820533	8.85254	2.29487	-32.2949	-6.8846	0	8.44041	0	0	0	0	0	0	0	0	0	0	0	0	
0	1	0	-0	0	4.79377	10	-10	0	-30	0	0	0.412501	8.80155	2.39688	-32.3969	-7.19062	0	8.60379	0	0	0	0	0	0	0	0	0	0	0	0	
0	1	0	-0	0	4.9978	10	-10	0	-30	0	0	0.00446907	8.75056	2.4989	-32.4989	-7.49664	0	8.76717	0	0	0	0	0	0	0	0	0	0	0	0	
0	1	0	-0	0	5.20922	10	-10	0	-30	0	0	-0.418402	8.6977	2.60461	-32.6046	-7.8138	0	8.92622	0	0	0	0	0	0	0	0	0	0	0	0	
0	1	0	-0	0	5.42064	10	-10	0	-30	0	0	-0.841274	8.64484	2.71032	-32.7103	-8.13096	0	9.08528	0	0	0	0	0	0	0	0	0	0	0	0	
0	1	0	-0	0	5.63925	10	-10	0	-30	0	0	-1.2785	8.59018	2.81961	-32.8196	-8.45886	0	9.23986	0	0	0	0	0	0	0	0	0	0	0	0	
0	1	0	-0	0	5.85786	10	-10	0	-30	0	0	-1.71572	8.53552	2.9289	-32.9289	-8.78677	0	9.39445	0	0	0	0	0	0	0	0	0	0	0	0	
0	1	0	-0	0	6.08347	10	-10	0	-30	0	0	-2.16693	8.47912	3.04172	-33.0417	-9.12518	0	9.54439	0	0	0	0	0	0	0	0	0	0	0	0	
0	1	0	-0	0	6.30907	10	-10	0	-30	0	0	-2.61813	8.42271	3.15453	-33.1545	-9.4636	0	9.69433	0	0	0	0	0	0	0	0	0	0	0	0	
0	1	0	-0	0	6.5414	10	-10	0	-30	0	0	-3.08283	8.36464	3.2707	-33.2707	-9.81213	0	9.83946	0	0	0	0	0	0	0	0	0	0	0	0	
0	1	0	-0	0	6.77374	10	-10	0	-30	0	0	-3.54753	8.30657	3.38687	-33.3869	-10.1607	0	9.98459	0	0	0	0	0	0	0	0	0	0	0	0	
0	1	0	-0	0	7.01263	10	-10	0	-30	0	0	-4.02529	8.24684	3.5063	-33.5063	-10.519	0	10.1248	0	0	0	0	0	0	0	0	0	0	0	0	
0	1	0	-0	0	7.25153	10	-10	0	-30	0	0	-4.50305	8.18711	3.62573	-33.6257	-10.8773	0	10.2651	0	0	0	0	0	0	0	0	0	0	0	0	
0	1	0	-0	0	7.49669	10	-10	0	-30	0	0	-4.99338	8.12583	3.74832	-33.7483	-11.245	0	10.4002	0	0	0	0	0	0	0	0	0	0	0	0	
0	1	0	-0	0	7.74186	10	-10	0	-30	0	0	-5.48372	8.06455	3.8709	-33.8709	-11.6128	0	10.5354	0	0	0	0	0	0	0	0	0	0	0	0	
0	1	0	-0	0	7.99308	10	-10	0	-30	0	0	-5.98615	8.00173	3.99652	-33.9965	-11.9896	0	10.6653	0	0	0	0	0	0	0	0	0	0	0	0	
0	1	0	-0	0	8.24429	10	-10	0	-30	0	0	-6.48858	7.9389	4.12214	-34.1222	-12.3664	0	10.7953	0	0	0	0	0	0	0	0	0	0	0	0	
0	1	0	-0	0	8.50132	10	-10	0	-30	0	0	-7.0026	7.87467	4.25066	-34.2507	-12.752	0	10.9199	0	0	0	0	0	0	0	0	0	0	0	0	
0	1	0	-0	0	8.75835	10	-10	0	-30	0	0	-7.51663	7.81045	4.37917	-34.3792	-13.1375	0	11.0446	0	0	0	0	0	0	0	0	0	0	0	0	
0	1	0	-0	0	9.02091	10	-10	0	-30	0	0	-8.04178	7.74479	4.51044	-34.5105	-13.5313	0	11.1637	0	0	0	0	0	0	0	0	0	0	0	0	
0	1	0	-0	0	9.28346	10	-10	0	-30	0	0	-8.56692	7.67912	4.6417	-34.6417	-13.9252	0	11.2829	0	0	0	0	0	0	0	0	0	0	0	0	
0	1	0	-0	0	9.55132	10	-10	0	-30	0	0	-9.10264	7.61217	4.77563	-34.7756	-14.327	0	11.3965	0	0	0	0	0	0	0	0	0	0	0	0	
0	1	0	-0	0	9.81918	10	-10	0	-30	0	0	-9.63835	7.54522	4.90956	-34.9096	-14.7287	0	11.5101	0	0	0	0	0	0	0	0	0	0	0	0	
0	1	0	-0	0	10.092	10	-10	0	-30	0	0	-10.1841	7.47698	5.04601	-35.046	-15.1381	0	11.6181	0	0	0	0	0	0	0	0	0	0	0	0	
0	1	0	-0	0	10.3649	10	-10	0	-30	0	0	-10.7298	7.40875	5.18246	-35.1825	-15.5474	0	11.726	0	0	0	0	0	0	0	0	0	0	0	0	
0	1	0	-0	0	10.6425	10	-10	0	-30	0	0	-11.2851	7.33936	5.32129	-35.3213	-15.9638	0	11.8282	0	0	0	0	0	0	0	0	0	0	0	0	
0	1	0	-0	0	10.9202	10	-10	0	-30	0	0	-11.8403	7.26997	5.46012	-35.4601	-16.3803	0	11.9304	0	0	0	0	0	0	0	0	0	0	0	0	
0	1	0	-0	0	11.2023	10	-10	0	-30	0	0	-12.4046	7.19944	5.60115	-35.6011	-16.8034	0	12.0266	0	0	0	0	0	0	0	0	0	0	0	0	
0	1	0	-0	0	11.4844	10	-10	0	-30	0	0	-12.9688	7.12891	5.74218	-35.7422	-17.2266	0	12.1229	0	0	0	0	0	0	0	0	0	0	0	0	
0	1	0	-0	0	11.7707	10	-10	0	-30	0	0	-13.5415	7.05732	5.88537	-35.8853	-17.6561	0	12.2132	0	0	0	0	0	0	0	0	0	0	0	0	
0	1	0	-0	0	12.057	10	-10	0	-30	0	0	-14.1141	6.98573	6.02855	-36.0285	-18.0855	0	12.3035	0	0	0	0	0	0	0	0	0	0	0	0	
0	1	0	-0	0	12.3473	10	-10	0	-30	0	0	-14.6945	6.91317	6.17365	-36.1736	-18.5209	0	12.3877	0	0	0	0	0	0	0	0	0	0	0	0	
0	1	0	-0	0	12.6375	10	-10	0	-30	0	0	-15.275	6.8406	6.31875	-36.3188	-18.9563	0	12.4719	0	0	0	0	0	0	0	0	0	0	0	0	
0	1	0	-0	0	12.9314	10	-10	0	-30	0	0	-15.8627	6.76715	6.46569	-36.4657	-19.3971	0	12.5499	0	0	0	0	0	0	0	0	0	0	0	0	
0	1	0	-0	0	13.2252	10	-10	0	-30	0	0	-16.4505	6.69369	6.61262	-36.6126	-19.8379	0	12.628	0	0	0	0	0	0	0	0	0	0	0	0	
0	1	0	-0	0	13.5224	10	-10	0	-30	0	0	-17.0449	6.61938	6.76122	-36.7612	-20.2837	0	12.6998	0	0	0	0	0	0	0	0	0	0	0	0	
0	1	0	-0	0	13.8196	10	-10	0	-30	0	0	-17.6393	6.54507	6.90981	-36.9098	-20.7295	0	12.7716	0	0	0	0	0	0	0	0	0	0	0	0	
0	1	0	-0	0	14.1199	10	-10	0	-30	0	0	-18.2398	6.47001	7.05996	-37.06	-21.1799	0	12.8371	0	0	0	0	0	0	0	0	0	0	0	0	
0	1	0	-0	0	14.4202	10	-10	0	-30	0	0	-18.8403	6.39495	7.2101	-37.2101	-21.6302	0	12.9027	0	0	0	0	0	0	0	0	0	0	0	0	
0	1	0	-0	0	14.7232	10	-10	0	-30	0	0	-19.4464	6.31921	7.36159	-37.3616	-22.0848	0	12.9618	0	0	0	0	0	0	0	0	0	0	0	0	
0	1	0	-0	0	15.0262	10	-10	0	-30	0	0	-20.0524	6.24346	7.51308	-37.5131	-22.5393	0	13.021	0	0	0	0	0	0	0	0	0	0	0	0	
0	1	0	-0	0	15.3317	10	-10	0	-30	0	0	-20.6633	6.16709	7.66583	-37.6658	-22.9975	0	13.0737	0	0	0	0	0	0	0	0	0	0	0	0	
0	1	0	-0	0	15.6371	10	-10	0	-30	0	0	-21.2743	6.09071	7.81858	-37.8185	-23.4557	0	13.1265	0	0	0	0	0	0	0	0	0	0	0	0	
0	1	0	-0	0	15.9447	10	-10	0	-30	0	0	-21.8895	6.01382	7.97239	-37.9723	-23.9171	0	13.1727	0	0	0	0	0	0	0	0	0	0	0	0	
0	1	0	-0	0	16.2523	10	-10	0	-30	0	0	-22.5048	5.93693	8.1262	-38.1262	-24.3786	0	13.219	0	0	0	0	0	0	0	0	0	0	0	0	
0	1	0	-0	0	16.5618	10	-10	0	-30	0	0	-23.1237	5.85955	8.28093	-38.2809	-24.8428	0	13.2587	0	0	0	0	0	0	0	0	0	0	0	0	
0	1	0	-0	0	16.8713	10	-10	0	-30	0	0	-23.7426	5.78218	8.43566	-38.4357	-25.307	0	13.2984	0	0	0	0	0	0	0	0	0	0	0	0	
0	1	0	-0	0	17.1823	10	-10	0	-30	0	0	-24.3646	5.70443	8.59116	-38.5912	-25.7735	0	13.3316	0	0	0	0	0	0	0	0	0	0	0	0	
0	1	0	-0	0	17.4933	10	-10	0	-30	0	0	-24.9866	5.62667	8.74666	-38.7467	-26.24	0	13.3648	0	0	0	0	0	0	0	0	0	0	0	0	
0	1	0	-0	0	17.8056	10	-10	0	-30	0	0	-25.6112	5.54861	8.90279	-38.9028	-26.7084	0	13.3913	0	0	0	0	0	0	0	0	0	0	0	0	
0	1	0	-0	0	18.1178	10	-10	0	-30	0	0	-26.2357	5.47054	9.05892	-39.0589	-27.1768	0	13.4179	0	0	0	0	0	0	0	0	0	0	0	0	
0	1	0	-0	0	18.431	10	-10	0	-30	0	0	-26.862	5.39225	9.21551	-39.2155	-27.6465	0	13.4379	0	0	0	0	0	0	0	0	0	0	0	0	
0	1	0	-0	0	18.7442	10	-10	0	-30	0	0	-27.4884	5.31395	9.3721	-39.3721	-28.1163	0	13.4578	0	0	0	0	0	0	0	0	0	0	0	0	
0	1	0	-0	0	19.058	10	-10	0	-30	0	0	-28.116	5.23552	9.529	-39.529	-28.587	0	13.4711	0	0	0	0	0	0	0	0	0	0	0	0	
0	1	0	-0	0	19.3718	10	-10	0	-30	0	0	-28.7436	5.15708	9.68591	-39.6859	-29.0577	0	13.4844	0	0	0	0	0	0	0	0	0	0	0	0	
0	1	0	-0	0	19.6859	10	-10	0	-30	0	0	-29.3718	5.07853	9.84296	-39.8429	-29.5288	0	13.4911	0	0	0	0	0	0	0	0	0	0	0	0	
0	1	0	-0	0	20	10	-10	0	-30	0	0	-30	4.99997	10	-40	-30	0	13.4977	0	0	0	0	0	0	0	0	0	0	0	0	
0	1	0	-0	0	20.3141	10	-10	0	-30	0	0	-30.6282	4.92145	10.1571	-40.1571	-30.4712	0	13.4978	0	0	0	0	0	0	0	0	63.5	-63.5	-63.5	-63.5	
0	1	0	-0	0	20.6282	10	-10	0	-30	0	0	-31.2564	4.84293	10.3141	-40.3141	-30.9423	0	13.4978	0	0	0	0	0	0	0	0	127	-127	-127	-127	
0	1	0	-0	0	20.942	10	-10	0	-30	0	0	-31.884	4.76449	10.471	-40.471	-31.413	0	13.4911	0	0	0	0	0	0	0	0	127	-127	-127	-127	
0	1	0	-0	0	21.2558	10	-10	0	-30	0	0	-32.5116	4.68605	10.6279	-40.6279	-31.8837	0	13.4844	0	0	0	0	0	0	0	0	127	-127	-127	-127	
0	1	0	-0	0	21.569	10	-10	0	-30	0	0	-33.138	4.60776	10.7845	-40.7845	-32.3535	0	13.4711	0	0	0	0	0	0	0	0	127	-127	-127	-127	
0	1	0	-0	0	21.8822	10	-10	0	-30	0	0	-33.7643	4.52946	10.9411	-40.9411	-32.8233	0	13.4578	0	0	0	0	0	0	0	0	127	-127	-127	-127	
0	1	0	-0	0	22.1944	10	-10	0	-30	0	0	-34.3888	4.4514	11.0972	-41.0972	-33.2916	0	13.4379	0	0	0	0	0	0	0	0	127	-127	-127	-127	
0	1	0	-0	0	22.5066	10	-10	0	-30	0	0	-35.0133	4.37333	11.2533	-41.2533	-33.76	0	13.4179	0	0	0	0	0	0	0	0	127	-127	-127	-127	
0	1	0	-0	0	22.8177	10	-10	0	-30	0	0	-35.6353	4.29558	11.4089	-41.4088	-34.2265	0	13.3913	0	0	0	0	0	0	0	0	127	-127	-127	-127	
0	1	0	-0	0	23.1287	10	-10	0	-30	0	0	-36.2573	4.21783	11.5644	-41.5644	-34.693	0	13.3648	0	0	0	0	0	0	0	0	127	-127	-127	-127	
0	1	0	-0	0	23.4382	10	-10	0	-30	0	0	-36.8763	4.14045	11.7191	-41.7191	-35.1572	0	13.3316	0	0	0	0	0	0	0	0	127	-127	-127	-127	
0	1	0	-0	0	23.7476	10	-10	0	-30	0	0	-37.4952	4.06307	11.8738	-41.8738	-35.6214	0	13.2984	0	0	0	0	0	0	0	0	127	-127	-127	-127	
0	1	0	-0	0	24.0552	10	-10	0	-30	0	0	-38.1105	3.98618	12.0276	-42.0276	-36.0828	0	13.2587	0	0	0	0	0	0	0	0	127	-127	-127	-127	
0	1	0	-0	0	24.3629	10	-10	0	-30	0	0	-38.7257	3.90929	12.1814	-42.1814	-36.5443	0	13.219	0	0	0	0	0	0	0	0	127	-127	-127	-127	
0	1	0	-0	0	24.6683	10	-10	0	-30	0	0	-39.3366	3.83292	12.3341	-42.3342	-37.0025	0	13.1727	0	0	0	0	0	0	0	0	127	-127	-127	-127	
0	1	0	-0	0	24.9738	10	-10	0	-30	0	0	-39.9476	3.75654	12.4869	-42.4869	-37.4607	0	13.1265	0	0	0	0	0	0	0	0	127	-127	-127	-127	
0	1	0	-0	0	25.2768	10	-10	0	-30	0	0	-40.5536	3.6808	12.6384	-42.6384	-37.9152	0	13.0737	0	0	0	0	0	0	0	0	127	-127	-127	-127	
0	1	0	-0	0	25.5798	10	-10	0	-30	0	0	-41.1596	3.60505	12.7899	-42.7899	-38.3697	0	13.021	0	0	0	0	0	0	0	0	127	-127	-127	-127	
0	1	0	-0	0	25.8801	10	-10	0	-30	0	0	-41.7601	3.52999	12.94	-42.94	-38.8201	0	12.9618	0	0	0	0	0	0	0	0	127	-127	-127	-127	
0	1	0	-0	0	26.1803	10	-10	0	-30	0	0	-42.3607	3.45494	13.0901	-43.0902	-39.2705	0	12.9027	0	0	0	0	0	0	0	0	127	-127	-127	-127	
0	1	0	-0	0	26.4776	10	-10	0	-30	0	0	-42.9551	3.38062	13.2388	-43.2388	-39.7163	0	12.8372	0	0	0	0	0	0	0	0	127	-127	-127	-127	
0	1	0	-0	0	26.7748	10	-10	0	-30	0	0	-43.5495	3.30631	13.3874	-43.3874	-40.1621	0	12.7717	0	0	0	0	0	0	0	0	127	-127	-127	-127	
0	1	0	-0	0	27.0686	10	-10	0	-30	0	0	-44.1372	3.23286	13.5343	-43.5343	-40.6029	0	12.6998	0	0	0	0	0	0	0	0	127	-127	-127	-127	
0	1	0	-0	0	27.3625	10	-10	0	-30	0	0	-44.725	3.1594	13.6813	-43.6813	-41.0437	0	12.628	0	0	0	0	0	0	0	0	127	-127	-127	-127	
0	1	0	-0	0	27.6527	10	-10	0	-30	0	0	-45.3054	3.08684	13.8264	-43.8264	-41.4791	0	12.5499	0	0	0	0	0	0	0	0	127	-127	-127	-127	
0	1	0	-0	0	27.9429	10	-10	0	-30	0	0	-45.8859	3.01427	13.9715	-43.9715	-41.9144	0	12.4718	0	0	0	0	0	0	0	0	127	-127	-127	-127	
0	1	0	-0	0	28.2293	10	-10	0	-30	0	0	-46.4585	2.94268	14.1146	-44.1146	-42.3439	0	12.3876	0	0	0	0	0	0	0	0	127	-127	-127	-127	
0	1	0	-0	0	28.5156	10	-10	0	-30	0	0	-47.0312	2.87109	14.2578	-44.2578	-42.7734	0	12.3035	0	0	0	0	0	0	0	0	127	-127	-127	-127	
0	1	0	-0	0	28.7977	10	-10	0	-30	0	0	-47.5954	2.80056	14.3988	-44.3988	-43.1965	0	12.2131	0	0	0	0	0	0	0	0	127	-127	-127	-127	
0	1	0	-0	0	29.0798	10	-10	0	-30	0	0	-48.1596	2.73003	14.5399	-44.5399	-43.6197	0	12.1228	0	0	0	0	0	0	0	0	127	-127	-127	-127	
0	1	0	-0	0	29.3574	10	-10	0	-30	0	0	-48.7149	2.66064	14.6787	-44.6787	-44.0361	0	12.0266	0	0	0	0	0	0	0	0	127	-127	-127	-127	
0	1	0	-0	0	29.635	10	-10	0	-30	0	0	-49.2701	2.59126	14.8175	-44.8176	-44.4526	0	11.9304	0	0	0	0	0	0	0	0	127	-127	-127	-127	
0	1	0	-0	0	29.9079	10	-10	0	-30	0	0	-49.8159	2.52302	14.954	-44.954	-44.8619	0	11.8282	0	0	0	0	0	0	0	0	127	-127	-127	-127	
0	1	0	-0	0	30.1808	10	-10	0	-30	0	0	-50.3616	2.45478	15.0904	-45.0904	-45.2712	0	11.7261	0	0	0	0	0	0	0	0	127	-127	-127	-127	
0	1	0	-0	0	30.4487	10	-10	0	-30	0	0	-50.8973	2.38783	15.2243	-45.2243	-45.673	0	11.6182	0	0	0	0	0	0	0	0	127	-127	-127	-127	
0	1	0	-0	0	30.7166	10	-10	0	-30	0	0	-51.433	2.32088	15.3582	-45.3583	-46.0748	0	11.5102	0	0	0	0	0	0	0	0	127	-127	-127	-127	
0	1	0	-0	0	30.9791	10	-10	0	-30	0	0	-51.9582	2.25522	15.4895	-45.4896	-46.4687	0	11.3966	0	0	0	0	0	0	0	0	127	-127	-127	-127	
0	1	0	-0	0	31.2417	10	-10	0	-30	0	0	-52.4833	2.18956	15.6208	-45.6208	-46.8625	0	11.2829	0	0	0	0	0	0	0	0	127	-127	-127	-127	
0	1	0	-0	0	31.4987	10	-10	0	-30	0	0	-52.9974	2.12533	15.7493	-45.7494	-47.248	0	11.1637	0	0	0	0	0	0	0	0	127	-127	-127	-127	
0	1	0	-0	0	31.7557	10	-10	0	-30	0	0	-53.5114	2.0611	15.8779	-45.8779	-47.6335	0	11.0445	0	0	0	0	0	0	0	0	127	-127	-127	-127	
0	1	0	-0	0	32.0069	10	-10	0	-30	0	0	-54.0138	1.99828	16.0035	-46.0035	-48.0104	0	10.9199	0	0	0	0	0	0	0	-63.5	127	-127	-127	-127	
0	1	0	-0	0	32.2582	10	-10	0	-30	0	0	-54.5162	1.93545	16.129	-46.1291	-48.3872	0	10.7953	0	0	0	0	0	0	0	-127	127	-127	-127	-127	
0	1	0	-0	0	32.5033	10	-10	0	-30	0	0	-55.0066	1.87417	16.2516	-46.2516	-48.755	0	10.6654	0	0	0	0	0	0	0	-127	127	-127	-127	-127	
0	1	0	-0	0	32.7485	10	-10	0	-30	0	0	-55.4969	1.8129	16.3742	-46.3742	-49.1227	0	10.5354	0	0	0	0	0	0	0	-127	127	-127	-127	-127	
0	1	0	-0	0	32.9874	10	-10	0	-30	0	0	-55.9747	1.75316	16.4937	-46.4937	-49.481	0	10.4002	0	0	0	0	0	0	0	-127	127	-127	-127	-127	
0	1	0	-0	0	33.2262	10	-10	0	-30	0	0	-56.4524	1.69343	16.6131	-46.6131	-49.8394	0	10.2651	0	0	0	0	0	0	0	-127	127	-127	-127	-127	
0	1	0	-0	0	33.4586	10	-10	0	-30	0	0	-56.9171	1.63536	16.7293	-46.7293	-50.1879	0	10.1248	0	0	0	0	0	0	0	-127	127	-127	-127	-127	
0	1	0	-0	0	33.6909	10	-10	0	-30	0	0	-57.3818	1.5773	16.8455	-46.8455	-50.5364	0	9.98459	0	0	0	0	0	0	0	-127	127	-127	-127	-127	
0	1	0	-0	0	33.9166	10	-10	0	-30	0	0	-57.833	1.52089	16.9583	-46.9583	-50.8748	0	9.83949	0	0	0	0	0	0	0	-127	127	-127	-127	-127	
0	1	0	-0	0	34.1422	10	-10	0	-30	0	0	-58.2842	1.46448	17.071	-47.0711	-51.2132	0	9.69439	0	0	0	0	0	0	0	-127	127	-127	-127	-127	
0	1	0	-0	0	34.3608	10	-10	0	-30	0	0	-58.7215	1.40982	17.1804	-47.1804	-51.5411	0	9.54439	0	0	0	0	0	0	0	-127	127	-127	-127	-127	
0	1	0	-0	0	34.5794	10	-10	0	-30	0	0	-59.1588	1.35516	17.2897	-47.2897	-51.8691	0	9.39439	0	0	0	0	0	0	0	-127	127	-127	-127	-127	
0	1	0	-0	0	34.7908	10	-10	0	-30	0	0	-59.5816	1.3023	17.3954	-47.3954	-52.1862	0	9.23983	0	0	0	0	0	0	0	-127	127	-127	-127	-127	
0	1	0	-0	0	35.0022	10	-10	0	-30	0	0	-60.0044	1.24945	17.5011	-47.5011	-52.5033	0	9.08528	0	0	0	0	0	0	0	-127	127	-127	-127	-127	
0	1	0	-0	0	35.2063	10	-10	0	-30	0	0	-60.4125	1.19846	17.6031	-47.6031	-52.8093	0	8.92622	0	0	0	0	0	0	0	-127	127	-127	-127	-127	
0	1	0	-0	0	35.4103	10	-10	0	-30	0	0	-60.8205	1.14746	17.7051	-47.7052	-53.1154	0	8.76717	0	0	0	0	0	0	0	-127	127	-127	-127	-127	
0	1	0	-0	0	35.6067	10	-10	0	-30	0	0	-61.2133	1.09833	17.8033	-47.8034	-53.41	0	8.60379	0	0	0	0	0	0	0	-127	127	-127	-127	-127	
0	1	0	-0	0	35.8031	10	-10	0	-30	0	0	-61.6062	1.0492	17.9016	-47.9016	-53.7047	0	8.44041	0	0	0	0	0	0	0	-127	127	-127	-127	-127	
0	1	0	-0	0	35.9917	10	-10	0	-30	0	0	-61.9834	1.00205	17.9959	-47.9959	-53.9876	0	8.27288	0	0	0	0	0	0	0	-127	127	-127	-127	-127	
0	1	0	-0	0	36.1803	10	-10	0	-30	0	0	-62.3607	0.954891	18.0902	-48.0902	-54.2705	0	8.10535	0	0	0	0	0	0	0	-127	127	-127	-127	-127	
0	1	0	-0	0	36.361	10	-10	0	-30	0	0	-62.7219	0.909742	18.1805	-48.1805	-54.5415	0	7.9338	0	0	0	0	0	0	0	-127	127	-127	-127	-127	
0	1	0	-0	0	36.5416	10	-10	0	-30	0	0	-63.0832	0.864593	18.2708	-48.2708	-54.8124	0	7.76226	0	0	0	0	0	0	0	-127	127	-127	-127	-127	
0	1	0	-0	0	36.7141	10	-10	0	-30	0	0	-63.4282	0.821478	18.3571	-48.357	-55.0711	0	7.58688	0	0	0	0	0	0	0	-127	127	-127	-127	-127	
0	1	0	-0	0	36.8866	10	-10	0	-30	0	0	-63.7731	0.778363	18.4433	-48.4433	-55.3298	0	7.4115	0	0	0	0	0	0	0	-127	127	-127	-127	-127	
0	1	0	-0	0	37.0507	10	-10	0	-30	0	0	-64.1014	0.737339	18.5254	-48.5253	-55.576	0	7.23245	0	0	0	0	0	0	0	-127	127	-127	-127	-127	
0	1	0	-0	0	37.2148	10	-10	0	-30	0	0	-64.4297	0.696316	18.6074	-48.6074	-55.8222	0	7.0534	0	0	0	0	0	0	0	-127	127	-127	-127	-127	
0	1	0	-0	0	37.3705	10	-10	0	-30	0	0	-64.741	0.657383	18.6852	-48.6852	-56.0557	0	6.87091	0	0	0	0	0	0	0	-127	127	-127	-127	-127	
0	1	0	-0	0	37.5261	10	-10	0	-30	0	0	-65.0523	0.618451	18.763	-48.7631	-56.2892	0	6.68842	0	0	0	0	0	0	0	-127	127	-127	-127	-127	
0	1	0	-0	0	37.6731	10	-10	0	-30	0	0	-65.3463	0.581724	18.8366	-48.8366	-56.5097	0	6.50261	0	0	0	0	0	0	0	-127	127	-127	-127	-127	
0	1	0	-0	0	37.8201	10	-10	0	-30	0	0	-65.6403	0.544997	18.9101	-48.9101	-56.7302	0	6.3168	0	0	0	0	0	0	0	-127	127	-127	-127	-127	
0	1	0	-0	0	37.9583	10	-10	0	-30	0	0	-65.9167	0.510419	18.9792	-48.9792	-56.9375	0	6.1279	0	0	0	0	0	0	0	-127	63.5	-63.5	-63.5	-63.5	
0	1	0	-0	0	38.0965	10	-10	0	-30	0	0	-66.1931	0.475841	19.0483	-49.0483	-57.1448	0	5.93899	0	0	0	0	0	0	0	-127	0	0	0	0	
0	1	0	-0	0	38.2258	10	-10	0	-30	0	0	-66.4516	0.443527	19.1129	-49.1129	-57.3387	0	5.74708	0	0	0	0	0	0	0	-127	0	0	0	0	
0	1	0	-0	0	38.3551	10	-10	0	-30	0	0	-66.7102	0.411212	19.1775	-49.1775	-57.5326	0	5.55517	0	0	0	0	0	0	0	-127	0	0	0	0	
0	1	0	-0	0	38.4753	10	-10	0	-30	0	0	-66.9506	0.38116	19.2377	-49.2376	-57.713	0	5.36059	0	0	0	0	0	0	0	-127	0	0	0	0	
0	1	0	-0	0	38.5955	10	-10	0	-30	0	0	-67.191	0.351109	19.2978	-49.2977	-57.8933	0	5.16602	0	0	0	0	0	0	0	-127	0	0	0	0	
0	1	0	-0	0	38.7066	10	-10	0	-30	0	0	-67.4131	0.323349	19.3533	-49.3533	-58.0598	0	4.96886	0	0	0	0	0	0	0	-127	0	0	0	0	
0	1	0	-0	0	38.8176	10	-10	0	-30	0	0	-67.6352	0.295589	19.4088	-49.4088	-58.2264	0	4.77171	0	0	0	0	0	0	0	-127	0	0	0	0	
0	1	0	-0	0	38.9194	10	-10	0	-30	0	0	-67.8387	0.27015	19.4597	-49.4597	-58.3791	0	4.57223	0	0	0	0	0	0	0	-127	0	0	0	0	
0	1	0	-0	0	39.0211	10	-10	0	-30	0	0	-68.0422	0.24471	19.5106	-49.5105	-58.5317	0	4.37276	0	0	0	0	0	0	0	-127	0	0	0	0	
0	1	0	-0	0	39.1135	10	-10	0	-30	0	0	-68.227	0.22162	19.5568	-49.5568	-58.6702	0	4.17108	0	0	0	0	0	0	0	-127	0	0	0	0	
0	1	0	-0	0	39.2059	10	-10	0	-30	0	0	-68.4117	0.19853	19.6029	-49.603	-58.8088	0	3.96939	0	0	0	0	0	0	0	-127	0	0	0	0	
0	1	0	-0	0	39.2888	10	-10	0	-30	0	0	-68.5775	0.177817	19.6444	-49.6444	-58.9331	0	3.76577	0	0	0	0	0	0	0	-127	0	0	0	0	
0	1	0	-0	0	39.3717	10	-10	0	-30	0	0	-68.7433	0.157105	19.6859	-49.6858	-59.0575	0	3.56214	0	0	0	0	0	0	0	-127	0	0	0	0	
0	1	0	-0	0	39.445	10	-10	0	-30	0	0	-68.89	0.13877	19.7225	-49.7225	-59.1675	0	3.35676	0	0	0	0	0	0	0	-127	0	0	0	0	
0	1	0	-0	0	39.5183	10	-10	0	-30	0	0	-69.0367	0.120436	19.7592	-49.7591	-59.2775	0	3.15138	0	0	0	0	0	0	0	-127	0	0	0	0	
0	1	0	-0	0	39.582	10	-10	0	-30	0	0	-69.1641	0.104508	19.791	-49.791	-59.3731	0	2.94446	0	0	0	0	0	0	0	-63.5	0	0	0	0	
0	1	0	-0	0	39.6458	10	-10	0	-30	0	0	-69.2915	0.0885793	19.8229	-49.8229	-59.4686	0	2.73754	0	0	0	0	0	0	0	0	0	0	0	0	
0	1	0	-0	0	39.6998	10	-10	0	-30	0	0	-69.3995	0.0750575	19.8499	-49.8499	-59.5496	0	2.52924	0	0	0	0	0	0	0	0	0	0	0	0	
0	1	0	-0	0	39.7538	10	-10	0	-30	0	0	-69.5075	0.0615357	19.8769	-49.8769	-59.6306	0	2.32094	0	0	0	0	0	0	0	0	0	0	0	0	
0	1	0	-0	0	39.798	10	-10	0	-30	0	0	-69.596	0.0504776	19.899	-49.899	-59.697	0	2.11149	0	0	0	0	0	0	0	0	0	0	0	0	
0	1	0	-0	0	39.8423	10	-10	0	-30	0	0	-69.6846	0.0394195	19.9212	-49.9211	-59.7635	0	1.90205	0	0	0	0	0	0	0	0	0	0	0	0	
0	1	0	-0	0	39.8768	10	-10	0	-30	0	0	-69.7535	0.0307965	19.9384	-49.9384	-59.8152	0	1.69172	0	0	0	0	0	0	0	0	0	0	0	0	
0	1	0	-0	0	39.9113	10	-10	0	-30	0	0	-69.8225	0.0221735	19.9556	-49.9556	-59.8669	0	1.48138	0	0	0	0	0	0	0	0	0	0	0	0	
0	1	0	-0	0	39.9359	10	-10	0	-30	0	0	-69.8718	0.0160142	19.9679	-49.9679	-59.9038	0	1.27028	0	0	0	0	0	0	0	0	0	0	0	0	
0	1	0	-0	0	39.9605	10	-10	0	-30	0	0	-69.9211	0.00985487	19.9802	-49.9803	-59.9408	0	1.05917	0	0	0	0	0	0	0	0	0	0	0	0	
0	1	0	-0	0	39.9753	10	-10	0	-30	0	0	-69.9507	0.0061593	19.9877	-49.9876	-59.963	0	0.847548	0	0	0	0	0	0	0	0	0	0	0	0	
0	1	0	-0	0	39.9901	10	-10	0	-30	0	0	-69.9803	0.00246372	19.9951	-49.995	-59.9852	0	0.635926	0	0	0	0	0	0	0	0	0	0	0	0	
0	1	0	-0	0	39.9951	10	-10	0	-30	0	0	-69.9901	0.00123186	19.9975	-49.9975	-59.9926	0	0.42396	0	0	0	0	0	0	0	0	0	0	0	0	
0	1	0	-0	0	40	10	-10	0	-30	0	0	-70	0	20	-50	-60	0	0.211994	0	0	0	0	0	0	0	0	0	0	0	0	
0	1	0	-0	0	40	10	-10	0	-30	0	0	-70	0	20	-50	-60	0	0.105997	0	0	0	0	0	0	0	0	0	0	0	0	
0	1	0	-0	0	40	10	-10	0	-30	0	0	-70	0	20	-50	-60	0	0	0	0	0	0	0	0	0	0	0	0	0	0	
0	1	0	-0	0	40	10	-10	0	-30	0	0	-70	0	20	-50	-60	0	0	0	0	0	0	0	0	0	0	0	0	0	0	
0	1	0	-0	0	40	10	-10	0	-30	0	0	-70	0	20	-50	-60	0	0	0	0	0	0	0	0	0	0	0	0	0	0	
0	1	0	-0	0	40	10	-10	0	-30	0	0	-70	0	20	-50	-60	0	0	0	0	0	0	0	0	0	0	0	0	0	0	
0	1	0	-0	0	40	10	-10	0	-30	0	0	-70	0	20	-50	-60	0	0	0	0	0	0	0	0	0	0	0	0	0	0	
0	1	0	-0	0	40	10	-10	0	-30	0	0	-70	0	20	-50	-60	0	0	0	0	0	0	0	0	0	0	0	0	0	0	
0	1	0	-0	0	40	10	-10	0	-30	0	0	-70	0	20	-50	-60	0	0	0	0	0	0	0	0	0	0	0	0	0	0	
0	1	0	-0	0	40	10	-10	0	-30	0	0	-70	0	20	-50	-60	0	0	0	0	0	0	0	0	0	0	0	0	0	0	
0	1	0	-0	0	40	10	-10	0	-30	0	0	-70	0	20	-50	-60	0	0	0	0	0	0	0	0	0	0	0	0	0	0	
0	1	0	-0	0	40	10	-10	0	-30	0	0	-70	0	20	-50	-60	0	0	0	0	0	0	0	0	0	0	0	0	0	0	
0	1	0	-0	0	40	10	-10	0	-30	0	0	-70	0	20	-50	-60	0	0	0	0	0	0	0	0	0	0	0	0	0	0	
0	1	0	-0	0	40	10	-10	0	-30	0	0	-70	0	20	-50	-60	0	0	0	0	0	0	0	0	0	0	0	0	0	0	
0	1	0	-0	0	40	10	-10	0	-30	0	0	-70	0	20	-50	-60	0	0	0	0	0	0	0	0	0	0	0	0	0	0	
0	1	0	-0	0	40	10	-10	0	-30	0	0	-70	0	20	-50	-60	0	0	0	0	0	0	0	0	0	0	0	0	0	0	
0	1	0	-0	0	40	10	-10	0	-30	0	0	-70	0	20	-50	-60	0	0	0	0	0	0	0	0	0	0	0	0	0	0	
0	1	0	-0	0	40	10	-10	0	-30	0	0	-70	0	20	-50	-60	0	0	0	0	0	0	0	0	0	0	0	0	0	0	
0	1	0	-0	0	40	10	-10	0	-30	0	0	-70	0	20	-50	-60	0	0	0	0	0	0	0	0	0	0	0	0	0	0	
0	1	0	-0	0	40	10	-10	0	-30	0	0	-70	0	20	-50	-60	0	0	0	0	0	0	0	0	0	0	0	0	0	0	
0	1	0	-0	0	40	10	-10	0	-30	0	0	-70	0	20	-50	-60	0	0	0	0	0	0	0	0	0	0	0	0	0	0	
0	1	0	-0	0	40	10	-10	0	-30	0	0	-70	0	20	-50	-60	0	0	0	0	0	0	0	0	0	0	0	0	0	0	
0	1	0	-0	0	40	10	-10	0	-30	0	0	-70	0	20	-50	-60	0	0	0	0	0	0	0	0	0	0	0	0	0	0	
0	1	0	-0	0	40	10	-10	0	-30	0	0	-70	0	20	-50	-60	0	0	0	0	0	0	0	0	0	0	0	0	0	0	
0	1	0	-0	0	40	10	-10	0	-30	0	0	-70	0	20	-50	-60	0	0	0	0	0	0	0	0	0	0	0	0	0	0	
0	1	0	-0	0	40	10	-10	0	-30	0	0	-70	0	20	-50	-60	0	0	0	0	0	0	0	0	0	0	0	0	0	0	
0	1	0	-0	0	40	10	-10	0	-30	0	0	-70	0	20	-50	-60	0	0	0	0	0	0	0	0	0	0	0	0	0	0	
0	1	0	-0	0	40	10	-10	0	-30	0	0	-70	0	20	-50	-60	0	0	0	0	0	0	0	0	0	0	0	0	0	0	
0	1	0	-0	0	40	10	-10	0	-30	0	0	-70	0	20	-50	-60	0	0	0	0	0	0	0	0	0	0	0	0	0	0	
0	1	0	-0	0	40	10	-10	0	-30	0	0	-70	0	20	-50	-60	0	0	0	0	0	0	0	0	0	0	0	0	0	0	
0	1	0	-0	0	40	10	-10	0	-30	0	0	-70	0	20	-50	-60	0	0	0	0	0	0	0	0	0	0	0	0	0	0	
0	1	0	-0	0	40	10	-10	0	-30	0	0	-70	0	20	-50	-60	0	0	0	0	0	0	0	0	0	0	0	0	0	0	
0	1	0	-0	0	40	10	-10	0	-30	0	0	-70	0	20	-50	-60	0	0	0	0	0	0	0	0	0	0	0	0	0	0	
0	1	0	-0	0	40	10	-10	0	-30	0	0	-70	0	20	-50	-60	0	0	0	0	0	0	0	0	0	0	0	0	0	0	
0	1	0	-0	0	40	10	-10	0	-30	0	0	-70	0	20	-50	-60	0	0	0	0	0	0	0	0	0	0	0	0	0	0	
0	1	0	-0	0	40	10	-10	0	-30	0	0	-70	0	20	-50	-60	0	0	0	0	0	0	0	0	0	0	0	0	0	0	
0	1	0	-0	0	40	10	-10	0	-30	0	0	-70	0	20	-50	-60	0	0	0	0	0	0	0	0	0	0	0	0	0	0	
0	1	0	-0	0	40	10	-10	0	-30	0	0	-70	0	20	-50	-60	0	0	0	0	0	0	0	0	0	0	0	0	0	0	
0	1	0	-0	0	40	10	-10	0	-30	0	0	-70	0	20	-50	-60	0	0	0	0	0	0	0	0	0	0	0	0	0	0	
0	1	0	-0	0	40	10	-10	0	-30	0	0	-70	0	20	-50	-60	0	0	0	0	0	0	0	0	0	0	0	0	0	0	
0	1	0	-0	0	40	10	-10	0	-30	0	0	-70	0	20	-50	-60	0	0	0	0	0	0	0	0	0	0	0	0	0	0	
0	1	0	-0	0	40	10	-10	0	-30	0	0	-70	0	20	-50	-60	0	0	0	0	0	0	0	0	0	0	0	0	0	0	
0	1	0	-0	0	40	10	-10	0	-30	0	0	-70	0	20	-50	-60	0	0	0	0	0	0	0	0	0	0	0	0	0	0	
0	1	0	-0	0	40	10	-10	0	-30	0	0	-70	0	20	-50	-60	0	0	0	0	0	0	0	0	0	0	0	0	0	0	
0	1	0	-0	0	40	10	-10	0	-30	0	0	-70	0	20	-50	-60	0	0	0	0	0	0	0	0	0	0	0	0	0	0	
0	1	0	-0	0	40	10	-10	0	-30	0	0	-70	0	20	-50	-60	0	0	0	0	0	0	0	0	0	0	0	0	0	0	
0	1	0	-0	0	40	10	-10	0	-30	0	0	-70	0	20	-50	-60	0	0	0	0	0	0	0	0	0	0	0	0	0	0	
0	1	0	-0	0	40	10	-10	0	-30	0	0	-70	0	20	-50	-60	0	0	0	0	0	0	0	0	0	0	0	0	0	0	
0	1	0	-0	0	40	10	-10	0	-30	0	0	-70	0	20	-50	-60	0	0	0	0	0	0	0	0	0	0	0	0	0	0	
0	1	0	-0	0	40	10	-10	0	-30	0	0	-70	0	20	-50	-60	0	0	0	0	0	0	0	0	0	0	0	0	0	0	
0	1	0	-0	0	40	10	-10	0	-30	0	0	-70	0	20	-50	-60	0	0	0	0	0	0	0	0	0	0	0	0	0	0	
0	1	0	-0	0	40	10	-10	0	-30	0	0	-70	0	20	-50	-60	0	0	0	0	0	0	0	0	0	0	0	0	0	0	
0	1	0	-0	0	40	10	-10	0	-30	0	0	-70	0	20	-50	-60	0	0	0	0	0	0	0	0	0	0	0	0	0	0	
0	1	0	-0	0	40	10	-10	0	-30	0	0	-70	0	20	-50	-60	0	0	0	0	0	0	0	0	0	0	0	0	0	0	
0	1	0	-0	0	40	10	-10	0	-30	0	0	-70	0	20	-50	-60	0	0	0	0	0	0	0	0	0	0	0	0	0	0	
0	1	0	-0	0	40	10	-10	0	-30	0	0	-70	0	20	-50	-60	0	0	0	0	0	0	0	0	0	0	0	0	0	0	
0	1	0	-0	0	40	10	-10	0	-30	0	0	-70	0	20	-50	-60	0	0	0	0	0	0	0	0	0	0	0	0	0	0	
0	1	0	-0	0	40	10	-10	0	-30	0	0	-70	0	20	-50	-60	0	0	0	0	0	0	0	0	0	0	0	0	0	0	
0	1	0	-0	0	40	10	-10	0	-30	0	0	-70	0	20	-50	-60	0	0	0	0	0	0	0	0	0	0	0	0	0	0	
0	1	0	-0	0	40	10	-10	0	-30	0	0	-70	0	20	-50	-60	0	0	0	0	0	0	0	0	0	0	0	0	0	0	
0	1	0	-0	0	40	10	-10	0	-30	0	0	-70	0	20	-50	-60	0	0	0	0	0	0	0	0	0	0	0	0	0	0	
0	1	0	-0	0	40	10	-10	0	-30	0	0	-70	0	20	-50	-60	0	0	0	0	0	0	0	0	0	0	0	0	0	0	
0	1	0	-0	0	40	10	-10	0	-30	0	0	-70	0	20	-50	-60	0	0	0	0	0	0	0	0	0	0	0	0	0	0	
0	1	0	-0	0	40	10	-10	0	-30	0	0	-70	0	20	-50	-60	0	0	0	0	0	0	0	0	0	0	0	0	0	0	
0	1	0	-0	0	40	10	-10	0	-30	0	0	-70	0	20	-50	-60	0	0	0	0	0	0	0	0	0	0	0	0	0	0	
0	1	0	-0	0	40	10	-10	0	-30	0	0	-70	0	20	-50	-60	0	0	0	0	0	0	0	0	0	0	0	0	0	0	
0	1	0	-0	0	40	10	-10	0	-30	0	0	-70	0	20	-50	-60	0	0	0	0	0	0	0	0	0	0	0	0	0	0	
0	1	0	-0	0	40	10	-10	0	-30	0	0	-70	0	20	-50	-60	0	0	0	0	0	0	0	0	0	0	0	0	0	0	
0	1	0	-0	0	40	10	-10	0	-30	0	0	-70	0	20	-50	-60	0	0	0	0	0	0	0	0	0	0	0	0	0	0	
0	1	0	-0	0	40	10	-10	0	-30	0	0	-70	0	20	-50	-60	0	0	0	0	0	0	0	0	0	0	0	0	0	0	
0	1	0	-0	0	40	10	-10	0	-30	0	0	-70	0	20	-50	-60	0	0	0	0	0	0	0	0	0	0	0	0	0	0	
0	1	0	-0	0	40	10	-10	0	-30	0	0	-70	0	20	-50	-60	0	0	0	0	0	0	0	0	0	0	0	0	0	0	
0	1	0	-0	0	40	10	-10	0	-30	0	0	-70	0	20	-50	-60	0	0	0	0	0	0	0	0	0	0	0	0	0	0	
0	1	0	-0	0	40	10	-10	0	-30	0	0	-70	0	20	-50	-60	0	0	0	0	0	0	0	0	0	0	0	0	0	0	
0	1	0	-0	0	40	10	-10	0	-30	0	0	-70	0	20	-50	-60	0	0	0	0	0	0	0	0	0	0	0	0	0	0	
0	1	0	-0	0	40	10	-10	0	-30	0	0	-70	0	20	-50	-60	0	0	0	0	0	0	0	0	0	0	0	0	0	0	
0	1	0	-0	0	40	10	-10	0	-30	0	0	-70	0	20	-50	-60	0	0	0	0	0	0	0	0	0	0	0	0	0	0	
0	1	0	-0	0	40	10	-10	0	-30	0	0	-70	0	20	-50	-60	0	0	0	0	0	0	0	0	0	0	0	0	0	0	
0	1	0	-0	0	40	10	-10	0	-30	0	0	-70	0	20	-50	-60	0	0	0	0	0	0	0	0	0	0	0	0	0	0	
0	1	0	-0	0	40	10	-10	0	-30	0	0	-70	0	20	-50	-60	0	0	0	0	0	0	0	0	0	0	0	0	0	0	
0	1	0	-0	0	40	10	-10	0	-30	0	0	-70	0	20	-50	-60	0	0	0	0	0	0	0	0	0	0	0	0	0	0	
0	1	0	-0	0	40	10	-10	0	-30	0	0	-70	0	20	-50	-60	0	0	0	0	0	0	0	0	0	0	0	0	0	0	
0	1	0	-0	0	40	10	-10	0	-30	0	0	-70	0	20	-50	-60	0	0	0	0	0	0	0	0	0	0	0	0	0	0	
0	1	0	-0	0	40	10	-10	0	-30	0	0	-70	0	20	-50	-60	0	0	0	0	0	0	0	0	0	0	0	0	0	0	
0	1	0	-0	0	40	10	-10	0	-30	0	0	-70	0	20	-50	-60	0	0	0	0	0	0	0	0	0	0	0	0	0	0	
0	1	0	-0	0	40	10	-10	0	-30	0	0	-70	0	20	-50	-60	0	0	0	0	0	0	0	0	0	0	0	0	0	0	
0	1	0	-0	0	40	10	-10	0	-30	0	0	-70	0	20	-50	-60	0	0	0	0	0	0	0	0	0	0	0	0	0	0	
0	1	0	-0	0	40	10	-10	0	-30	0	0	-70	0	20	-50	-60	0	0	0	0	0	0	0	0	0	0	0	0	0	0	
0	1	0	-0	0	40	10	-10	0	-30	0	0	-70	0	20	-50	-60	0	0	0	0	0	0	0	0	0	0	0	0	0	0	
0	1	0	-0	0	40	10	-10	0	-30	0	0	-70	0	20	-50	-60	0	0	0	0	0	0	0	0	0	0	0	0	0	0	
0	1	0	-0	0	40	10	-10	0	-30	0	0	-70	0	20	-50	-60	0	0	0	0	0	0	0	0	0	0	0	0	0	0	
0	1	0	-0	0	40	10	-10	0	-30	0	0	-70	0	20	-50	-60	0	0	0	0	0	0	0	0	0	0	0	0	0	0	
0	1	0	-0	0	40	10	-10	0	-30	0	0	-70	0	20	-50	-60	0	0	0	0	0	0	0	0	0	0	0	0	0	0	
0	1	0	-0	0	40	10	-10	0	-30	0	0	-70	0	20	-50	-60	0	0	0	0	0	0	0	0	0	0	0	0	0	0	
0	1	0	-0	0	40	10	-10	0	-30	0	0	-70	0	20	-50	-60	0	0	0	0	0	0	0	0	0	0	0	0	0	0	
0	1	0	-0	0	40	10	-10	0	-30	0	0	-70	0	20	-50	-60	0	0	0	0	0	0	0	0	0	0	0	0	0	0	
0	1	0	-0	0	40	10	-10	0	-30	0	0	-70	0	20	-50	-60	0	0	0	0	0	0	0	0	0	0	0	0	0	0	
0	1	0	-0	0	40	10	-10	0	-30	0	0	-70	0	20	-50	-60	0	0	0	0	0	0	0	0	0	0	0	0	0	0	
0	1	0	-0	0	40	10	-10	0	-30	0	0	-70	0	20	-50	-60	0	0	0	0	0	0	0	0	0	0	0	0	0	0	
0	1	0	-0	0	40	10	-10	0	-30	0	0	-70	0	20	-50	-60	0	0	0	0	0	0	0	0	0	0	0	0	0	0	
0	1	0	-0	0	40	10	-10	0	-30	0	0	-70	0	20	-50	-60	0	0	0	0	0	0	0	0	0	0	0	0	0	0	
0	1	0	-0	0	40	10	-10	0	-30	0	0	-70	0	20	-50	-60	0	0	0	0	0	0	0	0	0	0	0	0	0	0	
0	1	0	-0	0	40	10	-10	0	-30	0	0	-70	0	20	-50	-60	0	0	0	0	0	0	0	0	0	0	0	0	0	0	
0	1	0	-0	0	40	10	-10	0	-30	0	0	-70	0	20	-50	-60	0	0	0	0	0	0	0	0	0	0	0	0	0	0	
0	1	0	-0	0	40	10	-10	0	-30	0	0	-70	0	20	-50	-60	0	0	0	0	0	0	0	0	0	0	0	0	0	0	
0	1	0	-0	0	40	10	-10	0	-30	0	0	-70	0	20	-50	-60	0	0	0	0	0	0	0	0	0	0	0	0	0	0	
0	1	0	-0	0	40	10	-10	0	-30	0	0	-70	0	20	-50	-60	0	0	0	0	0	0	0	0	0	0	0	0	0	0	
0	1	0	-0	0	40	10	-10	0	-30	0	0	-70	0	20	-50	-60	0	0	0	0	0	0	0	0	0	0	0	0	0	0	
0	1	0	-0	0	40	10	-10	0	-30	0	0	-70	0	20	-50	-60	0	0	0	0	0	0	0	0	0	0	0	0	0	0	
0	1	0	-0	0	40	10	-10	0	-30	0	0	-70	0	20	-50	-60	0	0	0	0	0	0	0	0	0	0	0	0	0	0	
0	1	0	-0	0	40	10	-10	0	-30	0	0	-70	0	20	-50	-60	0	0	0	0	0	0	0	0	0	0	0	0	0	0	
0	1	0	-0	0	40	10	-10	0	-30	0	0	-70	0	20	-50	-60	0	0	0	0	0	0	0	0	0	0	0	0	0	0	
0	1	0	-0	0	40	10	-10	0	-30	0	0	-70	0	20	-50	-60	0	0	0	0	0	0	0	0	0	0	0	0	0	0	
0	1	0	-0	0	40	10	-10	0	-30	0	0	-70	0	20	-50	-60	0	0	0	0	0	0	0	0	0	0	0	0	0	0	
0	1	0	-0	0	40	10	-10	0	-30	0	0	-70	0	20	-50	-60	0	0	0	0	0	0	0	0	0	0	0	0	0	0	
0	1	0	-0	0	40	10	-10	0	-30	0	0	-70	0	20	-50	-60	0	0	0	0	0	0	0	0	0	0	0	0	0	0	
0	1	0	-0	0	40	10	-10	0	-30	0	0	-70	0	20	-50	-60	0	0	0	0	0	0	0	0	0	0	0	0	0	0	
0	1	0	-0	0	40	10	-10	0	-30	0	0	-70	0	20	-50	-60	0	0	0	0	0	0	0	0	0	0	0	0	0	0	
0	1	0	-0	0	40	10	-10	0	-30	0	0	-70	0	20	-50	-60	0	0	0	0	0	0	0	0	0	0	0	0	0	0	
0	1	0	-0	0	40	10	-10	0	-30	0	0	-70	0	20	-50	-60	0	0	0	0	0	0	0	0	0	0	0	0	0	0	
0	1	0	-0	0	40	10	-10	0	-30	0	0	-70	0	20	-50	-60	0	0	0	0	0	0	0	0	0	0	0	0	0	0	
0	1	0	-0	0	40	10	-10	0	-30	0	0	-70	0	20	-50	-60	0	0	0	0	0	0	0	0	0	0	0	0	0	0	
0	1	0	-0	0	40	10	-10	0	-30	0	0	-70	0	20	-50	-60	0	0	0	0	0	0	0	0	0	0	0	0	0	0	
0	1	0	-0	0	40	10	-10	0	-30	0	0	-70	0	20	-50	-60	0	0	0	0	0	0	0	0	0	0	0	0	0	0	
0	1	0	-0	0	40	10	-10	0	-30	0	0	-70	0	20	-50	-60	0	0	0	0	0	0	0	0	0	0	0	0	0	0	
0	1	0	-0	0	40	10	-10	0	-30	0	0	-70	0	20	-50	-60	0	0	0	0	0	0	0	0	0	0	0	0	0	0	
0	1	0	-0	0	40	10	-10	0	-30	0	0	-70	0	20	-50	-60	0	0	0	0	0	0	0	0	0	0	0	0	0	0	
0	1	0	-0	0	40	10	-10	0	-30	0	0	-70	0	20	-50	-60	0	0	0	0	0	0	0	0	0	0	0	0	0	0	
0	1	0	-0	0	40	10	-10	0	-30	0	0	-70	0	20	-50	-60	0	0	0	0	0	0	0	0	0	0	0	0	0	0	
0	1	0	-0	0	40	10	-10	0	-30	0	0	-70	0	20	-50	-60	0	0	0	0	0	0	0	0	0	0	0	0	0	0	
0	1	0	-0	0	40	10	-10	0	-30	0	0	-70	0	20	-50	-60	0	0	0	0	0	0	0	0	0	0	0	0	0	0	
0	1	0	-0	0	40	10	-10	0	-30	0	0	-70	0	20	-50	-60	0	0	0	0	0	0	0	0	0	0	0	0	0	0	
0	1	0	-0	0	40	10	-10	0	-30	0	0	-70	0	20	-50	-60	0	0	0	0	0	0	0	0	0	0	0	0	0	0	
0	1	0	-0	0	40	10	-10	0	-30	0	0	-70	0	20	-50	-60	0	0	0	0	0	0	0	0	0	0	0	0	0	0	
0	1	0	-0	0	40	10	-10	0	-30	0	0	-70	0	20	-50	-60	0	0	0	0	0	0	0	0	0	0	0	0	0	0	
0	1	0	-0	0	40	10	-10	0	-30	0	0	-70	0	20	-50	-60	0	0	0	0	0	0	0	0	0	0	0	0	0	0	
0	1	0	-0	0	40	10	-10	0	-30	0	0	-70	0	20	-50	-60	0	0	0	0	0	0	0	0	0	0	0	0	0	0	
0	1	0	-0	0	40	10	-10	0	-30	0	0	-70	0	20	-50	-60	0	0	0	0	0	0	0	0	0	0	0	0	0	0	
0	1	0	-0	0	40	10	-10	0	-30	0	0	-70	0	20	-50	-60	0	0	0	0	0	0	0	0	0	0	0	0	0	0	
0	1	0	-0	0	40	10	-10	0	-30	0	0	-70	0	20	-50	-60	0	0	0	0	0	0	0	0	0	0	0	0	0	0	
0	1	0	-0	0	40	10	-10	0	-30	0	0	-70	0	20	-50	-60	0	0	0	0	0	0	0	0	0	0	0	0	0	0	
0	1	0	-0	0	40	10	-10	0	-30	0	0	-70	0	20	-50	-60	0	0	0	0	0	0	0	0	0	0	0	0	0	0	
0	1	0	-0	0	40	10	-10	0	-30	0	0	-70	0	20	-50	-60	0	0	0	0	0	0	0	0	0	0	0	0	0	0	
0	1	0	-0	0	40	10	-10	0	-30	0	0	-70	0	20	-50	-60	0	0	0	0	0	0	0	0	0	0	0	0	0	0	
0	1	0	-0	0	40	10	-10	0	-30	0	0	-70	0	20	-50	-60	0	0	0	0	0	0	0	0	0	0	0	0	0	0	
0	1	0	-0	0	40	10	-10	0	-30	0	0	-70	0	20	-50	-60	0	0	0	0	0	0	0	0	0	0	0	0	0	0	
0	1	0	-0	0	40	10	-10	0	-30	0	0	-70	0	20	-50	-60	0	0	0	0	0	0	0	0	0	0	0	0	0	0	
0	1	0	-0	0	40	10	-10	0	-30	0	0	-70	0	20	-50	-60	0	0	0	0	0	0	0	0	0	0	0	0	0	0	
0	1	0	-0	0	40	10	-10	0	-30	0	0	-70	0	20	-50	-60	0	0	0	0	0	0	0	0	0	0	0	0	0	0	
0	1	0	-0	0	40	10	-10	0	-30	0	0	-70	0	20	-50	-60	0	0	0	0	0	0	0	0	0	0	0	0	0	0	
0	1	0	-0	0	40	10	-10	0	-30	0	0	-70	0	20	-50	-60	0	0	0	0	0	0	0	0	0	0	0	0	0	0	
0	1	0	-0	0	40	10	-10	0	-30	0	0	-70	0	20	-50	-60	0	0	0	0	0	0	0	0	0	0	0	0	0	0	
0	1	0	-0	0	40	10	-10	0	-30	0	0	-70	0	20	-50	-60	0	0	0	0	0	0	0	0	0	0	0	0	0	0	
0	1	0	-0	0	40	10	-10	0	-30	0	0	-70	0	20	-50	-60	0	0	0	0	0	0	0	0	0	0	0	0	0	0	
0	1	0	-0	0	40	10	-10	0	-30	0	0	-70	0	20	-50	-60	0	0	0	0	0	0	0	0	0	0	0	0	0	0	
0	1	0	-0	0	40	10	-10	0	-30	0	0	-70	0	20	-50	-60	0	0	0	0	0	0	0	0	0	0	0	0	0	0	
0	1	0	-0	0	40	10	-10	0	-30	0	0	-70	0	20	-50	-60	0	0	0	0	0	0	0	0	0	0	0	0	0	0	
0	1	0	-0	0	40	10	-10	0	-30	0	0	-70	0	20	-50	-60	0	0	0	0	0	0	0	0	0	0	0	0	0	0	
0	1	0	-0	0	40	10	-10	0	-30	0	0	-70	0	20	-50	-60	0	0	0	0	0	0	0	0	0	0	0	0	0	0	
0	1	0	-0	0	40	10	-10	0	-30	0	0	-70	0	20	-50	-60	0	0	0	0	0	0	0	0	0	0	0	0	0	0	
0	1	0	-0	0	40	10	-10	0	-30	0	0	-70	0	20	-50	-60	0	0	0	0	0	0	0	0	0	0	0	0	0	0	
0	1	0	-0	0	40	10	-10	0	-30	0	0	-70	0	20	-50	-60	0	0	0	0	0	0	0	0	0	0	0	0	0	0	
0	1	0	-0	0	40	10	-10	0	-30	0	0	-70	0	20	-50	-60	0	0	0	0	0	0	0	0	0	0	0	0	0	0	
0	1	0	-0	0	40	10	-10	0	-30	0	0	-70	0	20	-50	-60	0	0	0	0	0	0	0	0	0	0	0	0	0	0	
0	1	0	-0	0	40	10	-10	0	-30	0	0	-70	0	20	-50	-60	0	0	0	0	0	0	0	0	0	0	0	0	0	0	
0	1	0	-0	0	40	10	-10	0	-30	0	0	-70	0	20	-50	-60	0	0	0	0	0	0	0	0	0	0	0	0	0	0	
0	1	0	-0	0	40	10	-10	0	-30	0	0	-70	0	20	-50	-60	0	0	0	0	0	0	0	0	0	0	0	0	0	0	
0	1	0	-0	0	40	10	-10	0	-30	0	0	-70	0	20	-50	-60	0	0	0	0	0	0	0	0	0	0	0	0	0	0	
0	1	0	-0	0	40	10	-10	0	-30	0	0	-70	0	20	-50	-60	0	0	0	0	0	0	0	0	0	0	0	0	0	0	
0	1	0	-0	0	40	10	-10	0	-30	0	0	-70	0	20	-50	-60	0	0	0	0	0	0	0	0	0	0	0	0	0	0	
0	1	0	-0	0	40	10	-10	0	-30	0	0	-70	0	20	-50	-60	0	0	0	0	0	0	0	0	0	0	0	0	0	0	
0	1	0	-0	0	40	10	-10	0	-30	0	0	-70	0	20	-50	-60	0	0	0	0	0	0	0	0	0	0	0	0	0	0	
0	1	0	-0	0	40	10	-10	0	-30	0	0	-70	0	20	-50	-60	0	0	0	0	0	0	0	0	0	0	0	0	0	0	
0	1	0	-0	0	40	10	-10	0	-30	0	0	-70	0	20	-50	-60	0	0	0	0	0	0	0	0	0	0	0	0	0	0	
0	1	0	-0	0	40	10	-10	0	-30	0	0	-70	0	20	-50	-60	0	0	0	0	0	0	0	0	0	0	0	0	0	0	
0	1	0	-0	0	40	10	-10	0	-30	0	0	-70	0	20	-50	-60	0	0	0	0	0	0	0	0	0	0	0	0	0	0	
0	1	0	-0	0	40	10	-10	0	-30	0	0	-70	0	20	-50	-60	0	0	0	0	0	0	0	0	0	0	0	0	0	0	
0	1	0	-0	0	40	10	-10	0	-30	0	0	-70	0	20	-50	-60	0	0	0	0	0	0	0	0	0	0	0	0	0	0	
0	1	0	-0	0	40	10	-10	0	-30	0	0	-70	0	20	-50	-60	0	0	0	0	0	0	0	0	0	0	0	0	0	0	
0	1	0	-0	0	40	10	-10	0	-30	0	0	-70	0	20	-50	-60	0	0	0	0	0	0	0	0	0	0	0	0	0	0	
0	1	0	-0	0	40	10	-10	0	-30	0	0	-70	0	20	-50	-60	0	0	0	0	0	0	0	0	0	0	0	0	0	0	
0	1	0	-0	0	40	10	-10	0	-30	0	0	-70	0	20	-50	-60	0	0	0	0	0	0	0	0	0	0	0	0	0	0	
0	1	0	-0	0	40	10	-10	0	-30	0	0	-70	0	20	-50	-60	0	0	0	0	0	0	0	0	0	0	0	0	0	0	
0	1	0	-0	0	40	10	-10	0	-30	0	0	-70	0	20	-50	-60	0	0	0	0	0	0	0	0	0	0	0	0	0	0	
0	1	0	-0	0	40	10	-10	0	-30	0	0	-70	0	20	-50	-60	0	0	0	0	0	0	0	0	0	0	0	0	0	0	
0	1	0	-0	0	40	10	-10	0	-30	0	0	-70	0	20	-50	-60	0	0	0	0	0	0	0	0	0	0	0	0	0	0	
0	1	0	-0	0	40	10	-10	0	-30	0	0	-70	0	20	-50	-60	0	0	0	0	0	0	0	0	0	0	0	0	0	0	
0	1	0	-0	0	40	10	-10	0	-30	0	0	-70	0	20	-50	-60	0	0	0	0	0	0	0	0	0	0	0	0	0	0	
0	1	0	-0	0	40	10	-10	0	-30	0	0	-70	0	20	-50	-60	0	0	0	0	0	0	0	0	0	0	0	0	0	0	
0	1	0	-0	0	40	10	-10	0	-30	0	0	-70	0	20	-50	-60	0	0	0	0	0	0	0	0	0	0	0	0	0	0	
0	1	0	-0	0	40	10	-10	0	-30	0	0	-70	0	20	-50	-60	0	0	0	0	0	0	0	0	0	0	0	0	0	0	
0	1	0	-0	0	40	10	-10	0	-30	0	0	-70	0	20	-50	-60	0	0	0	0	0	0	0	0	0	0	0	0	0	0	
0	1	0	-0	0	40	10	-10	0	-30	0	0	-70	0	20	-50	-60	0	0	0	0	0	0	0	0	0	0	0	0	0	0	
0	1	0	-0	0	40	10	-10	0	-30	0	0	-70	0	20	-50	-60	0	0	0	0	0	0	0	0	0	0	0	0	0	0	
0	1	0	-0	0	40	10	-10	0	-30	0	0	-70	0	20	-50	-60	0	0	0	0	0	0	0	0	0	0	0	0	0	0	
0	1	0	-0	0	40	10	-10	0	-30	0	0	-70	0	20	-50	-60	0	0	0	0	0	0	0	0	0	0	0	0	0	0	
0	1	0	-0	0	40	10	-10	0	-30	0	0	-70	0	20	-50	-60	0	0	0	0	0	0	0	0	0	0	0	0	0	0	
0	1	0	-0	0	40	10	-10	0	-30	0	0	-70	0	20	-50	-60	0	0	0	0	0	0	0	0	0	0	0	0	0	0	
0	1	0	-0	0	40	10	-10	0	-30	0	0	-70	0	20	-50	-60	0	0	0	0	0	0	0	0	0	0	0	0	0	0	
0	1	0	-0	0	40	10	-10	0	-30	0	0	-70	0	20	-50	-60	0	0	0	0	0	0	0	0	0	0	0	0	0	0	
0	1	0	-0	0	40	10	-10	0	-30	0	0	-70	0	20	-50	-60	0	0	0	0	0	0	0	0	0	0	0	0	0	0	
0	1	0	-0	0	39.9951	10	-10	0	-30	0	0	-69.9901	0.00123186	19.9975	-49.9975	-59.9926	0	-0.106026	0	0	0	0	0	0	0	0	0	0	0	0	
0	1	0	-0	0	39.9901	10	-10	0	-30	0	0	-69.9803	0.00246372	19.9951	-49.995	-59.9852	0	-0.212052	0	0	0	0	0	0	0	0	0	0	0	0	
0	1	0	-0	0	39.9753	10	-10	0	-30	0	0	-69.9507	0.0061593	19.9877	-49.9876	-59.963	0	-0.42396	0	0	0	0	0	0	0	0	0	0	0	0	
0	1	0	-0	0	39.9605	10	-10	0	-30	0	0	-69.9211	0.00985487	19.9802	-49.9803	-59.9408	0	-0.635869	0	0	0	0	0	0	0	0	0	0	0	0	
0	1	0	-0	0	39.9359	10	-10	0	-30	0	0	-69.8718	0.0160142	19.9679	-49.9679	-59.9038	0	-0.847519	0	0	0	0	0	0	0	0	0	0	0	0	
0	1	0	-0	0	39.9113	10	-10	0	-30	0	0	-69.8225	0.0221735	19.9556	-49.9556	-59.8669	0	-1.05917	0	0	0	0	0	0	0	0	0	0	0	0	
0	1	0	-0	0	39.8768	10	-10	0	-30	0	0	-69.7535	0.0307965	19.9384	-49.9384	-59.8152	0	-1.27025	0	0	0	0	0	0	0	0	0	0	0	0	
0	1	0	-0	0	39.8423	10	-10	0	-30	0	0	-69.6846	0.0394195	19.9212	-49.9211	-59.7635	0	-1.48133	0	0	0	0	0	0	0	0	0	0	0	0	
0	1	0	-0	0	39.798	10	-10	0	-30	0	0	-69.596	0.0504776	19.899	-49.899	-59.697	0	-1.69172	0	0	0	0	0	0	0	0	0	0	0	0	
0	1	0	-0	0	39.7538	10	-10	0	-30	0	0	-69.5075	0.0615357	19.8769	-49.8769	-59.6306	0	-1.90211	0	0	0	0	0	0	0	0	0	0	0	0	
0	1	0	-0	0	39.6998	10	-10	0	-30	0	0	-69.3995	0.0750575	19.8499	-49.8499	-59.5496	0	-2.11152	0	0	0	0	0	0	0	0	0	0	0	0	
0	1	0	-0	0	39.6458	10	-10	0	-30	0	0	-69.2915	0.0885793	19.8229	-49.8229	-59.4686	0	-2.32094	0	0	0	0	0	0	0	0	0	0	0	0	
0	1	0	-0	0	39.582	10	-10	0	-30	0	0	-69.1641	0.104508	19.791	-49.791	-59.3731	0	-2.52921	0	0	0	0	0	0	0	0	0	0	0	0	
0	1	0	-0	0	39.5183	10	-10	0	-30	0	0	-69.0367	0.120436	19.7592	-49.7591	-59.2775	0	-2.73748	0	0	0	0	0	0	0	0	0	0	0	0	
0	1	0	-0	0	39.445	10	-10	0	-30	0	0	-68.89	0.13877	19.7225	-49.7225	-59.1675	0	-2.94443	0	0	0	0	0	0	0	0	0	0	0	0	
0	1	0	-0	0	39.3717	10	-10	0	-30	0	0	-68.7433	0.157105	19.6859	-49.6858	-59.0575	0	-3.15138	0	0	0	0	0	0	0	0	0	0	0	0	
0	1	0	-0	0	39.2888	10	-10	0	-30	0	0	-68.5775	0.177817	19.6444	-49.6444	-58.9331	0	-3.35676	0	0	0	0	0	0	0	0	0	0	0	0	
0	1	0	-0	0	39.2059	10	-10	0	-30	0	0	-68.4117	0.19853	19.6029	-49.603	-58.8088	0	-3.56214	0	0	0	0	0	0	0	0	0	0	0	0	
0	1	0	-0	0	39.1135	10	-10	0	-30	0	0	-68.227	0.22162	19.5568	-49.5568	-58.6702	0	-3.76577	0	0	0	0	0	0	0	0	0	0	0	0	
0	1	0	-0	0	39.0211	10	-10	0	-30	0	0	-68.0422	0.24471	19.5106	-49.5105	-58.5317	0	-3.96939	0	0	0	0	0	0	0	0	0	0	0	0	
0	1	0	-0	0	38.9194	10	-10	0	-30	0	0	-67.8387	0.27015	19.4597	-49.4597	-58.3791	0	-4.17105	0	0	0	0	0	0	0	0	0	0	0	0	
0	1	0	-0	0	38.8176	10	-10	0	-30	0	0	-67.6352	0.295589	19.4088	-49.4088	-58.2264	0	-4.3727	0	0	0	0	0	0	0	0	0	0	0	0	
0	1	0	-0	0	38.7066	10	-10	0	-30	0	0	-67.4131	0.323349	19.3533	-49.3533	-58.0599	0	-4.5722	0	0	0	0	0	0	0	0	0	0	0	0	
0	1	0	-0	0	38.5955	10	-10	0	-30	0	0	-67.191	0.351109	19.2978	-49.2977	-57.8933	0	-4.77171	0	0	0	0	0	0	0	0	0	0	0	0	
0	1	0	-0	0	38.4753	10	-10	0	-30	0	0	-66.9506	0.38116	19.2377	-49.2376	-57.713	0	-4.96886	0	0	0	0	0	0	0	0	0	0	0	0	
0	1	0	-0	0	38.3551	10	-10	0	-30	0	0	-66.7102	0.411212	19.1775	-49.1775	-57.5326	0	-5.16602	0	0	0	0	0	0	0	0	0	0	0	0	
0	1	0	-0	0	38.2258	10	-10	0	-30	0	0	-66.4516	0.443527	19.1129	-49.1129	-57.3387	0	-5.36059	0	0	0	0	0	0	0	0	0	0	0	0	
0	1	0	-0	0	38.0965	10	-10	0	-30	0	0	-66.1931	0.475841	19.0483	-49.0483	-57.1448	0	-5.55517	0	0	0	0	0	0	0	0	0	0	0	0	
0	1	0	-0	0	37.9583	10	-10	0	-30	0	0	-65.9167	0.510391	18.9792	-48.9792	-56.9375	0	-5.74705	0	0	0	0	0	0	0	0	0	0	0	0	
0	1	0	-0	0	37.8201	10	-10	0	-30	0	0	-65.6403	0.54494	18.9101	-48.9101	-56.7302	0	-5.93894	0	0	0	0	0	0	0	0	0	0	0	0	
0	1	0	-0	0	37.6731	10	-10	0	-30	0	0	-65.3463	0.581695	18.8366	-48.8366	-56.5097	0	-6.12787	0	0	0	0	0	0	0	0	0	0	0	0	
0	1	0	-0	0	37.5262	10	-10	0	-30	0	0	-65.0523	0.618451	18.763	-48.7631	-56.2892	0	-6.3168	0	0	0	0	0	0	0	0	0	0	0	0	
0	1	0	-0	0	37.3705	10	-10	0	-30	0	0	-64.741	0.657383	18.6852	-48.6853	-56.0557	0	-6.50261	0	0	0	0	0	0	0	0	0	0	0	0	
0	1	0	-0	0	37.2148	10	-10	0	-30	0	0	-64.4297	0.696316	18.6074	-48.6074	-55.8222	0	-6.68842	0	0	0	0	0	0	0	0	0	0	0	0	
0	1	0	-0	0	37.0507	10	-10	0	-30	0	0	-64.1014	0.737339	18.5254	-48.5254	-55.576	0	-6.87094	0	0	0	0	0	0	0	0	0	0	0	0	
0	1	0	-0	0	36.8866	10	-10	0	-30	0	0	-63.7731	0.778363	18.4433	-48.4433	-55.3298	0	-7.05345	0	0	0	0	0	0	0	0	0	0	0	0	
0	1	0	-0	0	36.7141	10	-10	0	-30	0	0	-63.4282	0.821478	18.3571	-48.357	-55.0711	0	-7.23245	0	0	0	0	0	0	0	0	0	0	0	0	
0	1	0	-0	0	36.5416	10	-10	0	-30	0	0	-63.0832	0.864593	18.2708	-48.2708	-54.8124	0	-7.41144	0	0	0	0	0	0	0	0	0	0	0	0	
0	1	0	-0	0	36.361	10	-10	0	-30	0	0	-62.7219	0.909742	18.1805	-48.1805	-54.5415	0	-7.58685	0	0	0	0	0	0	0	0	0	0	0	0	
0	1	0	-0	0	36.1803	10	-10	0	-30	0	0	-62.3607	0.954891	18.0902	-48.0902	-54.2705	0	-7.76226	0	0	0	0	0	0	0	0	0	0	0	0	
0	1	0	-0	0	35.9917	10	-10	0	-30	0	0	-61.9834	1.00205	17.9959	-47.9959	-53.9876	0	-7.93378	0	0	0	0	0	0	0	0	0	0	0	0	
0	1	0	-0	0	35.8031	10	-10	0	-30	0	0	-61.6062	1.0492	17.9016	-47.9016	-53.7047	0	-8.10529	0	0	0	0	0	0	0	0	0	0	0	0	
0	1	0	-0	0	35.6067	10	-10	0	-30	0	0	-61.2134	1.0983	17.8033	-47.8034	-53.41	0	-8.27288	0	0	0	0	0	0	0	0	0	0	0	0	
0	1	0	-0	0	35.4103	10	-10	0	-30	0	0	-60.8206	1.14741	17.7051	-47.7052	-53.1154	0	-8.44047	0	0	0	0	0	0	0	0	0	0	0	0	
0	1	0	-0	0	35.2063	10	-10	0	-30	0	0	-60.4125	1.19843	17.6031	-47.6031	-52.8094	0	-8.60382	0	0	0	0	0	0	0	0	0	0	0	0	
0	1	0	-0	0	35.0022	10	-10	0	-30	0	0	-60.0044	1.24945	17.5011	-47.5011	-52.5033	0	-8.76717	0	0	0	0	0	0	0	0	0	0	0	0	
0	1	0	-0	0	34.7908	10	-10	0	-30	0	0	-59.5816	1.3023	17.3954	-47.3954	-52.1862	0	-8.92622	0	0	0	0	0	0	0	0	0	0	0	0	
0	1	0	-0	0	34.5794	10	-10	0	-30	0	0	-59.1588	1.35516	17.2897	-47.2897	-51.8691	0	-9.08528	0	0	0	0	0	0	0	0	0	0	0	0	
0	1	0	-0	0	34.3608	10	-10	0	-30	0	0	-58.7215	1.40982	17.1804	-47.1804	-51.5411	0	-9.23983	0	0	0	0	0	0	0	0	0	0	0	0	
0	1	0	-0	0	34.1422	10	-10	0	-30	0	0	-58.2843	1.46448	17.071	-47.0711	-51.2132	0	-9.39439	0	0	0	0	0	0	0	0	0	0	0	0	
0	1	0	-0	0	33.9166	10	-10	0	-30	0	0	-57.8331	1.52086	16.9583	-46.9583	-50.8748	0	-9.54436	0	0	0	0	0	0	0	0	0	0	0	0	
0	1	0	-0	0	33.6909	10	-10	0	-30	0	0	-57.3819	1.57724	16.8455	-46.8455	-50.5364	0	-9.69433	0	0	0	0	0	0	0	0	0	0	0	0	
0	1	0	-0	0	33.4586	10	-10	0	-30	0	0	-56.9172	1.63534	16.7293	-46.7293	-50.1879	0	-9.83946	0	0	0	0	0	0	0	0	0	0	0	0	
0	1	0	-0	0	33.2262	10	-10	0	-30	0	0	-56.4525	1.69343	16.6131	-46.6131	-49.8394	0	-9.98459	0	0	0	0	0	0	0	0	0	0	0	0	
0	1	0	-0	0	32.9874	10	-10	0	-30	0	0	-55.9747	1.75316	16.4937	-46.4937	-49.481	0	-10.1248	0	0	0	0	0	0	0	0	0	0	0	0	
0	1	0	-0	0	32.7485	10	-10	0	-30	0	0	-55.497	1.8129	16.3742	-46.3742	-49.1227	0	-10.2651	0	0	0	0	0	0	0	0	0	0	0	0	
0	1	0	-0	0	32.5033	10	-10	0	-30	0	0	-55.0066	1.87417	16.2516	-46.2516	-48.755	0	-10.4002	0	0	0	0	0	0	0	0	0	0	0	0	
0	1	0	-0	0	32.2582	10	-10	0	-30	0	0	-54.5163	1.93545	16.129	-46.1291	-48.3872	0	-10.5354	0	0	0	0	0	0	0	0	0	0	0	0	
0	1	0	-0	0	32.0069	10	-10	0	-30	0	0	-54.0138	1.99828	16.0035	-46.0035	-48.0104	0	-10.6654	0	0	0	0	0	0	0	0	0	0	0	0	
0	1	0	-0	0	31.7557	10	-10	0	-30	0	0	-53.5114	2.0611	15.8779	-45.8779	-47.6335	0	-10.7953	0	0	0	0	0	0	0	0	0	0	0	0	
0	1	0	-0	0	31.4987	10	-10	0	-30	0	0	-52.9974	2.12533	15.7493	-45.7494	-47.248	0	-10.9199	0	0	0	0	0	0	0	0	0	0	0	0	
0	1	0	-0	0	31.2417	10	-10	0	-30	0	0	-52.4833	2.18956	15.6208	-45.6208	-46.8625	0	-11.0445	0	0	0	0	0	0	0	0	0	0	0	0	
0	1	0	-0	0	30.9791	10	-10	0	-30	0	0	-51.9582	2.25522	15.4895	-45.4896	-46.4687	0	-11.1637	0	0	0	0	0	0	0	0	0	0	0	0	
0	1	0	-0	0	30.7166	10	-10	0	-30	0	0	-51.4331	2.32088	15.3582	-45.3583	-46.0748	0	-11.2829	0	0	0	0	0	0	0	0	0	0	0	0	
0	1	0	-0	0	30.4487	10	-10	0	-30	0	0	-50.8974	2.38783	15.2243	-45.2243	-45.673	0	-11.3966	0	0	0	0	0	0	0	0	0	0	0	0	
0	1	0	-0	0	30.1808	10	-10	0	-30	0	0	-50.3617	2.45478	15.0904	-45.0904	-45.2712	0	-11.5102	0	0	0	0	0	0	0	0	0	0	0	0	
0	1	0	-0	0	29.908	10	-10	0	-30	0	0	-49.8159	2.52299	14.954	-44.954	-44.8619	0	-11.6181	0	0	0	0	0	0	0	0	0	0	0	0	
0	1	0	-0	0	29.6351	10	-10	0	-30	0	0	-49.2701	2.5912	14.8175	-44.8176	-44.4526	0	-11.726	0	0	0	0	0	0	0	0	0	0	0	0	
0	1	0	-0	0	29.3575	10	-10	0	-30	0	0	-48.7149	2.66062	14.6787	-44.6787	-44.0362	0	-11.8282	0	0	0	0	0	0	0	0	0	0	0	0	
0	1	0	-0	0	29.0798	10	-10	0	-30	0	0	-48.1596	2.73003	14.5399	-44.5399	-43.6197	0	-11.9304	0	0	0	0	0	0	0	0	0	0	0	0	
0	1	0	-0	0	28.7977	10	-10	0	-30	0	0	-47.5954	2.80056	14.3988	-44.3988	-43.1965	0	-12.0266	0	0	0	0	0	0	0	0	-63.5	63.5	63.5	63.5	
0	1	0	-0	0	28.5156	10	-10	0	-30	0	0	-47.0312	2.87109	14.2578	-44.2578	-42.7734	0	-12.1229	0	0	0	0	0	0	0	0	-127	127	127	127	
0	1	0	-0	0	28.2293	10	-10	0	-30	0	0	-46.4585	2.94268	14.1146	-44.1146	-42.3439	0	-12.2131	0	0	0	0	0	0	0	0	-127	127	127	127	
0	1	0	-0	0	27.943	10	-10	0	-30	0	0	-45.8859	3.01427	13.9715	-43.9715	-41.9144	0	-12.3034	0	0	0	0	0	0	0	0	-127	127	127	127	
0	1	0	-0	0	27.6527	10	-10	0	-30	0	0	-45.3054	3.08684	13.8264	-43.8264	-41.4791	0	-12.3876	0	0	0	0	0	0	0	0	-127	127	127	127	
0	1	0	-0	0	27.3625	10	-10	0	-30	0	0	-44.725	3.1594	13.6813	-43.6813	-41.0437	0	-12.4719	0	0	0	0	0	0	0	0	-127	127	127	127	
0	1	0	-0	0	27.0686	10	-10	0	-30	0	0	-44.1373	3.23286	13.5343	-43.5343	-40.6029	0	-12.5499	0	0	0	0	0	0	0	0	-127	127	127	127	
0	1	0	-0	0	26.7748	10	-10	0	-30	0	0	-43.5495	3.30631	13.3874	-43.3874	-40.1622	0	-12.628	0	0	0	0	0	0	0	0	-127	127	127	127	
0	1	0	-0	0	26.4776	10	-10	0	-30	0	0	-42.9551	3.38062	13.2388	-43.2388	-39.7163	0	-12.6998	0	0	0	0	0	0	0	0	-127	127	127	127	
0	1	0	-0	0	26.1803	10	-10	0	-30	0	0	-42.3607	3.45494	13.0902	-43.0902	-39.2705	0	-12.7716	0	0	0	0	0	0	0	0	-127	127	127	127	
0	1	0	-0	0	25.8801	10	-10	0	-30	0	0	-41.7602	3.52999	12.9401	-42.94	-38.8201	0	-12.8371	0	0	0	0	0	0	0	0	-127	127	127	127	
0	1	0	-0	0	25.5798	10	-10	0	-30	0	0	-41.1596	3.60505	12.7899	-42.7899	-38.3697	0	-12.9027	0	0	0	0	0	0	0	0	-127	127	127	127	
0	1	0	-0	0	25.2768	10	-10	0	-30	0	0	-40.5536	3.6808	12.6384	-42.6384	-37.9152	0	-12.9618	0	0	0	0	0	0	0	0	-127	127	127	127	
0	1	0	-0	0	24.9738	10	-10	0	-30	0	0	-39.9476	3.75654	12.4869	-42.4869	-37.4607	0	-13.021	0	0	0	0	0	0	0	0	-127	127	127	127	
0	1	0	-0	0	24.6683	10	-10	0	-30	0	0	-39.3367	3.83292	12.3342	-42.3342	-37.0025	0	-13.0737	0	0	0	0	0	0	0	0	-127	127	127	127	
0	1	0	-0	0	24.3629	10	-10	0	-30	0	0	-38.7258	3.90929	12.1814	-42.1814	-36.5443	0	-13.1265	0	0	0	0	0	0	0	0	-127	127	127	127	
0	1	0	-0	0	24.0552	10	-10	0	-30	0	0	-38.1105	3.98618	12.0276	-42.0276	-36.0829	0	-13.1727	0	0	0	0	0	0	0	0	-127	127	127	127	
0	1	0	-0	0	23.7476	10	-10	0	-30	0	0	-37.4953	4.06307	11.8738	-41.8738	-35.6215	0	-13.2189	0	0	0	0	0	0	0	0	-127	127	127	127	
0	1	0	-0	0	23.4382	10	-10	0	-30	0	0	-36.8763	4.14045	11.7191	-41.7191	-35.1573	0	-13.2587	0	0	0	0	0	0	0	0	-127	127	127	127	
0	1	0	-0	0	23.1287	10	-10	0	-30	0	0	-36.2574	4.21783	11.5644	-41.5644	-34.6931	0	-13.2984	0	0	0	0	0	0	0	0	-127	127	127	127	
0	1	0	-0	0	22.8177	10	-10	0	-30	0	0	-35.6354	4.29558	11.4089	-41.4089	-34.2265	0	-13.3316	0	0	0	0	0	0	0	0	-127	127	127	127	
0	1	0	-0	0	22.5067	10	-10	0	-30	0	0	-35.0133	4.37333	11.2533	-41.2534	-33.76	0	-13.3648	0	0	0	0	0	0	0	0	-127	127	127	127	
0	1	0	-0	0	22.1944	10	-10	0	-30	0	0	-34.3888	4.4514	11.0972	-41.0972	-33.2916	0	-13.3913	0	0	0	0	0	0	0	0	-127	127	127	127	
0	1	0	-0	0	21.8822	10	-10	0	-30	0	0	-33.7643	4.52946	10.9411	-40.9411	-32.8233	0	-13.4179	0	0	0	0	0	0	0	0	-127	127	127	127	
0	1	0	-0	0	21.569	10	-10	0	-30	0	0	-33.138	4.60776	10.7845	-40.7845	-32.3535	0	-13.4379	0	0	0	0	0	0	0	63.5	-127	127	127	127	
0	1	0	-0	0	21.2558	10	-10	0	-30	0	0	-32.5116	4.68605	10.6279	-40.6279	-31.8837	0	-13.4578	0	0	0	0	0	0	0	127	-127	127	127	127	
0	1	0	-0	0	20.942	10	-10	0	-30	0	0	-31.884	4.76449	10.471	-40.471	-31.413	0	-13.4711	0	0	0	0	0	0	0	127	-127	127	127	127	
0	1	0	-0	0	20.6282	10	-10	0	-30	0	0	-31.2565	4.84293	10.3141	-40.3141	-30.9424	0	-13.4844	0	0	0	0	0	0	0	127	-127	127	127	127	
0	1	0	-0	0	20.3141	10	-10	0	-30	0	0	-30.6282	4.92145	10.1571	-40.1571	-30.4712	0	-13.4911	0	0	0	0	0	0	0	127	-127	127	127	127	
0	1	0	-0	0	20	10	-10	0	-30	0	0	-30	4.99997	10	-40	-30	0	-13.4977	0	0	0	0	0	0	0	127	-127	127	127	127	
0	1	0	-0	0	19.6859	10	-10	0	-30	0	0	-29.3718	5.07853	9.84296	-39.843	-29.5288	0	-13.4978	0	0	0	0	0	0	0	127	-127	127	127	127	
0	1	0	-0	0	19.3718	10	-10	0	-30	0	0	-28.7436	5.15708	9.68591	-39.6859	-29.0577	0	-13.4978	0	0	0	0	0	0	0	127	-127	127	127	127	
0	1	0	-0	0	19.058	10	-10	0	-30	0	0	-28.116	5.23552	9.529	-39.529	-28.587	0	-13.4911	0	0	0	0	0	0	0	127	-127	127	127	127	
0	1	0	-0	0	18.7442	10	-10	0	-30	0	0	-27.4884	5.31395	9.3721	-39.3721	-28.1163	0	-13.4844	0	0	0	0	0	0	0	127	-127	127	127	127	
0	1	0	-0	0	18.431	10	-10	0	-30	0	0	-26.862	5.39225	9.21551	-39.2155	-27.6465	0	-13.4712	0	0	0	0	0	0	0	127	-127	127	127	127	
0	1	0	-0	0	18.1178	10	-10	0	-30	0	0	-26.2357	5.47054	9.05892	-39.0589	-27.1768	0	-13.4579	0	0	0	0	0	0	0	127	-127	127	127	127	
0	1	0	-0	0	17.8056	10	-10	0	-30	0	0	-25.6112	5.54861	8.90279	-38.9028	-26.7084	0	-13.4379	0	0	0	0	0	0	0	127	-127	127	127	127	
0	1	0	-0	0	17.4933	10	-10	0	-30	0	0	-24.9867	5.62667	8.74666	-38.7467	-26.24	0	-13.4179	0	0	0	0	0	0	0	127	-127	127	127	127	
0	1	0	-0	0	17.1823	10	-10	0	-30	0	0	-24.3647	5.70443	8.59116	-38.5912	-25.7735	0	-13.3913	0	0	0	0	0	0	0	127	-127	127	127	127	
0	1	0	-0	0	16.8713	10	-10	0	-30	0	0	-23.7426	5.78218	8.43566	-38.4357	-25.307	0	-13.3648	0	0	0	0	0	0	0	127	-127	127	127	127	
0	1	0	-0	0	16.5619	10	-10	0	-30	0	0	-23.1237	5.85955	8.28093	-38.2809	-24.8428	0	-13.3316	0	0	0	0	0	0	0	127	-127	127	127	127	
0	1	0	-0	0	16.2524	10	-10	0	-30	0	0	-22.5048	5.93693	8.1262	-38.1262	-24.3786	0	-13.2984	0	0	0	0	0	0	0	127	-127	127	127	127	
0	1	0	-0	0	15.9448	10	-10	0	-30	0	0	-21.8895	6.01382	7.97239	-37.9724	-23.9171	0	-13.2587	0	0	0	0	0	0	0	127	-127	127	127	127	
0	1	0	-0	0	15.6372	10	-10	0	-30	0	0	-21.2743	6.09071	7.81858	-37.8186	-23.4557	0	-13.219	0	0	0	0	0	0	0	127	-127	127	127	127	
0	1	0	-0	0	15.3317	10	-10	0	-30	0	0	-20.6634	6.16709	7.66583	-37.6658	-22.9975	0	-13.1727	0	0	0	0	0	0	0	127	-127	127	127	127	
0	1	0	-0	0	15.0262	10	-10	0	-30	0	0	-20.0524	6.24346	7.51308	-37.5131	-22.5393	0	-13.1265	0	0	0	0	0	0	0	127	-127	127	127	127	
0	1	0	-0	0	14.7232	10	-10	0	-30	0	0	-19.4464	6.31921	7.36159	-37.3616	-22.0848	0	-13.0737	0	0	0	0	0	0	0	127	-127	127	127	127	
0	1	0	-0	0	14.4202	10	-10	0	-30	0	0	-18.8403	6.39495	7.2101	-37.2101	-21.6303	0	-13.021	0	0	0	0	0	0	0	127	-127	127	127	127	
0	1	0	-0	0	14.1199	10	-10	0	-30	0	0	-18.2398	6.47001	7.05996	-37.06	-21.1799	0	-12.9618	0	0	0	0	0	0	0	127	-127	127	127	127	
0	1	0	-0	0	13.8197	10	-10	0	-30	0	0	-17.6393	6.54507	6.90981	-36.9098	-20.7295	0	-12.9027	0	0	0	0	0	0	0	127	-127	127	127	127	
0	1	0	-0	0	13.5225	10	-10	0	-30	0	0	-17.0449	6.61938	6.76122	-36.7612	-20.2837	0	-12.8372	0	0	0	0	0	0	0	127	-127	127	127	127	
0	1	0	-0	0	13.2252	10	-10	0	-30	0	0	-16.4505	6.69369	6.61262	-36.6126	-19.8379	0	-12.7717	0	0	0	0	0	0	0	127	-127	127	127	127	
0	1	0	-0	0	12.9314	10	-10	0	-30	0	0	-15.8628	6.76715	6.46569	-36.4657	-19.3971	0	-12.6998	0	0	0	0	0	0	0	127	-127	127	127	127	
0	1	0	-0	0	12.6375	10	-10	0	-30	0	0	-15.2751	6.8406	6.31875	-36.3188	-18.9563	0	-12.628	0	0	0	0	0	0	0	127	-127	127	127	127	
0	1	0	-0	0	12.3473	10	-10	0	-30	0	0	-14.6946	6.91317	6.17365	-36.1736	-18.5209	0	-12.5499	0	0	0	0	0	0	0	127	-127	127	127	127	
0	1	0	-0	0	12.057	10	-10	0	-30	0	0	-14.1141	6.98573	6.02855	-36.0285	-18.0856	0	-12.4719	0	0	0	0	0	0	0	127	-127	127	127	127	
0	1	0	-0	0	11.7707	10	-10	0	-30	0	0	-13.5415	7.05732	5.88537	-35.8853	-17.6561	0	-12.3877	0	0	0	0	0	0	0	127	-127	127	127	127	
0	1	0	-0	0	11.4844	10	-10	0	-30	0	0	-12.9688	7.12891	5.74218	-35.7422	-17.2266	0	-12.3035	0	0	0	0	0	0	0	127	-127	127	127	127	
0	1	0	-0	0	11.2023	10	-10	0	-30	0	0	-12.4046	7.19944	5.60115	-35.6011	-16.8034	0	-12.2132	0	0	0	0	0	0	0	127	-127	127	127	127	
0	1	0	-0	0	10.9202	10	-10	0	-30	0	0	-11.8404	7.26997	5.46012	-35.4601	-16.3803	0	-12.1229	0	0	0	0	0	0	0	127	-127	127	127	127	
0	1	0	-0	0	10.6425	10	-10	0	-30	0	0	-11.2851	7.33936	5.32129	-35.3213	-15.9638	0	-12.0266	0	0	0	0	0	0	0	127	-127	127	127	127	
0	1	0	-0	0	10.3649	10	-10	0	-30	0	0	-10.7298	7.40875	5.18246	-35.1825	-15.5474	0	-11.9304	0	0	0	0	0	0	0	127	-127	127	127	127	
0	1	0	-0	0	10.092	10	-10	0	-30	0	0	-10.1841	7.47698	5.04601	-35.046	-15.1381	0	-11.8282	0	0	0	0	0	0	0	127	-127	127	127	127	
0	1	0	-0	0	9.81918	10	-10	0	-30	0	0	-9.63835	7.54522	4.90956	-34.9096	-14.7287	0	-11.726	0	0	0	0	0	0	0	127	-127	127	127	127	
0	1	0	-0	0	9.55132	10	-10	0	-30	0	0	-9.10264	7.61217	4.77566	-34.7756	-14.327	0	-11.6181	0	0	0	0	0	0	0	127	-127	127	127	127	
0	1	0	-0	0	9.28346	10	-10	0	-30	0	0	-8.56692	7.67912	4.64176	-34.6417	-13.9252	0	-11.5101	0	0	0	0	0	0	0	127	-127	127	127	127	
0	1	0	-0	0	9.02091	10	-10	0	-30	0	0	-8.04181	7.74476	4.51047	-34.5105	-13.5314	0	-11.3965	0	0	0	0	0	0	0	127	-127	127	127	127	
0	1	0	-0	0	8.75835	10	-10	0	-30	0	0	-7.51669	7.81039	4.37917	-34.3792	-13.1375	0	-11.2829	0	0	0	0	0	0	0	127	-127	127	127	127	
0	1	0	-0	0	8.50132	10	-10	0	-30	0	0	-7.00266	7.87465	4.25066	-34.2507	-12.752	0	-11.1637	0	0	0	0	0	0	0	127	-127	127	127	127	
0	1	0	-0	0	8.24429	10	-10	0	-30	0	0	-6.48863	7.9389	4.12214	-34.1222	-12.3664	0	-11.0446	0	0	0	0	0	0	0	127	-127	127	127	127	
0	1	0	-0	0	7.99308	10	-10	0	-30	0	0	-5.98618	8.00173	3.99655	-33.9965	-11.9896	0	-10.9199	0	0	0	0	0	0	0	63.5	-63.5	63.5	63.5	63.5	
0	1	0	-0	0	7.74186	10	-10	0	-30	0	0	-5.48372	8.06455	3.87096	-33.8709	-11.6128	0	-10.7953	0	0	0	0	0	0	0	0	0	0	0	0	
0	1	0	-0	0	7.49669	10	-10	0	-30	0	0	-4.99338	8.12583	3.74838	-33.7483	-11.2451	0	-10.6654	0	0	0	0	0	0	0	0	0	0	0	0	
0	1	0	-0	0	7.25153	10	-10	0	-30	0	0	-4.50305	8.18711	3.62579	-33.6257	-10.8773	0	-10.5354	0	0	0	0	0	0	0	0	0	0	0	0	
0	1	0	-0	0	7.01266	10	-10	0	-30	0	0	-4.02529	8.24684	3.50633	-33.5063	-10.519	0	-10.4002	0	0	0	0	0	0	0	0	0	0	0	0	
0	1	0	-0	0	6.77379	10	-10	0	-30	0	0	-3.54753	8.30657	3.38687	-33.3869	-10.1607	0	-10.2651	0	0	0	0	0	0	0	0	0	0	0	0	
0	1	0	-0	0	6.54143	10	-10	0	-30	0	0	-3.08283	8.36464	3.2707	-33.2707	-9.81213	0	-10.1248	0	0	0	0	0	0	0	0	0	0	0	0	
0	1	0	-0	0	6.30907	10	-10	0	-30	0	0	-2.61813	8.42271	3.15453	-33.1545	-9.4636	0	-9.98459	0	0	0	0	0	0	0	0	0	0	0	0	
0	1	0	-0	0	6.08347	10	-10	0	-30	0	0	-2.16693	8.47912	3.04175	-33.0417	-9.12521	0	-9.83946	0	0	0	0	0	0	0	0	0	0	0	0	
0	1	0	-0	0	5.85786	10	-10	0	-30	0	0	-1.71572	8.53552	2.92896	-32.9289	-8.78682	0	-9.69433	0	0	0	0	0	0	0	0	0	0	0	0	
0	1	0	-0	0	5.63925	10	-10	0	-30	0	0	-1.2785	8.59018	2.81964	-32.8196	-8.45889	0	-9.54439	0	0	0	0	0	0	0	0	0	0	0	0	
0	1	0	-0	0	5.42064	10	-10	0	-30	0	0	-0.841274	8.64484	2.71032	-32.7103	-8.13096	0	-9.39445	0	0	0	0	0	0	0	0	0	0	0	0	
0	1	0	-0	0	5.20922	10	-10	0	-30	0	0	-0.418431	8.6977	2.60461	-32.6046	-7.81383	0	-9.23989	0	0	0	0	0	0	0	0	0	0	0	0	
0	1	0	-0	0	4.9978	10	-10	0	-30	0	0	0.00441178	8.75056	2.4989	-32.4989	-7.49669	0	-9.08533	0	0	0	0	0	0	0	0	0	0	0	0	
0	1	0	-0	0	4.79377	10	-10	0	-30	0	0	0.412472	8.80155	2.39688	-32.3969	-7.19065	0	-8.92625	0	0	0	0	0	0	0	0	0	0	0	0	
0	1	0	-0	0	4.58974	10	-10	0	-30	0	0	0.820533	8.85254	2.29487	-32.2949	-6.8846	0	-8.76717	0	0	0	0	0	0	0	0	0	0	0	0	
0	1	0	-0	0	4.39333	10	-10	0	-30	0	0	1.21335	8.90164	2.19666	-32.1967	-6.58999	0	-8.60379	0	0	0	0	0	0	0	0	0	0	0	0	
0	1	0	-0	0	4.19692	10	-10	0	-30	0	0	1.60617	8.95075	2.09846	-32.0985	-6.29537	0	-8.44041	0	0	0	0	0	0	0	0	0	0	0	0	
0	1	0	-0	0	4.0083	10	-10	0	-30	0	0	1.98341	8.9979	2.00415	-32.0042	-6.01245	0	-8.27288	0	0	0	0	0	0	0	0	0	0	0	0	
0	1	0	-0	0	3.81968	10	-10	0	-30	0	0	2.36064	9.04506	1.90984	-31.9099	-5.72952	0	-8.10535	0	0	0	0	0	0	0	0	0	0	0	0	
0	1	0	-0	0	3.63903	10	-10	0	-30	0	0	2.72192	9.09023	1.81951	-31.8195	-5.45857	0	-7.9338	0	0	0	0	0	0	0	0	0	0	0	0	
0	1	0	-0	0	3.45837	10	-10	0	-30	0	0	3.0832	9.13541	1.72919	-31.7292	-5.18762	0	-7.76226	0	0	0	0	0	0	0	0	0	0	0	0	
0	1	0	-0	0	3.28591	10	-10	0	-30	0	0	3.42815	9.17853	1.64296	-31.643	-4.9289	0	-7.58691	0	0	0	0	0	0	0	0	0	0	0	0	
0	1	0	-0	0	3.11345	10	-10	0	-30	0	0	3.7731	9.22164	1.55673	-31.5567	-4.67018	0	-7.41155	0	0	0	0	0	0	0	0	0	0	0	0	
0	1	0	-0	0	2.9493	10	-10	0	-30	0	0	4.10138	9.26266	1.47465	-31.4747	-4.42395	0	-7.23247	0	0	0	0	0	0	0	0	0	0	0	0	
0	1	0	-0	0	2.78515	10	-10	0	-30	0	0	4.42965	9.30369	1.39257	-31.3926	-4.17772	0	-7.0534	0	0	0	0	0	0	0	0	0	0	0	0	
0	1	0	-0	0	2.6295	10	-10	0	-30	0	0	4.74097	9.34262	1.31477	-31.3148	-3.94427	0	-6.87091	0	0	0	0	0	0	0	0	0	0	0	0	
0	1	0	-0	0	2.47386	10	-10	0	-30	0	0	5.05228	9.38155	1.23696	-31.2369	-3.71082	0	-6.68842	0	0	0	0	0	0	0	0	0	0	0	0	
0	1	0	-0	0	2.32687	10	-10	0	-30	0	0	5.34627	9.41828	1.16345	-31.1634	-3.49032	0	-6.50261	0	0	0	0	0	0	0	0	0	0	0	0	
0	1	0	-0	0	2.17988	10	-10	0	-30	0	0	5.64025	9.45501	1.08994	-31.09	-3.26981	0	-6.3168	0	0	0	0	0	0	0	0	0	0	0	0	
0	1	0	-0	0	2.04168	10	-10	0	-30	0	0	5.91668	9.48958	1.02084	-31.0209	-3.06252	0	-6.1279	0	0	0	0	0	0	0	0	0	0	0	0	
0	1	0	-0	0	1.90348	10	-10	0	-30	0	0	6.1931	9.52416	0.95174	-30.9518	-2.85522	0	-5.93899	0	0	0	0	0	0	0	0	0	0	0	0	
0	1	0	-0	0	1.77419	10	-10	0	-30	0	0	6.45165	9.55648	0.887111	-30.8871	-2.6613	0	-5.74708	0	0	0	0	0	0	0	0	0	0	0	0	
0	1	0	-0	0	1.6449	10	-10	0	-30	0	0	6.7102	9.58879	0.822481	-30.8224	-2.46739	0	-5.55517	0	0	0	0	0	0	0	0	0	0	0	0	
0	1	0	-0	0	1.5247	10	-10	0	-30	0	0	6.95064	9.61884	0.762349	-30.7623	-2.28705	0	-5.36059	0	0	0	0	0	0	0	0	0	0	0	0	
0	1	0	-0	0	1.40449	10	-10	0	-30	0	0	7.19108	9.6489	0.702217	-30.7022	-2.10671	0	-5.16602	0	0	0	0	0	0	0	0	0	0	0	0	
0	1	0	-0	0	1.29345	10	-10	0	-30	0	0	7.41316	9.67666	0.646697	-30.6467	-1.94015	0	-4.96886	0	0	0	0	0	0	0	0	0	0	0	0	
0	1	0	-0	0	1.18241	10	-10	0	-30	0	0	7.63524	9.70442	0.591178	-30.5912	-1.77359	0	-4.77171	0	0	0	0	0	0	0	0	0	0	0	0	
0	1	0	-0	0	1.08066	10	-10	0	-30	0	0	7.83875	9.72985	0.540299	-30.5403	-1.62095	0	-4.57223	0	0	0	0	0	0	0	0	0	0	0	0	
0	1	0	-0	0	0.978898	10	-10	0	-30	0	0	8.04226	9.75529	0.489421	-30.4894	-1.46832	0	-4.37276	0	0	0	0	0	0	0	0	0	0	0	0	
0	1	0	-0	0	0.886509	10	-10	0	-30	0	0	8.22702	9.77838	0.44324	-30.4433	-1.32975	0	-4.17108	0	0	0	0	0	0	0	0	0	0	0	0	
0	1	0	-0	0	0.79412	10	-10	0	-30	0	0	8.41177	9.80147	0.39706	-30.3971	-1.19118	0	-3.96939	0	0	0	0	0	0	0	0	0	0	0	0	
0	1	0	-0	0	0.711241	10	-10	0	-30	0	0	8.57755	9.82219	0.355606	-30.3556	-1.06685	0	-3.76577	0	0	0	0	0	0	0	0	0	0	0	0	
0	1	0	-0	0	0.628363	10	-10	0	-30	0	0	8.74334	9.8429	0.314153	-30.3142	-0.942516	0	-3.56214	0	0	0	0	0	0	0	0	0	0	0	0	
0	1	0	-0	0	0.555024	10	-10	0	-30	0	0	8.89001	9.86123	0.277483	-30.2775	-0.832508	0	-3.35676	0	0	0	0	0	0	0	0	0	0	0	0	
0	1	0	-0	0	0.481686	10	-10	0	-30	0	0	9.03669	9.87957	0.240814	-30.2408	-0.7225	0	-3.15138	0	0	0	0	0	0	0	0	0	0	0	0	
0	1	0	-0	0	0.417973	10	-10	0	-30	0	0	9.16409	9.8955	0.208958	-30.209	-0.62693	0	-2.94446	0	0	0	0	0	0	0	0	0	0	0	0	
0	1	0	-0	0	0.35426	10	-10	0	-30	0	0	9.29148	9.91143	0.177101	-30.1771	-0.531361	0	-2.73754	0	0	0	0	0	0	0	0	0	0	0	0	
0	1	0	-0	0	0.300259	10	-10	0	-30	0	0	9.39952	9.92495	0.150115	-30.1501	-0.450345	0	-2.52926	0	0	0	0	0	0	0	0	0	0	0	0	
0	1	0	-0	0	0.246257	10	-10	0	-30	0	0	9.50755	9.93847	0.123129	-30.1231	-0.369329	0	-2.32099	0	0	0	0	0	0	0	0	0	0	0	0	
0	1	0	-0	0	0.201996	10	-10	0	-30	0	0	9.59607	9.94953	0.100984	-30.101	-0.302951	0	-2.11155	0	0	0	0	0	0	0	0	0	0	0	0	
0	1	0	-0	0	0.157735	10	-10	0	-30	0	0	9.68459	9.96058	0.078839	-30.0789	-0.236574	0	-1.90211	0	0	0	0	0	0	0	0	0	0	0	0	
0	1	0	-0	0	0.123243	10	-10	0	-30	0	0	9.75355	9.96921	0.0616216	-30.0616	-0.184865	0	-1.69174	0	0	0	0	0	0	0	0	0	0	0	0	
0	1	0	-0	0	0.0887512	10	-10	0	-30	0	0	9.8225	9.97783	0.0444042	-30.0444	-0.133155	0	-1.48138	0	0	0	0	0	0	0	0	0	0	0	0	
0	1	0	-0	0	0.064114	10	-10	0	-30	0	0	9.87178	9.98399	0.032057	-30.032	-0.096171	0	-1.27028	0	0	0	0	0	0	0	0	0	0	0	0	
0	1	0	-0	0	0.0394768	10	-10	0	-30	0	0	9.92105	9.99015	0.0197097	-30.0197	-0.0591865	0	-1.05917	0	0	0	0	0	0	0	0	0	0	0	0	
0	1	0	-0	0	0.0246658	10	-10	0	-30	0	0	9.95064	9.99384	0.0123186	-30.0123	-0.0369844	0	-0.847548	0	0	0	0	0	0	0	0	0	0	0	0	
0	1	0	-0	0	0.00985487	10	-10	0	-30	0	0	9.98024	9.99754	0.00492744	-30.0049	-0.0147823	0	-0.635926	0	0	0	0	0	0	0	0	0	0	0	0	
0	1	0	-0	0	0.00492744	10	-10	0	-30	0	0	9.99012	9.99877	0.00246372	-30.0025	-0.00739116	0	-0.423989	0	0	0	0	0	0	0	0	0	0	0	0	
0	1	0	-0	0	0	10	-10	0	-30	0	0	10	10	0	-30	0	0	-0.212052	0	0	0	0	0	0	0	0	0	0	0	0	
0	1	0	-0	0	0	10	-10	0	-30	0	0	10	10	0	-30	0	0	-0.106026	0	0	0	0	0	0	0	0	0	0	0	0	
0	1	0	-0	0	0	10	-10	0	-30	0	0	10	10	0	-30	0	0	0	0	0	0	0	0	0	0	0	0	0	0	0	
0	1	0	-0	0	0	10	-10	0	-30	0	0	10	10	0	-30	0	0	0	0	0	0	0	0	0	0	0	0	0	0	0	
0	1	0	-0	0	0	10	-10	0	-30	0	0	10	10	0	-30	0	0	0	0	0	0	0	0	0	0	0	0	0	0	0	
0	1	0	-0	0	0	10	-10	0	-30	0	0	10	10	0	-30	0	0	0	0	0	0	0	0	0	0	0	0	0	0	0	
0	1	0	-0	0	0	10	-10	0	-30	0	0	10	10	0	-30	0	0	0	0	0	0	0	0	0	0	0	0	0	0	0	
