DATA LENGTH(steps) :
749
STEPLENGTH(sec):
0.005

dPCz,	PEL_Q0,	PEL_Qx,	PEL_Qy,	PEL_Qz,	WST,	RSP,	RSR,	RSY,	REB,	RWY,	RWP,	LSP,	LSR,	LSY,	LEB,	LWY,	LWP,	NKY,	NK1,	NK2,	RF1,	RF2,	RF3,	RF4,	RF5,	LF1,	LF2,	LF3,	LF4,	LF5,

0	1	0	-0	0	0	10	-10	0	-30	0	0	10	10	0	-30	0	0	0	0	0	0	0	0	0	0	0	0	0	0	0	
0	1	0	-0	0	0	10	-10	0	-30	0	0	10	10	0	-30	0	0	0	0	0	0	0	0	0	0	0	0	0	0	0	
0	1	0	-0	0	0	10	-10	0	-30	0	0	10	10	0	-30	0	0	0	0	0	0	0	0	0	0	0	0	0	0	0	
0	1	0	-0	0	0	10	-10	0	-30	0	0	10	10	0	-30	0	0	0	0	0	0	0	0	0	0	0	0	0	0	0	
0	1	0	-0	0	0	10	-10	0	-30	0	0	10	10	0	-30	0	0	0	0	0	0	0	0	0	0	0	0	0	0	0	
0	1	0	-0	0	0	10	-10	0	-30	0	0	10	10	0	-30	0	0	0	0	0	0	0	0	0	0	0	0	0	0	0	
0	1	0	-0	0	0	10	-10	0	-30	0	0	10	10	0	-30	0	0	0	0	0	0	0	0	0	0	0	0	0	0	0	
0	1	0	-0	0	0	10	-10	0	-30	0	0	10	10	0	-30	0	0	0	0	0	0	0	0	0	0	0	0	0	0	0	
0	1	0	-0	0	0	10	-10	0	-30	0	0	10	10	0	-30	0	0	0	0	0	0	0	0	0	0	0	0	0	0	0	
0	1	0	-0	0	0	10	-10	0	-30	0	0	10	10	0	-30	0	0	0	0	0	0	0	0	0	0	0	0	0	0	0	
0	1	0	-0	0	0	10	-10	0	-30	0	0	10	10	0	-30	0	0	0	0	0	0	0	0	0	0	0	0	0	0	0	
0	1	0	-0	0	0	10	-10	0	-30	0	0	10	10	0	-30	0	0	0	0	0	0	0	0	0	0	0	0	0	0	0	
0	1	0	-0	0	0	10	-10	0	-30	0	0	10	10	0	-30	0	0	0	0	0	0	0	0	0	0	0	0	0	0	0	
0	1	0	-0	0	0	10	-10	0	-30	0	0	10	10	0	-30	0	0	0	0	0	0	0	0	0	0	0	0	0	0	0	
0	1	0	-0	0	0	10	-10	0	-30	0	0	10	10	0	-30	0	0	0	0	0	0	0	0	0	0	0	0	0	0	0	
0	1	0	-0	0	0	10	-10	0	-30	0	0	10	10	0	-30	0	0	0	0	0	0	0	0	0	0	0	0	0	0	0	
0	1	0	-0	0	0	10	-10	0	-30	0	0	10	10	0	-30	0	0	0	0	0	0	0	0	0	0	0	0	0	0	0	
0	1	0	-0	0	0	10	-10	0	-30	0	0	10	10	0	-30	0	0	0	0	0	0	0	0	0	0	0	0	0	0	0	
0	1	0	-0	0	0	10	-10	0	-30	0	0	10	10	0	-30	0	0	0	0	0	0	0	0	0	0	0	0	0	0	0	
0	1	0	-0	0	0	10	-10	0	-30	0	0	10	10	0	-30	0	0	0	0	0	0	0	0	0	0	0	0	0	0	0	
0	1	0	-0	0	0	10	-10	0	-30	0	0	10	10	0	-30	0	0	0	0	0	0	0	0	0	0	0	0	0	0	0	
0	1	0	-0	0	0	10	-10	0	-30	0	0	10	10	0	-30	0	0	0	0	0	0	0	0	0	0	0	0	0	0	0	
0	1	0	-0	0	0	10	-10	0	-30	0	0	10	10	0	-30	0	0	0	0	0	0	0	0	0	0	0	0	0	0	0	
0	1	0	-0	0	0	10	-10	0	-30	0	0	10	10	0	-30	0	0	0	0	0	0	0	0	0	0	0	0	0	0	0	
0	1	0	-0	0	0	10	-10	0	-30	0	0	10	10	0	-30	0	0	0	0	0	0	0	0	0	0	0	0	0	0	0	
0	1	0	-0	0	0	10	-10	0	-30	0	0	10	10	0	-30	0	0	0	0	0	0	0	0	0	0	0	0	0	0	0	
0	1	0	-0	0	0	10	-10	0	-30	0	0	10	10	0	-30	0	0	0	0	0	0	0	0	0	0	0	0	0	0	0	
0	1	0	-0	0	0	10	-10	0	-30	0	0	10	10	0	-30	0	0	0	0	0	0	0	0	0	0	0	0	0	0	0	
0	1	0	-0	0	0	10	-10	0	-30	0	0	10	10	0	-30	0	0	0	0	0	0	0	0	0	0	0	0	0	0	0	
0	1	0	-0	0	0	10	-10	0	-30	0	0	10	10	0	-30	0	0	0	0	0	0	0	0	0	0	0	0	0	0	0	
0	1	0	-0	0	0	10	-10	0	-30	0	0	10	10	0	-30	0	0	0	0	0	0	0	0	0	0	0	0	0	0	0	
0	1	0	-0	0	0	10	-10	0	-30	0	0	10	10	0	-30	0	0	0	0	0	0	0	0	0	0	0	0	0	0	0	
0	1	0	-0	0	0	10	-10	0	-30	0	0	10	10	0	-30	0	0	0	0	0	0	0	0	0	0	0	0	0	0	0	
0	1	0	-0	0	0	10	-10	0	-30	0	0	10	10	0	-30	0	0	0	0	0	0	0	0	0	0	0	0	0	0	0	
0	1	0	-0	0	0	10	-10	0	-30	0	0	10	10	0	-30	0	0	0	0	0	0	0	0	0	0	0	0	0	0	0	
0	1	0	-0	0	0	10	-10	0	-30	0	0	10	10	0	-30	0	0	0	0	0	0	0	0	0	0	0	0	0	0	0	
0	1	0	-0	0	0	10	-10	0	-30	0	0	10	10	0	-30	0	0	0	0	0	0	0	0	0	0	0	0	0	0	0	
0	1	0	-0	0	0	10	-10	0	-30	0	0	10	10	0	-30	0	0	0	0	0	0	0	0	0	0	0	0	0	0	0	
0	1	0	-0	0	0	10	-10	0	-30	0	0	10	10	0	-30	0	0	0	0	0	0	0	0	0	0	0	0	0	0	0	
0	1	0	-0	0	0	10	-10	0	-30	0	0	10	10	0	-30	0	0	0	0	0	0	0	0	0	0	0	0	0	0	0	
0	1	0	-0	0	0	10	-10	0	-30	0	0	10	10	0	-30	0	0	0	0	0	0	0	0	0	0	0	0	0	0	0	
0	1	0	-0	0	0	10	-10	0	-30	0	0	10	10	0	-30	0	0	0	0	0	0	0	0	0	0	0	0	0	0	0	
0	1	0	-0	0	0	10	-10	0	-30	0	0	10	10	0	-30	0	0	0	0	0	0	0	0	0	0	0	0	0	0	0	
0	1	0	-0	0	0	10	-10	0	-30	0	0	10	10	0	-30	0	0	0	0	0	0	0	0	0	0	0	0	0	0	0	
0	1	0	-0	0	0	10	-10	0	-30	0	0	10	10	0	-30	0	0	0	0	0	0	0	0	0	0	0	0	0	0	0	
0	1	0	-0	0	0	10	-10	0	-30	0	0	10	10	0	-30	0	0	0	0	0	0	0	0	0	0	0	0	0	0	0	
0	1	0	-0	0	0	10	-10	0	-30	0	0	10	10	0	-30	0	0	0	0	0	0	0	0	0	0	0	0	0	0	0	
0	1	0	-0	0	0	10	-10	0	-30	0	0	10	10	0	-30	0	0	0	0	0	0	0	0	0	0	0	0	0	0	0	
0	1	0	-0	0	0	10	-10	0	-30	0	0	10	10	0	-30	0	0	0	0	0	0	0	0	0	0	0	0	0	0	0	
0	1	0	-0	0	0	10	-10	0	-30	0	0	10	10	0	-30	0	0	0	0	0	0	0	0	0	0	0	0	0	0	0	
0	1	0	-0	0	0	10	-10	0	-30	0	0	10	10	0	-30	0	0	0	0	0	0	0	0	0	0	0	0	0	0	0	
0	1	0	-0	0	0	10	-10	0	-30	0	0	10	10	0	-30	0	0	0	0	0	0	0	0	0	0	0	0	0	0	0	
0	1	0	-0	0	0	10	-10	0	-30	0	0	10	10	0	-30	0	0	0	0	0	0	0	0	0	0	0	0	0	0	0	
0	1	0	-0	0	0	10	-10	0	-30	0	0	10	10	0	-30	0	0	0	0	0	0	0	0	0	0	0	0	0	0	0	
0	1	0	-0	0	0	10	-10	0	-30	0	0	10	10	0	-30	0	0	0	0	0	0	0	0	0	0	0	0	0	0	0	
0	1	0	-0	0	0	10	-10	0	-30	0	0	10	10	0	-30	0	0	0	0	0	0	0	0	0	0	0	0	0	0	0	
0	1	0	-0	0	0	10	-10	0	-30	0	0	10	10	0	-30	0	0	0	0	0	0	0	0	0	0	0	0	0	0	0	
0	1	0	-0	0	0	10	-10	0	-30	0	0	10	10	0	-30	0	0	0	0	0	0	0	0	0	0	0	0	0	0	0	
0	1	0	-0	0	0	10	-10	0	-30	0	0	10	10	0	-30	0	0	0	0	0	0	0	0	0	0	0	0	0	0	0	
0	1	0	-0	0	0	10	-10	0	-30	0	0	10	10	0	-30	0	0	0	0	0	0	0	0	0	0	0	0	0	0	0	
0	1	0	-0	0	0	10	-10	0	-30	0	0	10	10	0	-30	0	0	0	0	0	0	0	0	0	0	0	0	0	0	0	
0	1	0	-0	0	0	10	-10	0	-30	0	0	10	10	0	-30	0	0	0	0	0	0	0	0	0	0	0	0	0	0	0	
0	1	0	-0	0	0	10	-10	0	-30	0	0	10	10	0	-30	0	0	0	0	0	0	0	0	0	0	0	0	0	0	0	
0	1	0	-0	0	0	10	-10	0	-30	0	0	10	10	0	-30	0	0	0	0	0	0	0	0	0	0	0	0	0	0	0	
0	1	0	-0	0	0	10	-10	0	-30	0	0	10	10	0	-30	0	0	0	0	0	0	0	0	0	0	0	0	0	0	0	
0	1	0	-0	0	0	10	-10	0	-30	0	0	10	10	0	-30	0	0	0	0	0	0	0	0	0	0	0	0	0	0	0	
0	1	0	-0	0	0	10	-10	0	-30	0	0	10	10	0	-30	0	0	0	0	0	0	0	0	0	0	0	0	0	0	0	
0	1	0	-0	0	0	10	-10	0	-30	0	0	10	10	0	-30	0	0	0	0	0	0	0	0	0	0	0	0	0	0	0	
0	1	0	-0	0	0	10	-10	0	-30	0	0	10	10	0	-30	0	0	0	0	0	0	0	0	0	0	0	0	0	0	0	
0	1	0	-0	0	0	10	-10	0	-30	0	0	10	10	0	-30	0	0	0	0	0	0	0	0	0	0	0	0	0	0	0	
0	1	0	-0	0	0	10	-10	0	-30	0	0	10	10	0	-30	0	0	0	0	0	0	0	0	0	0	0	0	0	0	0	
0	1	0	-0	0	0	10	-10	0	-30	0	0	10	10	0	-30	0	0	0	0	0	0	0	0	0	0	0	0	0	0	0	
0	1	0	-0	0	0	10	-10	0	-30	0	0	10	10	0	-30	0	0	0	0	0	0	0	0	0	0	0	0	0	0	0	
0	1	0	-0	0	0	10	-10	0	-30	0	0	10	10	0	-30	0	0	0	0	0	0	0	0	0	0	0	0	0	0	0	
0	1	0	-0	0	0	10	-10	0	-30	0	0	10	10	0	-30	0	0	0	0	0	0	0	0	0	0	0	0	0	0	0	
0	1	0	-0	0	0	10	-10	0	-30	0	0	10	10	0	-30	0	0	0	0	0	0	0	0	0	0	0	0	0	0	0	
0	1	0	-0	0	0	10	-10	0	-30	0	0	10	10	0	-30	0	0	0	0	0	0	0	0	0	0	0	0	0	0	0	
0	1	0	-0	0	0	10	-10	0	-30	0	0	10	10	0	-30	0	0	0	0	0	0	0	0	0	0	0	0	0	0	0	
0	1	0	-0	0	0	10	-10	0	-30	0	0	10	10	0	-30	0	0	0	0	0	0	0	0	0	0	0	0	0	0	0	
0	1	0	-0	0	0	10	-10	0	-30	0	0	10	10	0	-30	0	0	0	0	0	0	0	0	0	0	0	0	0	0	0	
0	1	0	-0	0	0	10	-10	0	-30	0	0	10	10	0	-30	0	0	0	0	0	0	0	0	0	0	0	0	0	0	0	
0	1	0	-0	0	0	10	-10	0	-30	0	0	10	10	0	-30	0	0	0	0	0	0	0	0	0	0	0	0	0	0	0	
0	1	0	-0	0	0	10	-10	0	-30	0	0	10	10	0	-30	0	0	0	0	0	0	0	0	0	0	0	0	0	0	0	
0	1	0	-0	0	0	10	-10	0	-30	0	0	10	10	0	-30	0	0	0	0	0	0	0	0	0	0	0	0	0	0	0	
0	1	0	-0	0	0	10	-10	0	-30	0	0	10	10	0	-30	0	0	0	0	0	0	0	0	0	0	0	0	0	0	0	
0	1	0	-0	0	0	10	-10	0	-30	0	0	10	10	0	-30	0	0	0	0	0	0	0	0	0	0	0	0	0	0	0	
0	1	0	-0	0	0	10	-10	0	-30	0	0	10	10	0	-30	0	0	0	0	0	0	0	0	0	0	0	0	0	0	0	
0	1	0	-0	0	0	10	-10	0	-30	0	0	10	10	0	-30	0	0	0	0	0	0	0	0	0	0	0	0	0	0	0	
0	1	0	-0	0	0	10	-10	0	-30	0	0	10	10	0	-30	0	0	0	0	0	0	0	0	0	0	0	0	0	0	0	
0	1	0	-0	0	0	10	-10	0	-30	0	0	10	10	0	-30	0	0	0	0	0	0	0	0	0	0	0	0	0	0	0	
0	1	0	-0	0	0	10	-10	0	-30	0	0	10	10	0	-30	0	0	0	0	0	0	0	0	0	0	0	0	0	0	0	
0	1	0	-0	0	0	10	-10	0	-30	0	0	10	10	0	-30	0	0	0	0	0	0	0	0	0	0	0	0	0	0	0	
0	1	0	-0	0	0	10	-10	0	-30	0	0	10	10	0	-30	0	0	0	0	0	0	0	0	0	0	0	0	0	0	0	
0	1	0	-0	0	0	10	-10	0	-30	0	0	10	10	0	-30	0	0	0	0	0	0	0	0	0	0	0	0	0	0	0	
0	1	0	-0	0	0	10	-10	0	-30	0	0	10	10	0	-30	0	0	0	0	0	0	0	0	0	0	0	0	0	0	0	
0	1	0	-0	0	0	10	-10	0	-30	0	0	10	10	0	-30	0	0	0	0	0	0	0	0	0	0	0	0	0	0	0	
0	1	0	-0	0	0	10	-10	0	-30	0	0	10	10	0	-30	0	0	0	0	0	0	0	0	0	0	0	0	0	0	0	
0	1	0	-0	0	0	10	-10	0	-30	0	0	10	10	0	-30	0	0	0	0	0	0	0	0	0	0	0	0	0	0	0	
0	1	0	-0	0	0	10	-10	0	-30	0	0	10	10	0	-30	0	0	0	0	0	0	0	0	0	0	0	0	0	0	0	
0	1	0	-0	0	0	10	-10	0	-30	0	0	10	10	0	-30	0	0	0	0	0	0	0	0	0	0	0	0	0	0	0	
0	1	0	-0	0	0	10	-10	0	-30	0	0	10	10	0	-30	0	0	0	0	0	0	0	0	0	0	0	0	0	0	0	
0	1	0	-0	0	0	10	-10	0	-30	0	0	10	10	0	-30	0	0	0	0	0	0	0	0	0	0	0	0	0	0	0	
0	1	0	-0	0	0	10	-10	0	-30	0	0	10	10	0	-30	0	0	0	0	0	0	0	0	0	0	0	0	0	0	0	
0	1	0	-0	0	0	10	-10	0	-30	0	0	9.99384	9.99754	-0.0061593	-30.0068	0.00492744	0	0	0	0	0	0	0	0	0	0	0	0	0	0	
0	1	0	-0	0	0	10	-10	0	-30	0	0	9.98769	9.99508	-0.0123186	-30.0136	0.00985487	0	0	0	0	0	0	0	0	0	0	0	0	0	0	
0	1	0	-0	0	0	10	-10	0	-30	0	0	9.96918	9.98769	-0.0308251	-30.0339	0.0246658	0	0	0	0	0	0	0	0	0	0	0	0	0	0	
0	1	0	-0	0	0	10	-10	0	-30	0	0	9.95067	9.98029	-0.0493317	-30.0543	0.0394768	0	0	0	0	0	0	0	0	0	0	0	0	0	0	
0	1	0	-0	0	0	10	-10	0	-30	0	0	9.91985	9.96795	-0.0801281	-30.0882	0.064114	0	0	0	0	0	0	0	0	0	0	0	0	0	0	
0	1	0	-0	0	0	10	-10	0	-30	0	0	9.88902	9.9556	-0.110925	-30.1221	0.0887512	0	0	0	0	0	0	0	0	0	0	0	0	0	0	
0	1	0	-0	0	0	10	-10	0	-30	0	0	9.84594	9.93838	-0.15404	-30.1694	0.123215	0	0	0	0	0	0	0	0	0	0	0	0	0	0	
0	1	0	-0	0	0	10	-10	0	-30	0	0	9.80285	9.92117	-0.197155	-30.2168	0.157678	0	0	0	0	0	0	0	0	0	0	0	0	0	0	
0	1	0	-0	0	0	10	-10	0	-30	0	0	9.74753	9.89902	-0.252474	-30.2777	0.201968	0	0	0	0	0	0	0	0	0	0	0	0	0	0	
0	1	0	-0	0	0	10	-10	0	-30	0	0	9.69221	9.87688	-0.307793	-30.3386	0.246257	0	0	0	0	0	0	0	0	0	0	0	0	0	0	
0	1	0	-0	0	0	10	-10	0	-30	0	0	9.62469	9.84986	-0.375316	-30.4128	0.300259	0	0	0	0	0	0	0	0	0	0	0	0	0	0	
0	1	0	-0	0	0	10	-10	0	-30	0	0	9.55717	9.82285	-0.442839	-30.4871	0.35426	0	0	0	0	0	0	0	0	0	0	0	0	0	0	
0	1	0	-0	0	0	10	-10	0	-30	0	0	9.47755	9.79102	-0.522452	-30.5747	0.417973	0	0	0	0	0	0	0	0	0	0	0	0	0	0	
0	1	0	-0	0	0	10	-10	0	-30	0	0	9.39794	9.75919	-0.602064	-30.6623	0.481686	0	0	0	0	0	0	0	0	0	0	0	0	0	0	
0	1	0	-0	0	0	10	-10	0	-30	0	0	9.30627	9.72252	-0.693737	-30.7631	0.555024	0	0	0	0	0	0	0	0	0	0	0	0	0	0	
0	1	0	-0	0	0	10	-10	0	-30	0	0	9.21459	9.68585	-0.785411	-30.864	0.628363	0	0	0	0	0	0	0	0	0	0	0	0	0	0	
0	1	0	-0	0	0	10	-10	0	-30	0	0	9.11097	9.6444	-0.88903	-30.9779	0.711241	0	0	0	0	0	0	0	0	0	0	0	0	0	0	
0	1	0	-0	0	0	10	-10	0	-30	0	0	9.00735	9.60294	-0.992649	-31.0919	0.79412	0	0	0	0	0	0	0	0	0	0	0	0	0	0	
0	1	0	-0	0	0	10	-10	0	-30	0	0	8.89188	9.55676	-1.10813	-31.2189	0.88648	0	0	0	0	0	0	0	0	0	0	0	0	0	0	
0	1	0	-0	0	0	10	-10	0	-30	0	0	8.7764	9.51058	-1.22361	-31.3459	0.978841	0	0	0	0	0	0	0	0	0	0	0	0	0	0	
0	1	0	-0	0	0	10	-10	0	-30	0	0	8.6492	9.45971	-1.35081	-31.4859	1.0806	0	0	0	0	0	0	0	0	0	0	0	0	0	0	
0	1	0	-0	0	0	10	-10	0	-30	0	0	8.522	9.40883	-1.478	-31.6258	1.18236	0	0	0	0	0	0	0	0	0	0	0	0	0	0	
0	1	0	-0	0	0	10	-10	0	-30	0	0	8.3832	9.35331	-1.6168	-31.7785	1.29342	0	0	0	0	0	0	0	0	0	0	0	0	0	0	
0	1	0	-0	0	0	10	-10	0	-30	0	0	8.2444	9.29779	-1.7556	-31.9312	1.40449	0	0	0	0	0	0	0	0	0	0	0	0	0	0	
0	1	0	-0	0	0	10	-10	0	-30	0	0	8.09415	9.23766	-1.90586	-32.0965	1.5247	0	0	0	0	0	0	0	0	0	0	0	0	0	0	
0	1	0	-0	0	0	10	-10	0	-30	0	0	7.94389	9.17752	-2.05612	-32.2618	1.6449	0	0	0	0	0	0	0	0	0	0	0	0	0	0	
0	1	0	-0	0	0	10	-10	0	-30	0	0	7.78229	9.11289	-2.21772	-32.4395	1.77419	0	0	0	0	0	0	0	0	0	0	0	0	0	0	
0	1	0	-0	0	0	10	-10	0	-30	0	0	7.62068	9.04826	-2.37932	-32.6173	1.90348	0	0	0	0	0	0	0	0	0	0	0	0	0	0	
0	1	0	-0	0	0	10	-10	0	-30	0	0	7.44794	8.97917	-2.55207	-32.8073	2.04168	0	0	0	0	0	0	0	0	0	0	0	0	0	0	
0	1	0	-0	0	0	10	-10	0	-30	0	0	7.27519	8.91007	-2.72482	-32.9973	2.17988	0	0	0	0	0	0	0	0	0	0	0	0	0	0	
0	1	0	-0	0	0	10	-10	0	-30	0	0	7.09144	8.83656	-2.90856	-33.1994	2.32687	0	0	0	0	0	0	0	0	0	0	0	0	0	0	
0	1	0	-0	0	0	10	-10	0	-30	0	0	6.90769	8.76305	-3.09231	-33.4015	2.47386	0	0	0	0	0	0	0	0	0	0	0	0	0	0	
0	1	0	-0	0	0	10	-10	0	-30	0	0	6.71312	8.68524	-3.28689	-33.6156	2.6295	0	0	0	0	0	0	0	0	0	0	0	0	0	0	
0	1	0	-0	0	0	10	-10	0	-30	0	0	6.51854	8.60743	-3.48146	-33.8296	2.78515	0	0	0	0	0	0	0	0	0	0	0	0	0	0	
0	1	0	-0	0	0	10	-10	0	-30	0	0	6.31336	8.52535	-3.68664	-34.0553	2.9493	0	0	0	0	0	0	0	0	0	0	0	0	0	0	
0	1	0	-0	0	0	10	-10	0	-30	0	0	6.10819	8.44328	-3.89182	-34.281	3.11345	0	0	0	0	0	0	0	0	0	0	0	0	0	0	
0	1	0	-0	0	0	10	-10	0	-30	0	0	5.89261	8.35705	-4.10739	-34.5181	3.28591	0	0	0	0	0	0	0	0	0	0	0	0	0	0	
0	1	0	-0	0	0	10	-10	0	-30	0	0	5.67704	8.27082	-4.32297	-34.7553	3.45837	0	0	0	0	0	0	0	0	0	0	0	0	0	0	
0	1	0	-0	0	0	10	-10	0	-30	0	0	5.45124	8.18049	-4.54877	-35.0037	3.63903	0	0	0	0	0	0	0	0	0	0	0	0	0	0	
0	1	0	-0	0	0	10	-10	0	-30	0	0	5.22543	8.09016	-4.77457	-35.252	3.81968	0	0	0	0	0	0	0	0	0	0	0	0	0	0	
0	1	0	-0	0	0	10	-10	0	-30	0	0	4.98966	7.99586	-5.01034	-35.5114	4.0083	0	0	0	0	0	0	0	0	0	0	0	0	0	0	
0	1	0	-0	0	0	10	-10	0	-30	0	0	4.75389	7.90155	-5.24612	-35.7707	4.19692	0	0	0	0	0	0	0	0	0	0	0	0	0	0	
0	1	0	-0	0	0	10	-10	0	-30	0	0	4.50835	7.80334	-5.49163	-36.0408	4.39333	0	0	0	0	0	0	0	0	0	0	0	0	0	0	
0	1	0	-0	0	0	10	-10	0	-30	0	0	4.26281	7.70514	-5.73714	-36.3109	4.58974	0	0	0	0	0	0	0	0	0	0	0	0	0	0	
0	1	0	-0	0	0	10	-10	0	-30	0	0	4.00778	7.60312	-5.99219	-36.5914	4.79377	0	0	0	0	0	0	0	0	0	0	0	0	0	0	
0	1	0	-0	0	0	10	-10	0	-30	0	0	3.75276	7.50111	-6.24725	-36.872	4.9978	0	0	0	0	0	0	0	0	0	0	0	0	0	0	
0	1	0	-0	0	0	10	-10	0	-30	0	0	3.48848	7.3954	-6.51152	-37.1626	5.20922	0	0	0	0	0	0	0	0	0	0	0	0	0	0	
0	1	0	-0	0	0	10	-10	0	-30	0	0	3.22421	7.28968	-6.7758	-37.4533	5.42064	0	0	0	0	0	0	0	0	0	0	0	0	0	0	
0	1	0	-0	0	0	10	-10	0	-30	0	0	2.95093	7.18036	-7.04907	-37.7539	5.63925	0	0	0	0	0	0	0	0	0	0	0	0	0	0	
0	1	0	-0	0	0	10	-10	0	-30	0	0	2.67766	7.07104	-7.32234	-38.0545	5.85786	0	0	0	0	0	0	0	0	0	0	0	0	0	0	
0	1	0	-0	0	0	10	-10	0	-30	0	0	2.39568	6.95826	-7.60432	-38.3647	6.08347	0	0	0	0	0	0	0	0	0	0	0	0	0	0	
0	1	0	-0	0	0	10	-10	0	-30	0	0	2.1137	6.84547	-7.88631	-38.6749	6.30907	0	0	0	0	0	0	0	0	0	0	0	0	0	0	
0	1	0	-0	0	0	10	-10	0	-30	0	0	1.82324	6.7293	-8.17677	-38.9944	6.5414	0	0	0	0	0	0	0	0	0	0	0	0	0	0	
0	1	0	-0	0	0	10	-10	0	-30	0	0	1.53278	6.61314	-8.46723	-39.3139	6.77374	0	0	0	0	0	0	0	0	0	0	0	0	0	0	
0	1	0	-0	0	0	10	-10	0	-30	0	0	1.23418	6.49367	-8.76582	-39.6424	7.01263	0	0	0	0	0	0	0	0	0	0	0	0	0	0	
0	1	0	-0	0	0	10	-10	0	-30	0	0	0.935583	6.37421	-9.06442	-39.9709	7.25153	0	0	0	0	0	0	0	0	0	0	0	0	0	0	
0	1	0	-0	0	0	10	-10	0	-30	0	0	0.629136	6.25163	-9.37087	-40.308	7.49669	0	0	0	0	0	0	0	0	0	0	0	0	0	0	
0	1	0	-0	0	0	10	-10	0	-30	0	0	0.32269	6.12904	-9.67731	-40.6451	7.74186	0	0	0	0	0	0	0	0	0	0	0	0	0	0	
0	1	0	-0	0	0	10	-10	0	-30	0	0	0.00865166	6.00345	-9.99135	-40.9905	7.99308	0	0	0	0	0	0	0	0	0	0	0	0	0	0	
0	1	0	-0	0	0	10	-10	0	-30	0	0	-0.305387	5.87786	-10.3054	-41.3359	8.24429	0	0	0	0	0	0	0	0	0	0	0	0	0	0	
0	1	0	-0	0	0	10	-10	0	-30	0	0	-0.626644	5.74934	-10.6266	-41.6893	8.50132	0	0	0	0	0	0	0	0	0	63.5	63.5	63.5	63.5	63.5	
0	1	0	-0	0	0	10	-10	0	-30	0	0	-0.947901	5.62083	-10.9479	-42.0427	8.75835	0	0	0	0	0	0	0	0	0	127	127	127	127	127	
0	1	0	-0	0	0	10	-10	0	-30	0	0	-1.27612	5.48954	-11.2761	-42.4037	9.02091	0	0	0	0	0	0	0	0	0	127	127	127	127	127	
0	1	0	-0	0	0	10	-10	0	-30	0	0	-1.60434	5.35824	-11.6043	-42.7648	9.28346	0	0	0	0	0	0	0	0	0	127	127	127	127	127	
0	1	0	-0	0	0	10	-10	0	-30	0	0	-1.93915	5.22434	-11.9392	-43.1331	9.55132	0	0	0	0	0	0	0	0	0	127	127	127	127	127	
0	1	0	-0	0	0	10	-10	0	-30	0	0	-2.27395	5.09044	-12.274	-43.5014	9.81918	0	0	0	0	0	0	0	0	0	127	127	127	127	127	
0	1	0	-0	0	0	10	-10	0	-30	0	0	-2.61507	4.95399	-12.6151	-43.8766	10.092	0	0	0	0	0	0	0	0	0	127	127	127	127	127	
0	1	0	-0	0	0	10	-10	0	-30	0	0	-2.95618	4.81754	-12.9562	-44.2518	10.3649	0	0	0	0	0	0	0	0	0	127	127	127	127	127	
0	1	0	-0	0	0	10	-10	0	-30	0	0	-3.30322	4.67872	-13.3032	-44.6335	10.6425	0	0	0	0	0	0	0	0	0	127	127	127	127	127	
0	1	0	-0	0	0	10	-10	0	-30	0	0	-3.65026	4.53989	-13.6502	-45.0152	10.9202	0	0	0	0	0	0	0	0	0	127	127	127	127	127	
0	1	0	-0	0	0	10	-10	0	-30	0	0	-4.00288	4.39885	-14.0029	-45.4032	11.2023	0	0	0	0	0	0	0	0	0	127	127	127	127	127	
0	1	0	-0	0	0	10	-10	0	-30	0	0	-4.35551	4.25782	-14.3555	-45.7911	11.4844	0	0	0	0	0	0	0	0	0	127	127	127	127	127	
0	1	0	-0	0	0	10	-10	0	-30	0	0	-4.71341	4.11464	-14.7134	-46.1848	11.7707	0	0	0	0	0	0	0	0	0	127	127	127	127	127	
0	1	0	-0	0	0	10	-10	0	-30	0	0	-5.07131	3.97146	-15.0713	-46.5784	12.057	0	0	0	0	0	0	0	0	0	127	127	127	127	127	
0	1	0	-0	0	0	10	-10	0	-30	0	0	-5.4341	3.82636	-15.4341	-46.9775	12.3473	0	0	0	0	0	0	0	0	0	127	127	127	127	127	
0	1	0	-0	0	0	10	-10	0	-30	0	0	-5.7969	3.68125	-15.7969	-47.3766	12.6375	0	0	0	0	0	0	0	0	0	127	127	127	127	127	
0	1	0	-0	0	0	10	-10	0	-30	0	0	-6.16422	3.53432	-16.1642	-47.7806	12.9314	0	0	0	0	0	0	0	0	0	127	127	127	127	127	
0	1	0	-0	0	0	10	-10	0	-30	0	0	-6.53155	3.38738	-16.5316	-48.1847	13.2252	0	0	0	0	0	0	0	0	0	127	127	127	127	127	
0	1	0	-0	0	0	10	-10	0	-30	0	0	-6.90305	3.23879	-16.9031	-48.5934	13.5224	0	0	0	0	0	0	0	0	0	127	127	127	127	127	
0	1	0	-0	0	0	10	-10	0	-30	0	0	-7.27456	3.09019	-17.2746	-49.002	13.8196	0	0	0	0	0	0	0	0	0	127	127	127	127	127	
0	1	0	-0	0	0	10	-10	0	-30	0	0	-7.64987	2.94005	-17.6499	-49.4149	14.1199	0	0	0	0	0	0	0	0	0	127	127	127	127	127	
0	1	0	-0	0	0	10	-10	0	-30	0	0	-8.02519	2.7899	-18.0252	-49.8277	14.4202	0	0	0	0	0	0	0	0	0	127	127	127	127	127	
0	1	0	-0	0	0	10	-10	0	-30	0	0	-8.40397	2.63841	-18.404	-50.2444	14.7232	0	0	0	0	0	0	0	0	0	127	127	127	127	127	
0	1	0	-0	0	0	10	-10	0	-30	0	0	-8.78276	2.48692	-18.7828	-50.661	15.0262	0	0	0	0	0	0	0	0	0	127	127	127	127	127	
0	1	0	-0	0	0	10	-10	0	-30	0	0	-9.16457	2.33417	-19.1646	-51.081	15.3317	0	0	0	0	0	0	0	0	0	127	127	127	127	127	
0	1	0	-0	0	0	10	-10	0	-30	0	0	-9.54639	2.18142	-19.5464	-51.5011	15.6371	0	0	0	0	0	0	0	0	0	127	127	127	127	127	
0	1	0	-0	0	0	10	-10	0	-30	0	0	-9.93093	2.02761	-19.9309	-51.924	15.9447	0	0	0	0	0	0	0	0	0	127	127	127	127	127	
0	1	0	-0	0	0	10	-10	0	-30	0	0	-10.3155	1.8738	-20.3155	-52.347	16.2523	0	0	0	0	0	0	0	0	0	127	127	127	127	127	
0	1	0	-0	0	0	10	-10	0	-30	0	0	-10.7023	1.71907	-20.7023	-52.7725	16.5618	0	0	0	0	0	0	0	0	0	127	127	127	127	127	
0	1	0	-0	0	0	10	-10	0	-30	0	0	-11.0891	1.56435	-21.0891	-53.198	16.8713	0	0	0	0	0	0	0	0	0	127	127	127	127	127	
0	1	0	-0	0	0	10	-10	0	-30	0	0	-11.4779	1.40885	-21.4779	-53.6257	17.1823	0	0	0	0	0	0	0	0	0	127	127	127	127	127	
0	1	0	-0	0	0	10	-10	0	-30	0	0	-11.8666	1.25335	-21.8666	-54.0534	17.4933	0	0	0	0	0	0	0	0	0	127	127	127	127	127	
0	1	0	-0	0	0	10	-10	0	-30	0	0	-12.257	1.09721	-22.257	-54.4827	17.8056	0	0	0	0	0	0	0	0	0	127	127	127	127	127	
0	1	0	-0	0	0	10	-10	0	-30	0	0	-12.6473	0.941083	-22.6473	-54.912	18.1178	0	0	0	0	0	0	0	0	0	127	127	127	127	127	
0	1	0	-0	0	0	10	-10	0	-30	0	0	-13.0388	0.784494	-23.0388	-55.3426	18.431	0	0	0	0	0	0	0	0	0	127	127	127	127	127	
0	1	0	-0	0	0	10	-10	0	-30	0	0	-13.4302	0.627904	-23.4302	-55.7733	18.7442	0	0	0	0	0	0	0	0	0	127	127	127	127	127	
0	1	0	-0	0	0	10	-10	0	-30	0	0	-13.8225	0.471	-23.8225	-56.2047	19.058	0	0	0	0	0	0	0	0	0	127	127	127	127	127	
0	1	0	-0	0	0	10	-10	0	-30	0	0	-14.2147	0.314095	-24.2147	-56.6362	19.3718	0	0	0	0	0	0	0	0	0	127	127	127	127	127	
0	1	0	-0	0	0	10	-10	0	-30	0	0	-14.6074	0.157048	-24.6074	-57.0681	19.6859	0	0	0	0	0	0	0	0	0	127	127	127	127	127	
0	1	0	-0	0	0	10	-10	0	-30	0	0	-15	0	-25	-57.5	20	0	0	0	0	0	0	0	0	0	127	127	127	127	127	
0	1	0	-0	0	0	10	-10	0	-30	0	0	-15.3926	-0.157048	-25.3926	-57.9319	20.3141	0	0	0	0	0	0	0	0	0	127	127	127	127	127	
0	1	0	-0	0	0	10	-10	0	-30	0	0	-15.7853	-0.314095	-25.7853	-58.3638	20.6282	0	0	0	0	0	0	0	0	0	127	127	127	127	127	
0	1	0	-0	0	0	10	-10	0	-30	0	0	-16.1775	-0.471	-26.1775	-58.7952	20.942	0	0	0	0	0	0	0	0	0	127	127	127	127	127	
0	1	0	-0	0	0	10	-10	0	-30	0	0	-16.5698	-0.627904	-26.5698	-59.2267	21.2558	0	0	0	0	0	0	0	0	0	127	127	127	127	127	
0	1	0	-0	0	0	10	-10	0	-30	0	0	-16.9612	-0.784494	-26.9612	-59.6573	21.569	0	0	0	0	0	0	0	0	0	127	127	127	127	127	
0	1	0	-0	0	0	10	-10	0	-30	0	0	-17.3527	-0.941083	-27.3527	-60.088	21.8822	0	0	0	0	0	0	0	0	0	127	127	127	127	127	
0	1	0	-0	0	0	10	-10	0	-30	0	0	-17.743	-1.09721	-27.743	-60.5173	22.1944	0	0	0	0	0	0	0	0	0	127	127	127	127	127	
0	1	0	-0	0	0	10	-10	0	-30	0	0	-18.1333	-1.25335	-28.1333	-60.9467	22.5066	0	0	0	0	0	0	0	0	0	127	127	127	127	127	
0	1	0	-0	0	0	10	-10	0	-30	0	0	-18.5221	-1.40885	-28.5221	-61.3743	22.8177	0	0	0	0	0	0	0	0	0	127	127	127	127	127	
0	1	0	-0	0	0	10	-10	0	-30	0	0	-18.9109	-1.56435	-28.9109	-61.8019	23.1287	0	0	0	0	0	0	0	0	0	127	127	127	127	127	
0	1	0	-0	0	0	10	-10	0	-30	0	0	-19.2977	-1.71907	-29.2977	-62.2275	23.4382	0	0	0	0	0	0	0	0	0	127	127	127	127	127	
0	1	0	-0	0	0	10	-10	0	-30	0	0	-19.6845	-1.8738	-29.6845	-62.653	23.7476	0	0	0	0	0	0	0	0	0	127	127	127	127	127	
0	1	0	-0	0	0	10	-10	0	-30	0	0	-20.069	-2.02761	-30.0691	-63.0759	24.0552	0	0	0	0	0	0	0	0	0	127	127	127	127	127	
0	1	0	-0	0	0	10	-10	0	-30	0	0	-20.4536	-2.18142	-30.4536	-63.4989	24.3629	0	0	0	0	0	0	0	0	0	127	127	127	127	127	
0	1	0	-0	0	0	10	-10	0	-30	0	0	-20.8354	-2.33417	-30.8354	-63.9189	24.6683	0	0	0	0	0	0	0	0	0	127	127	127	127	127	
0	1	0	-0	0	0	10	-10	0	-30	0	0	-21.2173	-2.48692	-31.2173	-64.339	24.9738	0	0	0	0	0	0	0	0	0	127	127	127	127	127	
0	1	0	-0	0	0	10	-10	0	-30	0	0	-21.596	-2.63841	-31.596	-64.7556	25.2768	0	0	0	0	0	0	0	0	0	127	127	127	127	127	
0	1	0	-0	0	0	10	-10	0	-30	0	0	-21.9748	-2.7899	-31.9748	-65.1722	25.5798	0	0	0	0	0	0	0	0	0	127	127	127	127	127	
0	1	0	-0	0	0	10	-10	0	-30	0	0	-22.3501	-2.94005	-32.3501	-65.5851	25.8801	0	0	0	0	0	0	0	0	0	127	127	127	127	127	
0	1	0	-0	0	0	10	-10	0	-30	0	0	-22.7254	-3.09019	-32.7254	-65.998	26.1803	0	0	0	0	0	0	0	0	0	127	127	127	127	127	
0	1	0	-0	0	0	10	-10	0	-30	0	0	-23.0969	-3.23879	-33.0969	-66.4066	26.4776	0	0	0	0	0	0	0	0	0	127	127	127	127	127	
0	1	0	-0	0	0	10	-10	0	-30	0	0	-23.4685	-3.38738	-33.4684	-66.8153	26.7748	0	0	0	0	0	0	0	0	0	127	127	127	127	127	
0	1	0	-0	0	0	10	-10	0	-30	0	0	-23.8358	-3.53432	-33.8358	-67.2194	27.0686	0	0	0	0	0	0	0	0	0	63.5	63.5	63.5	63.5	63.5	
0	1	0	-0	0	0	10	-10	0	-30	0	0	-24.2031	-3.68125	-34.2031	-67.6234	27.3625	0	0	0	0	0	0	0	0	0	0	0	0	0	0	
0	1	0	-0	0	0	10	-10	0	-30	0	0	-24.5659	-3.82636	-34.5659	-68.0225	27.6527	0	0	0	0	0	0	0	0	0	0	0	0	0	0	
0	1	0	-0	0	0	10	-10	0	-30	0	0	-24.9287	-3.97146	-34.9287	-68.4215	27.9429	0	0	0	0	0	0	0	0	0	0	0	0	0	0	
0	1	0	-0	0	0	10	-10	0	-30	0	0	-25.2866	-4.11461	-35.2866	-68.8152	28.2293	0	0	0	0	0	0	0	0	0	0	0	0	0	0	
0	1	0	-0	0	0	10	-10	0	-30	0	0	-25.6445	-4.25776	-35.6444	-69.2089	28.5156	0	0	0	0	0	0	0	0	0	0	0	0	0	0	
0	1	0	-0	0	0	10	-10	0	-30	0	0	-25.9971	-4.39883	-35.9971	-69.5968	28.7977	0	0	0	0	0	0	0	0	0	0	0	0	0	0	
0	1	0	-0	0	0	10	-10	0	-30	0	0	-26.3498	-4.53989	-36.3498	-69.9847	29.0798	0	0	0	0	0	0	0	0	0	0	0	0	0	0	
0	1	0	-0	0	0	10	-10	0	-30	0	0	-26.6968	-4.67872	-36.6968	-70.3665	29.3574	0	0	0	0	0	0	0	0	0	0	0	0	0	0	
0	1	0	-0	0	0	10	-10	0	-30	0	0	-27.0438	-4.81754	-37.0438	-70.7482	29.635	0	0	0	0	0	0	0	0	0	0	0	0	0	0	
0	1	0	-0	0	0	10	-10	0	-30	0	0	-27.3849	-4.95396	-37.3849	-71.1234	29.9079	0	0	0	0	0	0	0	0	0	0	0	0	0	0	
0	1	0	-0	0	0	10	-10	0	-30	0	0	-27.726	-5.09039	-37.726	-71.4986	30.1808	0	0	0	0	0	0	0	0	0	0	0	0	0	0	
0	1	0	-0	0	0	10	-10	0	-30	0	0	-28.0608	-5.22432	-38.0608	-71.8669	30.4487	0	0	0	0	0	0	0	0	0	0	0	0	0	0	
0	1	0	-0	0	0	10	-10	0	-30	0	0	-28.3957	-5.35824	-38.3957	-72.2353	30.7166	0	0	0	0	0	0	0	0	0	0	0	0	0	0	
0	1	0	-0	0	0	10	-10	0	-30	0	0	-28.7239	-5.48954	-38.7239	-72.5963	30.9791	0	0	0	0	0	0	0	0	0	0	0	0	0	0	
0	1	0	-0	0	0	10	-10	0	-30	0	0	-29.0521	-5.62083	-39.0521	-72.9573	31.2417	0	0	0	0	0	0	0	0	0	0	0	0	0	0	
0	1	0	-0	0	0	10	-10	0	-30	0	0	-29.3733	-5.74934	-39.3733	-73.3107	31.4987	0	0	0	0	0	0	0	0	0	0	0	0	0	0	
0	1	0	-0	0	0	10	-10	0	-30	0	0	-29.6946	-5.87786	-39.6946	-73.6641	31.7557	0	0	0	0	0	0	0	0	0	0	0	0	0	0	
0	1	0	-0	0	0	10	-10	0	-30	0	0	-30.0086	-6.00345	-40.0086	-74.0095	32.0069	0	0	0	0	0	0	0	0	0	0	0	0	0	0	
0	1	0	-0	0	0	10	-10	0	-30	0	0	-30.3226	-6.12904	-40.3226	-74.3549	32.2582	0	0	0	0	0	0	0	0	0	0	0	0	0	0	
0	1	0	-0	0	0	10	-10	0	-30	0	0	-30.6291	-6.25163	-40.6291	-74.692	32.5033	0	0	0	0	0	0	0	0	0	0	0	0	0	0	
0	1	0	-0	0	0	10	-10	0	-30	0	0	-30.9356	-6.37421	-40.9356	-75.0292	32.7485	0	0	0	0	0	0	0	0	0	0	0	0	0	0	
0	1	0	-0	0	0	10	-10	0	-30	0	0	-31.2342	-6.49367	-41.2342	-75.3576	32.9874	0	0	0	0	0	0	0	0	0	0	0	0	0	0	
0	1	0	-0	0	0	10	-10	0	-30	0	0	-31.5328	-6.61314	-41.5328	-75.6861	33.2262	0	0	0	0	0	0	0	0	0	0	0	0	0	0	
0	1	0	-0	0	0	10	-10	0	-30	0	0	-31.8232	-6.7293	-41.8232	-76.0055	33.4586	0	0	0	0	0	0	0	0	0	0	0	0	0	0	
0	1	0	-0	0	0	10	-10	0	-30	0	0	-32.1137	-6.84547	-42.1137	-76.325	33.6909	0	0	0	0	0	0	0	0	0	0	0	0	0	0	
0	1	0	-0	0	0	10	-10	0	-30	0	0	-32.3957	-6.95826	-42.3957	-76.6352	33.9166	0	0	0	0	0	0	0	0	0	0	0	0	0	0	
0	1	0	-0	0	0	10	-10	0	-30	0	0	-32.6777	-7.07104	-42.6777	-76.9454	34.1422	0	0	0	0	0	0	0	0	0	0	0	0	0	0	
0	1	0	-0	0	0	10	-10	0	-30	0	0	-32.9509	-7.18036	-42.951	-77.246	34.3608	0	0	0	0	0	0	0	0	0	0	0	0	0	0	
0	1	0	-0	0	0	10	-10	0	-30	0	0	-33.2242	-7.28968	-43.2242	-77.5466	34.5794	0	0	0	0	0	0	0	0	0	0	0	0	0	0	
0	1	0	-0	0	0	10	-10	0	-30	0	0	-33.4885	-7.3954	-43.4885	-77.8373	34.7908	0	0	0	0	0	0	0	0	0	0	0	0	0	0	
0	1	0	-0	0	0	10	-10	0	-30	0	0	-33.7528	-7.50111	-43.7528	-78.1281	35.0022	0	0	0	0	0	0	0	0	0	0	0	0	0	0	
0	1	0	-0	0	0	10	-10	0	-30	0	0	-34.0078	-7.60312	-44.0078	-78.4086	35.2063	0	0	0	0	0	0	0	0	0	0	0	0	0	0	
0	1	0	-0	0	0	10	-10	0	-30	0	0	-34.2628	-7.70514	-44.2628	-78.6891	35.4103	0	0	0	0	0	0	0	0	0	0	0	0	0	0	
0	1	0	-0	0	0	10	-10	0	-30	0	0	-34.5083	-7.80334	-44.5083	-78.9592	35.6067	0	0	0	0	0	0	0	0	0	0	0	0	0	0	
0	1	0	-0	0	0	10	-10	0	-30	0	0	-34.7538	-7.90155	-44.7538	-79.2292	35.8031	0	0	0	0	0	0	0	0	0	0	0	0	0	0	
0	1	0	-0	0	0	10	-10	0	-30	0	0	-34.9896	-7.99586	-44.9896	-79.4886	35.9917	0	0	0	0	0	0	0	0	0	0	0	0	0	0	
0	1	0	-0	0	0	10	-10	0	-30	0	0	-35.2254	-8.09016	-45.2254	-79.7479	36.1803	0	0	0	0	0	0	0	0	0	0	0	0	0	0	
0	1	0	-0	0	0	10	-10	0	-30	0	0	-35.4512	-8.18049	-45.4512	-79.9963	36.361	0	0	0	0	0	0	0	0	0	0	0	0	0	0	
0	1	0	-0	0	0	10	-10	0	-30	0	0	-35.677	-8.27082	-45.677	-80.2447	36.5416	0	0	0	0	0	0	0	0	0	0	0	0	0	0	
0	1	0	-0	0	0	10	-10	0	-30	0	0	-35.8926	-8.35705	-45.8926	-80.4818	36.7141	0	0	0	0	0	0	0	0	0	0	0	0	0	0	
0	1	0	-0	0	0	10	-10	0	-30	0	0	-36.1082	-8.44328	-46.1082	-80.719	36.8866	0	0	0	0	0	0	0	0	0	0	0	0	0	0	
0	1	0	-0	0	0	10	-10	0	-30	0	0	-36.3134	-8.52535	-46.3134	-80.9447	37.0507	0	0	0	0	0	0	0	0	0	0	0	0	0	0	
0	1	0	-0	0	0	10	-10	0	-30	0	0	-36.5186	-8.60743	-46.5186	-81.1704	37.2148	0	0	0	0	0	0	0	0	0	0	0	0	0	0	
0	1	0	-0	0	0	10	-10	0	-30	0	0	-36.7131	-8.68524	-46.7131	-81.3844	37.3705	0	0	0	0	0	0	0	0	0	0	0	0	0	0	
0	1	0	-0	0	0	10	-10	0	-30	0	0	-36.9076	-8.76305	-46.9077	-81.5984	37.5261	0	0	0	0	0	0	0	0	0	0	0	0	0	0	
0	1	0	-0	0	0	10	-10	0	-30	0	0	-37.0914	-8.83656	-47.0914	-81.8006	37.6731	0	0	0	0	0	0	0	0	0	0	0	0	0	0	
0	1	0	-0	0	0	10	-10	0	-30	0	0	-37.2751	-8.91007	-47.2751	-82.0027	37.8201	0	0	0	0	0	0	0	0	0	0	0	0	0	0	
0	1	0	-0	0	0	10	-10	0	-30	0	0	-37.4479	-8.97917	-47.4479	-82.1927	37.9583	0	0	0	0	0	0	0	0	0	0	0	0	0	0	
0	1	0	-0	0	0	10	-10	0	-30	0	0	-37.6207	-9.04826	-47.6206	-82.3827	38.0965	0	0	0	0	0	0	0	0	0	0	0	0	0	0	
0	1	0	-0	0	0	10	-10	0	-30	0	0	-37.7823	-9.11289	-47.7822	-82.5605	38.2258	0	0	0	0	0	0	0	0	0	0	0	0	0	0	
0	1	0	-0	0	0	10	-10	0	-30	0	0	-37.9438	-9.17752	-47.9438	-82.7383	38.3551	0	0	0	0	0	0	0	0	0	0	0	0	0	0	
0	1	0	-0	0	0	10	-10	0	-30	0	0	-38.0941	-9.23766	-48.0941	-82.9036	38.4753	0	0	0	0	0	0	0	0	0	0	0	0	0	0	
0	1	0	-0	0	0	10	-10	0	-30	0	0	-38.2444	-9.29779	-48.2444	-83.0689	38.5955	0	0	0	0	0	0	0	0	0	0	0	0	0	0	
0	1	0	-0	0	0	10	-10	0	-30	0	0	-38.3832	-9.35331	-48.3832	-83.2215	38.7066	0	0	0	0	0	0	0	0	0	0	0	0	0	0	
0	1	0	-0	0	0	10	-10	0	-30	0	0	-38.522	-9.40883	-48.522	-83.3742	38.8176	0	0	0	0	0	0	0	0	0	0	0	0	0	0	
0	1	0	-0	0	0	10	-10	0	-30	0	0	-38.6492	-9.45971	-48.6492	-83.5142	38.9194	0	0	0	0	0	0	0	0	0	0	0	0	0	0	
0	1	0	-0	0	0	10	-10	0	-30	0	0	-38.7764	-9.51058	-48.7764	-83.6541	39.0211	0	0	0	0	0	0	0	0	0	0	0	0	0	0	
0	1	0	-0	0	0	10	-10	0	-30	0	0	-38.8919	-9.55676	-48.8919	-83.7811	39.1135	0	0	0	0	0	0	0	0	0	0	0	0	0	0	
0	1	0	-0	0	0	10	-10	0	-30	0	0	-39.0073	-9.60294	-49.0073	-83.9081	39.2059	0	0	0	0	0	0	0	0	0	0	0	0	0	0	
0	1	0	-0	0	0	10	-10	0	-30	0	0	-39.1109	-9.6444	-49.1109	-84.0221	39.2888	0	0	0	0	0	0	0	0	0	0	0	0	0	0	
0	1	0	-0	0	0	10	-10	0	-30	0	0	-39.2145	-9.68585	-49.2146	-84.136	39.3717	0	0	0	0	0	0	0	0	0	0	0	0	0	0	
0	1	0	-0	0	0	10	-10	0	-30	0	0	-39.3062	-9.72252	-49.3062	-84.2369	39.445	0	0	0	0	0	0	0	0	0	0	0	0	0	0	
0	1	0	-0	0	0	10	-10	0	-30	0	0	-39.3979	-9.75919	-49.3979	-84.3377	39.5183	0	0	0	0	0	0	0	0	0	0	0	0	0	0	
0	1	0	-0	0	0	10	-10	0	-30	0	0	-39.4775	-9.79102	-49.4775	-84.4253	39.582	0	0	0	0	0	0	0	0	0	0	0	0	0	0	
0	1	0	-0	0	0	10	-10	0	-30	0	0	-39.5572	-9.82285	-49.5572	-84.5129	39.6458	0	0	0	0	0	0	0	0	0	0	0	0	0	0	
0	1	0	-0	0	0	10	-10	0	-30	0	0	-39.6247	-9.84986	-49.6247	-84.5872	39.6998	0	0	0	0	0	0	0	0	0	0	0	0	0	0	
0	1	0	-0	0	0	10	-10	0	-30	0	0	-39.6922	-9.87688	-49.6922	-84.6614	39.7538	0	0	0	0	0	0	0	0	0	0	0	0	0	0	
0	1	0	-0	0	0	10	-10	0	-30	0	0	-39.7475	-9.89902	-49.7475	-84.7223	39.798	0	0	0	0	0	0	0	0	0	0	0	0	0	0	
0	1	0	-0	0	0	10	-10	0	-30	0	0	-39.8029	-9.92117	-49.8029	-84.7831	39.8423	0	0	0	0	0	0	0	0	0	0	0	0	0	0	
0	1	0	-0	0	0	10	-10	0	-30	0	0	-39.8459	-9.93838	-49.846	-84.8306	39.8768	0	0	0	0	0	0	0	0	0	0	0	0	0	0	
0	1	0	-0	0	0	10	-10	0	-30	0	0	-39.889	-9.9556	-49.889	-84.878	39.9113	0	0	0	0	0	0	0	0	0	0	0	0	0	0	
0	1	0	-0	0	0	10	-10	0	-30	0	0	-39.9199	-9.96795	-49.9199	-84.9119	39.9359	0	0	0	0	0	0	0	0	0	0	0	0	0	0	
0	1	0	-0	0	0	10	-10	0	-30	0	0	-39.9507	-9.98029	-49.9507	-84.9457	39.9605	0	0	0	0	0	0	0	0	0	0	0	0	0	0	
0	1	0	-0	0	0	10	-10	0	-30	0	0	-39.9692	-9.98769	-49.9692	-84.9661	39.9753	0	0	0	0	0	0	0	0	0	0	0	0	0	0	
0	1	0	-0	0	0	10	-10	0	-30	0	0	-39.9876	-9.99508	-49.9876	-84.9864	39.9901	0	0	0	0	0	0	0	0	0	0	0	0	0	0	
0	1	0	-0	0	0	10	-10	0	-30	0	0	-39.9938	-9.99754	-49.9938	-84.9932	39.9951	0	0	0	0	0	0	0	0	0	0	0	0	0	0	
0	1	0	-0	0	0	10	-10	0	-30	0	0	-40	-10	-50	-85	40	0	0	0	0	0	0	0	0	0	0	0	0	0	0	
0	1	0	-0	0	0	9.99384	-10.0037	-0.00369558	-30.0012	-0.00862301	0	-40	-9.99384	-49.9901	-84.9945	40.0037	0	0	0	0	0	0	0	0	0	0	0	0	0	0	
0	1	0	-0	0	0	9.98769	-10.0074	-0.00739116	-30.0025	-0.017246	0	-40	-9.98769	-49.9803	-84.9889	40.0074	0	0	0	0	0	0	0	0	0	0	0	0	0	0	
0	1	0	-0	0	0	9.96918	-10.0185	-0.0185065	-30.0062	-0.0431437	0	-40	-9.96918	-49.9507	-84.9722	40.0185	0	0	0	0	0	0	0	0	0	0	0	0	0	0	
0	1	0	-0	0	0	9.95067	-10.0296	-0.0296219	-30.0099	-0.0690414	0	-40	-9.95067	-49.9211	-84.9556	40.0296	0	0	0	0	0	0	0	0	0	0	0	0	0	0	
0	1	0	-0	0	0	9.91985	-10.0481	-0.0480998	-30.016	-0.112185	0	-40	-9.91985	-49.8718	-84.9279	40.0481	0	0	0	0	0	0	0	0	0	0	0	0	0	0	
0	1	0	-0	0	0	9.88902	-10.0666	-0.0665777	-30.0222	-0.155329	0	-40	-9.88902	-49.8225	-84.9001	40.0666	0	0	0	0	0	0	0	0	0	0	0	0	0	0	
0	1	0	-0	0	0	9.84594	-10.0924	-0.0924181	-30.0308	-0.215661	0	-40	-9.84594	-49.7535	-84.8614	40.0924	0	0	0	0	0	0	0	0	0	0	0	0	0	0	
0	1	0	-0	0	0	9.80285	-10.1183	-0.118258	-30.0394	-0.275994	0	-40	-9.80285	-49.6846	-84.8226	40.1183	0	0	0	0	0	0	0	0	0	0	0	0	0	0	
0	1	0	-0	0	0	9.74753	-10.1515	-0.151461	-30.0505	-0.353458	0	-40	-9.74753	-49.5961	-84.7728	40.1515	0	0	0	0	0	0	0	0	0	0	0	0	0	0	
0	1	0	-0	0	0	9.69221	-10.1847	-0.184664	-30.0615	-0.430922	0	-40	-9.69221	-49.5075	-84.723	40.1847	0	0	0	0	0	0	0	0	0	0	0	0	0	0	
0	1	0	-0	0	0	9.62469	-10.2252	-0.225172	-30.0751	-0.525431	0	-40	-9.62469	-49.3995	-84.6622	40.2252	0	0	0	0	0	0	0	0	0	0	0	0	0	0	
0	1	0	-0	0	0	9.55717	-10.2657	-0.265681	-30.0886	-0.61994	0	-40	-9.55717	-49.2915	-84.6015	40.2657	0	0	0	0	0	0	0	0	0	0	0	0	0	0	
0	1	0	-0	0	0	9.47755	-10.3135	-0.313465	-30.1045	-0.731438	0	-40	-9.47755	-49.1641	-84.5298	40.3135	0	0	0	0	0	0	0	0	0	0	0	0	0	0	
0	1	0	-0	0	0	9.39794	-10.3613	-0.36125	-30.1204	-0.842936	0	-40	-9.39794	-49.0367	-84.4581	40.3613	0	0	0	0	0	0	0	0	0	0	0	0	0	0	
0	1	0	-0	0	0	9.30627	-10.4163	-0.416254	-30.1387	-0.971249	0	-40	-9.30627	-48.89	-84.3756	40.4163	0	0	0	0	0	0	0	0	0	0	0	0	0	0	
0	1	0	-0	0	0	9.21459	-10.4713	-0.471258	-30.1571	-1.09956	0	-40	-9.21459	-48.7434	-84.2931	40.4713	0	0	0	0	0	0	0	0	0	0	0	0	0	0	
0	1	0	-0	0	0	9.11097	-10.5334	-0.533424	-30.1778	-1.24464	0	-40	-9.11097	-48.5775	-84.1998	40.5334	0	0	0	0	0	0	0	0	0	0	0	0	0	0	
0	1	0	-0	0	0	9.00735	-10.5956	-0.59559	-30.1985	-1.38971	0	-40	-9.00735	-48.4117	-84.1066	40.5956	0	0	0	0	0	0	0	0	0	0	0	0	0	0	
0	1	0	-0	0	0	8.89188	-10.6649	-0.66486	-30.2216	-1.55137	0	-40	-8.89188	-48.227	-84.0027	40.6649	0	0	0	0	0	0	0	0	0	0	0	0	0	0	
0	1	0	-0	0	0	8.7764	-10.7341	-0.734131	-30.2447	-1.71303	0	-40	-8.7764	-48.0423	-83.8988	40.7341	0	0	0	0	0	0	0	0	0	0	0	0	0	0	
0	1	0	-0	0	0	8.6492	-10.8105	-0.810449	-30.2702	-1.8911	0	-40	-8.6492	-47.8388	-83.7843	40.8105	0	0	0	0	0	0	0	0	0	0	0	0	0	0	
0	1	0	-0	0	0	8.522	-10.8868	-0.886767	-30.2956	-2.06918	0	-40	-8.522	-47.6353	-83.6698	40.8868	0	0	0	0	0	0	0	0	0	0	0	0	0	0	
0	1	0	-0	0	0	8.3832	-10.9701	-0.970046	-30.3234	-2.2635	0	-40	-8.3832	-47.4131	-83.5449	40.9701	0	0	0	0	0	0	0	0	0	0	0	0	0	0	
0	1	0	-0	0	0	8.2444	-11.0533	-1.05333	-30.3511	-2.45782	0	-40	-8.2444	-47.191	-83.42	41.0533	0	0	0	0	0	0	0	0	0	0	0	0	0	0	
0	1	0	-0	0	0	8.09415	-11.1435	-1.14351	-30.3812	-2.66821	0	-40	-8.09415	-46.9506	-83.2847	41.1435	0	0	0	0	0	0	0	0	0	0	0	0	0	0	
0	1	0	-0	0	0	7.94389	-11.2337	-1.23369	-30.4112	-2.8786	0	-40	-7.94389	-46.7102	-83.1495	41.2337	0	0	0	0	0	0	0	0	0	0	0	0	0	0	
0	1	0	-0	0	0	7.78229	-11.3306	-1.33064	-30.4435	-3.10483	0	-40	-7.78229	-46.4516	-83.0041	41.3306	0	0	0	0	0	0	0	0	0	0	0	0	0	0	
0	1	0	-0	0	0	7.62068	-11.4276	-1.42758	-30.4759	-3.33106	0	-40	-7.62068	-46.1931	-82.8586	41.4276	0	0	0	0	0	0	0	0	0	0	0	0	0	0	
0	1	0	-0	0	0	7.44794	-11.5312	-1.53123	-30.5104	-3.57291	0	-40	-7.44794	-45.9167	-82.7031	41.5312	0	0	0	0	0	0	0	0	0	0	0	0	0	0	
0	1	0	-0	0	0	7.27519	-11.6349	-1.63488	-30.545	-3.81475	0	-40	-7.27519	-45.6403	-82.5476	41.6349	0	0	0	0	0	0	0	0	0	0	0	0	0	0	
0	1	0	-0	0	0	7.09144	-11.7451	-1.74514	-30.5817	-4.07201	0	-40	-7.09144	-45.3463	-82.3823	41.7452	0	0	0	0	0	0	0	0	0	0	0	0	0	0	
0	1	0	-0	0	0	6.90769	-11.8554	-1.85541	-30.6185	-4.32927	0	-40	-6.90769	-45.0522	-82.2169	41.8554	0	0	0	0	0	0	0	0	0	0	0	0	0	0	
0	1	0	-0	0	0	6.71312	-11.9722	-1.97215	-30.6574	-4.60165	0	-40	-6.71312	-44.741	-82.0418	41.9721	0	0	0	0	0	0	0	0	0	0	0	0	0	0	
0	1	0	-0	0	0	6.51854	-12.0889	-2.08889	-30.6963	-4.87404	0	-40	-6.51854	-44.4297	-81.8667	42.0888	0	0	0	0	0	0	0	0	0	0	0	0	0	0	
0	1	0	-0	0	0	6.31336	-12.212	-2.21199	-30.7373	-5.16129	0	-40	-6.31336	-44.1014	-81.682	42.212	0	0	0	0	0	0	0	0	0	0	0	0	0	0	
0	1	0	-0	0	0	6.10819	-12.3351	-2.33509	-30.7784	-5.44854	0	-40	-6.10819	-43.7731	-81.4974	42.3351	0	0	0	0	0	0	0	0	0	0	0	0	0	0	
0	1	0	-0	0	0	5.89261	-12.4644	-2.46443	-30.8215	-5.75035	0	-40	-5.89261	-43.4282	-81.3034	42.4645	0	0	0	0	0	0	0	0	0	0	0	0	0	0	
0	1	0	-0	0	0	5.67704	-12.5938	-2.59378	-30.8646	-6.05215	0	-40	-5.67704	-43.0832	-81.1093	42.5938	0	0	0	0	0	0	0	0	0	0	0	0	0	0	
0	1	0	-0	0	0	5.45124	-12.7293	-2.72926	-30.9098	-6.36828	0	-40	-5.45124	-42.7219	-80.9061	42.7293	0	0	0	0	0	0	0	0	0	0	0	0	0	0	
0	1	0	-0	0	0	5.22543	-12.8647	-2.86473	-30.9549	-6.68441	0	-40	-5.22543	-42.3607	-80.7029	42.8647	0	0	0	0	0	0	0	0	0	0	0	0	0	0	
0	1	0	-0	0	0	4.98966	-13.0062	-3.00619	-31.0021	-7.01449	0	-40	-4.98966	-41.9834	-80.4907	43.0062	0	0	0	0	0	0	0	0	0	0	0	0	0	0	
0	1	0	-0	0	0	4.75389	-13.1477	-3.14766	-31.0492	-7.34457	0	-40	-4.75389	-41.6062	-80.2785	43.1477	0	0	0	0	0	0	0	0	0	0	0	0	0	0	
0	1	0	-0	0	0	4.50835	-13.295	-3.29497	-31.0983	-7.68829	0	-40	-4.50835	-41.2134	-80.0575	43.295	0	0	0	0	0	0	0	0	0	0	0	0	0	0	
0	1	0	-0	0	0	4.26281	-13.4423	-3.44227	-31.1474	-8.03201	0	-40	-4.26281	-40.8206	-79.8366	43.4423	0	0	0	0	0	0	0	0	0	0	0	0	0	0	
0	1	0	-0	0	0	4.00778	-13.5953	-3.59531	-31.1984	-8.38905	0	-40	-4.00778	-40.4125	-79.607	43.5953	0	0	0	0	0	0	0	0	0	0	0	0	0	0	
0	1	0	-0	0	0	3.75276	-13.7484	-3.74835	-31.2495	-8.74609	0	-40	-3.75276	-40.0044	-79.3775	43.7483	0	0	0	0	0	0	0	0	0	0	0	0	0	0	
0	1	0	-0	0	0	3.48848	-13.9069	-3.90691	-31.3023	-9.1161	0	-40	-3.48848	-39.5816	-79.1397	43.9069	0	0	0	0	0	0	0	0	0	0	0	0	0	0	
0	1	0	-0	0	0	3.22421	-14.0655	-4.06548	-31.3552	-9.48612	0	-40	-3.22421	-39.1587	-78.9018	44.0655	0	0	0	0	0	0	0	0	0	0	0	0	0	0	
0	1	0	-0	0	0	2.95093	-14.2294	-4.22943	-31.4098	-9.86868	0	-40	-2.95093	-38.7215	-78.6558	44.2294	0	0	0	0	0	0	0	0	0	0	0	0	0	0	
0	1	0	-0	0	0	2.67766	-14.3934	-4.39338	-31.4645	-10.2512	0	-40	-2.67766	-38.2843	-78.4099	44.3934	0	0	0	0	0	0	0	0	0	0	0	0	0	0	
0	1	0	-0	0	0	2.39568	-14.5626	-4.56258	-31.5209	-10.646	0	-40	-2.39568	-37.8331	-78.1561	44.5626	0	0	0	0	0	0	0	0	0	0	0	0	0	0	
0	1	0	-0	0	0	2.1137	-14.7318	-4.73177	-31.5773	-11.0408	0	-40	-2.1137	-37.3819	-77.9023	44.7318	0	0	0	0	0	0	0	0	0	0	0	0	0	0	
0	1	0	-0	0	0	1.82324	-14.906	-4.90604	-31.6353	-11.4475	0	-40	-1.82324	-36.9172	-77.6409	44.9061	0	0	0	0	0	0	0	0	0	0	0	0	0	0	
0	1	0	-0	0	0	1.53278	-15.0803	-5.0803	-31.6934	-11.8541	0	-40	-1.53278	-36.4525	-77.3795	45.0803	0	0	0	0	0	0	0	0	0	0	0	0	0	0	
0	1	0	-0	0	0	1.23418	-15.2595	-5.25947	-31.7532	-12.2721	0	-40	-1.23418	-35.9747	-77.1108	45.2595	0	0	0	0	0	0	0	0	0	0	0	0	0	0	
0	1	0	-0	0	0	0.935583	-15.4386	-5.43863	-31.8129	-12.6902	0	-40	-0.935583	-35.497	-76.8421	45.4386	0	0	0	0	0	0	0	0	0	0	0	0	0	0	
0	1	0	-0	0	0	0.629136	-15.6225	-5.62252	-31.8742	-13.1192	0	-40	-0.629136	-35.0066	-76.5662	45.6225	0	0	0	0	0	0	0	0	0	0	0	0	0	0	
0	1	0	-0	0	0	0.32269	-15.8064	-5.80641	-31.9355	-13.5483	0	-40	-0.32269	-34.5163	-76.2904	45.8064	0	0	0	0	0	0	0	0	0	0	0	0	0	0	
0	1	0	-0	0	0	0.00865166	-15.9948	-5.99483	-31.9983	-13.9879	0	-40	-0.00865166	-34.0139	-76.0078	45.9948	0	0	0	0	0	0	0	0	0	0	0	0	0	0	
0	1	0	-0	0	0	-0.305387	-16.1832	-6.18325	-32.0611	-14.4275	0	-40	0.305387	-33.5114	-75.7252	46.1832	0	0	0	0	0	0	0	0	0	0	0	0	0	0	
0	1	0	-0	0	0	-0.626644	-16.376	-6.37599	-32.1253	-14.8773	0	-40	0.626644	-32.9974	-75.436	46.376	0	0	0	0	0	0	0	0	0	0	0	0	0	0	
0	1	0	-0	0	0	-0.947901	-16.5687	-6.56873	-32.1896	-15.3271	0	-40	0.947901	-32.4833	-75.1469	46.5687	0	0	0	0	0	0	0	0	0	0	0	0	0	0	
0	1	0	-0	0	0	-1.27612	-16.7657	-6.76566	-32.2552	-15.7866	0	-40	1.27612	-31.9582	-74.8515	46.7657	0	0	0	0	0	0	0	0	0	0	0	0	0	0	
0	1	0	-0	0	0	-1.60434	-16.9626	-6.96258	-32.3209	-16.246	0	-40	1.60434	-31.4331	-74.5561	46.9626	0	0	0	0	0	0	0	0	0	0	0	0	0	0	
0	1	0	-0	0	0	-1.93915	-17.1635	-7.16349	-32.3878	-16.7148	0	-40	1.93915	-30.8974	-74.2548	47.1635	0	0	0	0	0	0	0	0	0	0	0	0	0	0	
0	1	0	-0	0	0	-2.27395	-17.3644	-7.3644	-32.4548	-17.1835	0	-40	2.27395	-30.3617	-73.9534	47.3644	0	0	0	0	0	0	0	0	0	0	0	0	0	0	
0	1	0	-0	0	0	-2.61507	-17.569	-7.56906	-32.523	-17.6611	0	-40	2.61507	-29.8159	-73.6464	47.569	0	0	0	0	0	0	0	0	0	0	0	0	0	0	
0	1	0	-0	0	0	-2.95618	-17.7737	-7.77372	-32.5912	-18.1386	0	-40	2.95618	-29.2702	-73.3395	47.7737	0	0	0	0	0	0	0	0	0	0	0	0	0	0	
0	1	0	-0	0	0	-3.30322	-17.9819	-7.98193	-32.6606	-18.6245	0	-40	3.30322	-28.7149	-73.0271	47.9819	0	0	0	0	0	0	0	0	0	0	0	0	0	0	
0	1	0	-0	0	0	-3.65026	-18.1901	-8.19015	-32.73	-19.1103	0	-40	3.65026	-28.1596	-72.7148	48.1902	0	0	0	0	0	0	0	0	0	0	0	0	0	0	
0	1	0	-0	0	0	-4.00288	-18.4017	-8.40174	-32.8006	-19.604	0	-40	4.00288	-27.5954	-72.3974	48.4017	0	0	0	0	0	0	0	0	0	0	0	0	0	0	
0	1	0	-0	0	0	-4.35551	-18.6133	-8.61333	-32.8711	-20.0977	0	-40	4.35551	-27.0312	-72.08	48.6133	0	0	0	0	0	0	0	0	0	0	0	0	0	0	
0	1	0	-0	0	0	-4.71341	-18.8281	-8.82805	-32.9427	-20.5987	0	-40	4.71341	-26.4586	-71.758	48.828	0	0	0	0	0	0	0	0	0	0	0	0	0	0	
0	1	0	-0	0	0	-5.07131	-19.0428	-9.04276	-33.0143	-21.0998	0	-40	5.07131	-25.8859	-71.4359	49.0428	0	0	0	0	0	0	0	0	0	0	0	0	0	0	
0	1	0	-0	0	0	-5.4341	-19.2604	-9.26046	-33.0868	-21.6077	0	-40	5.4341	-25.3055	-71.1093	49.2604	0	0	0	0	0	0	0	0	0	0	0	0	0	0	
0	1	0	-0	0	0	-5.7969	-19.4781	-9.47815	-33.1594	-22.1157	0	-40	5.7969	-24.725	-70.7828	49.4781	0	0	0	0	0	0	0	0	0	0	0	0	0	0	
0	1	0	-0	0	0	-6.16422	-19.6985	-9.69854	-33.2328	-22.6299	0	-40	6.16422	-24.1373	-70.4522	49.6985	0	0	0	0	0	0	0	0	0	0	0	0	0	0	
0	1	0	-0	0	0	-6.53155	-19.9189	-9.91893	-33.3063	-23.1442	0	-40	6.53155	-23.5495	-70.1216	49.9189	0	0	0	0	0	0	0	0	0	0	0	0	0	0	
0	1	0	-0	0	0	-6.90305	-20.1418	-10.1418	-33.3806	-23.6643	0	-40	6.90305	-22.9551	-69.7873	50.1419	0	0	0	0	0	0	0	0	0	0	0	0	0	0	
0	1	0	-0	0	0	-7.27456	-20.3648	-10.3647	-33.4549	-24.1844	0	-40	7.27456	-22.3607	-69.4529	50.3648	0	0	0	0	0	0	0	0	0	0	0	0	0	0	
0	1	0	-0	0	0	-7.64987	-20.59	-10.59	-33.53	-24.7098	0	-40	7.64987	-21.7602	-69.1151	50.5899	0	0	0	0	0	0	0	0	0	0	0	0	0	0	
0	1	0	-0	0	0	-8.02519	-20.8152	-10.8152	-33.6051	-25.2353	0	-40	8.02519	-21.1597	-68.7773	50.8151	0	0	0	0	0	0	0	0	0	0	0	0	0	0	
0	1	0	-0	0	0	-8.40397	-21.0424	-11.0424	-33.6808	-25.7656	0	-40	8.40397	-20.5536	-68.4364	51.0424	0	0	0	0	0	0	0	0	0	0	0	0	0	0	
0	1	0	-0	0	0	-8.78276	-21.2696	-11.2696	-33.7566	-26.2958	0	-40	8.78276	-19.9476	-68.0955	51.2696	0	0	0	0	0	0	0	0	0	0	0	0	0	0	
0	1	0	-0	0	0	-9.16457	-21.4987	-11.4987	-33.8329	-26.8304	0	-40	9.16457	-19.3367	-67.7519	51.4987	0	0	0	0	0	0	0	0	0	0	0	0	0	0	
0	1	0	-0	0	0	-9.54639	-21.7278	-11.7279	-33.9093	-27.365	0	-40	9.54639	-18.7258	-67.4083	51.7278	0	0	0	0	0	0	0	0	0	0	0	0	0	0	
0	1	0	-0	0	0	-9.93093	-21.9586	-11.9586	-33.9862	-27.9033	0	-40	9.93093	-18.1105	-67.0622	51.9586	0	0	0	0	0	0	0	0	0	0	0	0	0	0	
0	1	0	-0	0	0	-10.3155	-22.1893	-12.1893	-34.0631	-28.4416	0	-40	10.3155	-17.4953	-66.7161	52.1893	0	0	0	0	0	0	0	0	0	0	0	0	0	0	
0	1	0	-0	0	0	-10.7023	-22.4214	-12.4214	-34.1405	-28.9832	0	-40	10.7023	-16.8763	-66.3679	52.4214	0	0	0	0	0	0	0	0	0	0	0	0	0	0	
0	1	0	-0	0	0	-11.0891	-22.6535	-12.6535	-34.2178	-29.5248	0	-40	11.0891	-16.2574	-66.0197	52.6535	0	0	0	0	0	0	0	0	0	0	0	0	0	0	
0	1	0	-0	0	0	-11.4779	-22.8867	-12.8867	-34.2956	-30.0691	0	-40	11.4779	-15.6354	-65.6699	52.8868	0	0	0	0	0	0	0	0	0	0	0	0	0	0	
0	1	0	-0	0	0	-11.8666	-23.12	-13.12	-34.3733	-30.6133	0	-40	11.8666	-15.0133	-65.32	53.12	0	0	0	0	0	0	0	0	0	0	0	0	0	0	
0	1	0	-0	0	0	-12.257	-23.3542	-13.3542	-34.4514	-31.1598	0	-40	12.257	-14.3888	-64.9687	53.3542	0	0	0	0	0	0	0	0	0	0	0	0	0	0	
0	1	0	-0	0	0	-12.6473	-23.5884	-13.5884	-34.5295	-31.7062	0	-40	12.6473	-13.7643	-64.6174	53.5884	0	0	0	0	0	0	0	0	0	0	0	0	0	0	
0	1	0	-0	0	0	-13.0388	-23.8233	-13.8233	-34.6078	-32.2543	0	-40	13.0388	-13.138	-64.2651	53.8233	0	0	0	0	0	0	0	0	0	0	0	0	0	0	
0	1	0	-0	0	0	-13.4302	-24.0582	-14.0581	-34.6861	-32.8023	0	-40	13.4302	-12.5116	-63.9128	54.0581	0	0	0	0	0	0	0	0	0	0	0	0	0	0	
0	1	0	-0	0	0	-13.8225	-24.2935	-14.2935	-34.7645	-33.3515	0	-40	13.8225	-11.884	-63.5598	54.2935	0	0	0	0	0	0	0	0	0	0	0	0	0	0	
0	1	0	-0	0	0	-14.2147	-24.5288	-14.5288	-34.8429	-33.9006	0	-40	14.2147	-11.2564	-63.2068	54.5289	0	0	0	0	0	0	0	0	0	0	0	0	0	0	
0	1	0	-0	0	0	-14.6074	-24.7644	-14.7644	-34.9215	-34.4503	0	-40	14.6074	-10.6282	-62.8534	54.7644	0	0	0	0	0	0	0	0	0	0	0	0	0	0	
0	1	0	-0	0	0	-15	-25	-15	-35	-35	0	-40	15	-10	-62.5	55	0	0	0	0	0	0	0	0	0	0	0	0	0	0	
0	1	0	-0	0	0	-15.3926	-25.2356	-15.2356	-35.0785	-35.5497	0	-40	15.3926	-9.37178	-62.1466	55.2356	0	0	0	0	63.5	63.5	63.5	63.5	63.5	0	0	0	0	0	
0	1	0	-0	0	0	-15.7853	-25.4712	-15.4712	-35.157	-36.0994	0	-40	15.7853	-8.74357	-61.7933	55.4711	0	0	0	0	127	127	127	127	127	0	0	0	0	0	
0	1	0	-0	0	0	-16.1775	-25.7065	-15.7065	-35.2355	-36.6485	0	-40	16.1775	-8.11598	-61.4402	55.7065	0	0	0	0	127	127	127	127	127	0	0	0	0	0	
0	1	0	-0	0	0	-16.5698	-25.9419	-15.9419	-35.314	-37.1977	0	-40	16.5698	-7.48839	-61.0872	55.9419	0	0	0	0	127	127	127	127	127	0	0	0	0	0	
0	1	0	-0	0	0	-16.9612	-26.1768	-16.1767	-35.3923	-37.7457	0	-40	16.9612	-6.86203	-60.7349	56.1768	0	0	0	0	127	127	127	127	127	0	0	0	0	0	
0	1	0	-0	0	0	-17.3527	-26.4116	-16.4116	-35.4706	-38.2938	0	-40	17.3527	-6.23567	-60.3826	56.4116	0	0	0	0	127	127	127	127	127	0	0	0	0	0	
0	1	0	-0	0	0	-17.743	-26.6458	-16.6458	-35.5486	-38.8402	0	-40	17.743	-5.61118	-60.0313	56.6458	0	0	0	0	127	127	127	127	127	0	0	0	0	0	
0	1	0	-0	0	0	-18.1333	-26.88	-16.88	-35.6267	-39.3867	0	-40	18.1333	-4.98668	-59.68	56.88	0	0	0	0	127	127	127	127	127	0	0	0	0	0	
0	1	0	-0	0	0	-18.5221	-27.1133	-17.1132	-35.7044	-39.9309	0	-40	18.5221	-4.36465	-59.3301	57.1132	0	0	0	0	127	127	127	127	127	0	0	0	0	0	
0	1	0	-0	0	0	-18.9109	-27.3465	-17.3465	-35.7822	-40.4752	0	-40	18.9109	-3.74262	-58.9802	57.3465	0	0	0	0	127	127	127	127	127	0	0	0	0	0	
0	1	0	-0	0	0	-19.2977	-27.5786	-17.5786	-35.8595	-41.0168	0	-40	19.2977	-3.12368	-58.6321	57.5786	0	0	0	0	127	127	127	127	127	0	0	0	0	0	
0	1	0	-0	0	0	-19.6845	-27.8107	-17.8107	-35.9369	-41.5583	0	-40	19.6845	-2.50474	-58.2839	57.8107	0	0	0	0	127	127	127	127	127	0	0	0	0	0	
0	1	0	-0	0	0	-20.069	-28.0414	-18.0414	-36.0138	-42.0967	0	-40	20.069	-1.8895	-57.9378	58.0414	0	0	0	0	127	127	127	127	127	0	0	0	0	0	
0	1	0	-0	0	0	-20.4536	-28.2721	-18.2721	-36.0907	-42.635	0	-40	20.4536	-1.27426	-57.5918	58.2722	0	0	0	0	127	127	127	127	127	0	0	0	0	0	
0	1	0	-0	0	0	-20.8354	-28.5012	-18.5012	-36.1671	-43.1696	0	-40	20.8354	-0.663342	-57.2481	58.5013	0	0	0	0	127	127	127	127	127	0	0	0	0	0	
0	1	0	-0	0	0	-21.2173	-28.7303	-18.7303	-36.2434	-43.7041	0	-40	21.2173	-0.0524256	-56.9045	58.7304	0	0	0	0	127	127	127	127	127	0	0	0	0	0	
0	1	0	-0	0	0	-21.596	-28.9576	-18.9576	-36.3192	-44.2344	0	-40	21.596	0.553592	-56.5636	58.9576	0	0	0	0	127	127	127	127	127	0	0	0	0	0	
0	1	0	-0	0	0	-21.9748	-29.1849	-19.1849	-36.395	-44.7647	0	-40	21.9748	1.15961	-56.2227	59.1849	0	0	0	0	127	127	127	127	127	0	0	0	0	0	
0	1	0	-0	0	0	-22.3501	-29.4101	-19.4101	-36.47	-45.2901	0	-40	22.3501	1.76013	-55.8849	59.4101	0	0	0	0	127	127	127	127	127	0	0	0	0	0	
0	1	0	-0	0	0	-22.7254	-29.6353	-19.6353	-36.5451	-45.8156	0	-40	22.7254	2.36064	-55.5471	59.6352	0	0	0	0	127	127	127	127	127	0	0	0	0	0	
0	1	0	-0	0	0	-23.0969	-29.8582	-19.8582	-36.6194	-46.3357	0	-40	23.0969	2.95509	-55.2128	59.8581	0	0	0	0	127	127	127	127	127	0	0	0	0	0	
0	1	0	-0	0	0	-23.4685	-30.0811	-20.0811	-36.6937	-46.8558	0	-40	23.4685	3.54953	-54.8784	60.081	0	0	0	0	127	127	127	127	127	0	0	0	0	0	
0	1	0	-0	0	0	-23.8358	-30.3015	-20.3015	-36.7672	-47.3701	0	-40	23.8358	4.13724	-54.5478	60.3015	0	0	0	0	127	127	127	127	127	0	0	0	0	0	
0	1	0	-0	0	0	-24.2031	-30.5219	-20.5219	-36.8406	-47.8844	0	-40	24.2031	4.72495	-54.2172	60.5219	0	0	0	0	127	127	127	127	127	0	0	0	0	0	
0	1	0	-0	0	0	-24.5659	-30.7395	-20.7395	-36.9132	-48.3923	0	-40	24.5659	5.30542	-53.8907	60.7395	0	0	0	0	127	127	127	127	127	0	0	0	0	0	
0	1	0	-0	0	0	-24.9287	-30.9572	-20.9572	-36.9857	-48.9002	0	-40	24.9287	5.88588	-53.5642	60.9572	0	0	0	0	127	127	127	127	127	0	0	0	0	0	
0	1	0	-0	0	0	-25.2866	-31.1719	-21.1719	-37.0573	-49.4012	0	-40	25.2866	6.45852	-53.2421	61.172	0	0	0	0	127	127	127	127	127	0	0	0	0	0	
0	1	0	-0	0	0	-25.6445	-31.3867	-21.3867	-37.1289	-49.9023	0	-40	25.6445	7.03117	-52.92	61.3867	0	0	0	0	127	127	127	127	127	0	0	0	0	0	
0	1	0	-0	0	0	-25.9971	-31.5983	-21.5983	-37.1994	-50.396	0	-40	25.9971	7.59539	-52.6026	61.5983	0	0	0	0	127	127	127	127	127	0	0	0	0	0	
0	1	0	-0	0	0	-26.3498	-31.8099	-21.8099	-37.2699	-50.8897	0	-40	26.3498	8.15961	-52.2852	61.8098	0	0	0	0	127	127	127	127	127	0	0	0	0	0	
0	1	0	-0	0	0	-26.6968	-32.0181	-22.0181	-37.3393	-51.3755	0	-40	26.6968	8.71486	-51.9729	62.0181	0	0	0	0	127	127	127	127	127	0	0	0	0	0	
0	1	0	-0	0	0	-27.0438	-32.2263	-22.2263	-37.4088	-51.8614	0	-40	27.0438	9.27011	-51.6606	62.2263	0	0	0	0	127	127	127	127	127	0	0	0	0	0	
0	1	0	-0	0	0	-27.3849	-32.431	-22.431	-37.477	-52.3389	0	-40	27.3849	9.81588	-51.3536	62.431	0	0	0	0	127	127	127	127	127	0	0	0	0	0	
0	1	0	-0	0	0	-27.726	-32.6356	-22.6356	-37.5452	-52.8165	0	-40	27.726	10.3617	-51.0466	62.6356	0	0	0	0	127	127	127	127	127	0	0	0	0	0	
0	1	0	-0	0	0	-28.0608	-32.8365	-22.8365	-37.6122	-53.2852	0	-40	28.0608	10.8974	-50.7452	62.8365	0	0	0	0	127	127	127	127	127	0	0	0	0	0	
0	1	0	-0	0	0	-28.3957	-33.0374	-23.0374	-37.6791	-53.7539	0	-40	28.3957	11.4331	-50.4439	63.0374	0	0	0	0	127	127	127	127	127	0	0	0	0	0	
0	1	0	-0	0	0	-28.7239	-33.2343	-23.2343	-37.7448	-54.2134	0	-40	28.7239	11.9582	-50.1485	63.2343	0	0	0	0	127	127	127	127	127	0	0	0	0	0	
0	1	0	-0	0	0	-29.0521	-33.4312	-23.4312	-37.8104	-54.6729	0	-40	29.0521	12.4833	-49.8531	63.4312	0	0	0	0	127	127	127	127	127	0	0	0	0	0	
0	1	0	-0	0	0	-29.3733	-33.624	-23.624	-37.8747	-55.1227	0	-40	29.3733	12.9973	-49.564	63.624	0	0	0	0	127	127	127	127	127	0	0	0	0	0	
0	1	0	-0	0	0	-29.6946	-33.8168	-23.8168	-37.9389	-55.5725	0	-40	29.6946	13.5114	-49.2748	63.8168	0	0	0	0	127	127	127	127	127	0	0	0	0	0	
0	1	0	-0	0	0	-30.0086	-34.0052	-24.0052	-38.0017	-56.0121	0	-40	30.0086	14.0138	-48.9922	64.0052	0	0	0	0	127	127	127	127	127	0	0	0	0	0	
0	1	0	-0	0	0	-30.3226	-34.1936	-24.1936	-38.0645	-56.4518	0	-40	30.3226	14.5163	-48.7096	64.1936	0	0	0	0	127	127	127	127	127	0	0	0	0	0	
0	1	0	-0	0	0	-30.6291	-34.3775	-24.3775	-38.1258	-56.8808	0	-40	30.6291	15.0066	-48.4338	64.3775	0	0	0	0	127	127	127	127	127	0	0	0	0	0	
0	1	0	-0	0	0	-30.9356	-34.5613	-24.5613	-38.1871	-57.3098	0	-40	30.9356	15.497	-48.158	64.5613	0	0	0	0	127	127	127	127	127	0	0	0	0	0	
0	1	0	-0	0	0	-31.2342	-34.7405	-24.7405	-38.2469	-57.7278	0	-40	31.2342	15.9747	-47.8892	64.7405	0	0	0	0	127	127	127	127	127	0	0	0	0	0	
0	1	0	-0	0	0	-31.5328	-34.9197	-24.9197	-38.3066	-58.1459	0	-40	31.5328	16.4525	-47.6205	64.9197	0	0	0	0	127	127	127	127	127	0	0	0	0	0	
0	1	0	-0	0	0	-31.8232	-35.0939	-25.0939	-38.3647	-58.5525	0	-40	31.8232	16.9172	-47.3591	65.0939	0	0	0	0	127	127	127	127	127	0	0	0	0	0	
0	1	0	-0	0	0	-32.1137	-35.2682	-25.2682	-38.4227	-58.9591	0	-40	32.1137	17.3819	-47.0977	65.2682	0	0	0	0	127	127	127	127	127	0	0	0	0	0	
0	1	0	-0	0	0	-32.3957	-35.4374	-25.4374	-38.4791	-59.3539	0	-40	32.3957	17.8331	-46.8439	65.4374	0	0	0	0	127	127	127	127	127	0	0	0	0	0	
0	1	0	-0	0	0	-32.6777	-35.6066	-25.6066	-38.5355	-59.7487	0	-40	32.6777	18.2843	-46.5901	65.6066	0	0	0	0	127	127	127	127	127	0	0	0	0	0	
0	1	0	-0	0	0	-32.9509	-35.7706	-25.7706	-38.5902	-60.1313	0	-40	32.9509	18.7215	-46.3442	65.7706	0	0	0	0	127	127	127	127	127	0	0	0	0	0	
0	1	0	-0	0	0	-33.2242	-35.9345	-25.9345	-38.6449	-60.5139	0	-40	33.2242	19.1587	-46.0982	65.9346	0	0	0	0	127	127	127	127	127	0	0	0	0	0	
0	1	0	-0	0	0	-33.4885	-36.0931	-26.0931	-38.6977	-60.8839	0	-40	33.4885	19.5816	-45.8604	66.0931	0	0	0	0	127	127	127	127	127	0	0	0	0	0	
0	1	0	-0	0	0	-33.7528	-36.2517	-26.2517	-38.7506	-61.2539	0	-40	33.7528	20.0044	-45.6225	66.2517	0	0	0	0	127	127	127	127	127	0	0	0	0	0	
0	1	0	-0	0	0	-34.0078	-36.4047	-26.4047	-38.8016	-61.6109	0	-40	34.0078	20.4125	-45.393	66.4047	0	0	0	0	127	127	127	127	127	0	0	0	0	0	
0	1	0	-0	0	0	-34.2628	-36.5577	-26.5577	-38.8526	-61.968	0	-40	34.2628	20.8205	-45.1635	66.5577	0	0	0	0	127	127	127	127	127	0	0	0	0	0	
0	1	0	-0	0	0	-34.5083	-36.705	-26.705	-38.9017	-62.3117	0	-40	34.5083	21.2134	-44.9425	66.705	0	0	0	0	127	127	127	127	127	0	0	0	0	0	
0	1	0	-0	0	0	-34.7538	-36.8523	-26.8523	-38.9508	-62.6554	0	-40	34.7538	21.6062	-44.7215	66.8523	0	0	0	0	127	127	127	127	127	0	0	0	0	0	
0	1	0	-0	0	0	-34.9896	-36.9938	-26.9938	-38.9979	-62.9855	0	-40	34.9896	21.9834	-44.5093	66.9938	0	0	0	0	127	127	127	127	127	0	0	0	0	0	
0	1	0	-0	0	0	-35.2254	-37.1352	-27.1352	-39.0451	-63.3156	0	-40	35.2254	22.3607	-44.2971	67.1352	0	0	0	0	127	127	127	127	127	0	0	0	0	0	
0	1	0	-0	0	0	-35.4512	-37.2707	-27.2707	-39.0902	-63.6317	0	-40	35.4512	22.7219	-44.0939	67.2707	0	0	0	0	127	127	127	127	127	0	0	0	0	0	
0	1	0	-0	0	0	-35.677	-37.4062	-27.4062	-39.1354	-63.9478	0	-40	35.677	23.0832	-43.8907	67.4062	0	0	0	0	127	127	127	127	127	0	0	0	0	0	
0	1	0	-0	0	0	-35.8926	-37.5356	-27.5355	-39.1785	-64.2497	0	-40	35.8926	23.4282	-43.6967	67.5356	0	0	0	0	63.5	63.5	63.5	63.5	63.5	0	0	0	0	0	
0	1	0	-0	0	0	-36.1082	-37.6649	-27.6649	-39.2217	-64.5515	0	-40	36.1082	23.7731	-43.5026	67.6649	0	0	0	0	0	0	0	0	0	0	0	0	0	0	
0	1	0	-0	0	0	-36.3134	-37.788	-27.788	-39.2627	-64.8387	0	-40	36.3134	24.1014	-43.318	67.788	0	0	0	0	0	0	0	0	0	0	0	0	0	0	
0	1	0	-0	0	0	-36.5186	-37.9111	-27.9111	-39.3037	-65.1259	0	-40	36.5186	24.4297	-43.1333	67.9111	0	0	0	0	0	0	0	0	0	0	0	0	0	0	
0	1	0	-0	0	0	-36.7131	-38.0279	-28.0279	-39.3426	-65.3983	0	-40	36.7131	24.7409	-42.9582	68.0279	0	0	0	0	0	0	0	0	0	0	0	0	0	0	
0	1	0	-0	0	0	-36.9076	-38.1446	-28.1446	-39.3815	-65.6707	0	-40	36.9076	25.0522	-42.7831	68.1446	0	0	0	0	0	0	0	0	0	0	0	0	0	0	
0	1	0	-0	0	0	-37.0914	-38.2548	-28.2548	-39.4183	-65.928	0	-40	37.0914	25.3462	-42.6177	68.2548	0	0	0	0	0	0	0	0	0	0	0	0	0	0	
0	1	0	-0	0	0	-37.2751	-38.3651	-28.3651	-39.455	-66.1852	0	-40	37.2751	25.6403	-42.4523	68.3651	0	0	0	0	0	0	0	0	0	0	0	0	0	0	
0	1	0	-0	0	0	-37.4479	-38.4687	-28.4688	-39.4896	-66.4271	0	-40	37.4479	25.9167	-42.2969	68.4687	0	0	0	0	0	0	0	0	0	0	0	0	0	0	
0	1	0	-0	0	0	-37.6207	-38.5724	-28.5724	-39.5241	-66.6689	0	-40	37.6207	26.1931	-42.1414	68.5724	0	0	0	0	0	0	0	0	0	0	0	0	0	0	
0	1	0	-0	0	0	-37.7823	-38.6694	-28.6694	-39.5564	-66.8952	0	-40	37.7823	26.4516	-41.9959	68.6694	0	0	0	0	0	0	0	0	0	0	0	0	0	0	
0	1	0	-0	0	0	-37.9438	-38.7663	-28.7663	-39.5887	-67.1214	0	-40	37.9438	26.7102	-41.8505	68.7663	0	0	0	0	0	0	0	0	0	0	0	0	0	0	
0	1	0	-0	0	0	-38.0941	-38.8565	-28.8565	-39.6188	-67.3318	0	-40	38.0941	26.9506	-41.7153	68.8565	0	0	0	0	0	0	0	0	0	0	0	0	0	0	
0	1	0	-0	0	0	-38.2444	-38.9466	-28.9466	-39.6489	-67.5422	0	-40	38.2444	27.191	-41.58	68.9466	0	0	0	0	0	0	0	0	0	0	0	0	0	0	
0	1	0	-0	0	0	-38.3832	-39.0299	-29.0299	-39.6767	-67.7365	0	-40	38.3832	27.4131	-41.4551	69.0299	0	0	0	0	0	0	0	0	0	0	0	0	0	0	
0	1	0	-0	0	0	-38.522	-39.1132	-29.1132	-39.7044	-67.9308	0	-40	38.522	27.6352	-41.3302	69.1132	0	0	0	0	0	0	0	0	0	0	0	0	0	0	
0	1	0	-0	0	0	-38.6492	-39.1895	-29.1895	-39.7299	-68.1089	0	-40	38.6492	27.8388	-41.2157	69.1895	0	0	0	0	0	0	0	0	0	0	0	0	0	0	
0	1	0	-0	0	0	-38.7764	-39.2658	-29.2658	-39.7553	-68.2869	0	-40	38.7764	28.0423	-41.1012	69.2658	0	0	0	0	0	0	0	0	0	0	0	0	0	0	
0	1	0	-0	0	0	-38.8919	-39.3351	-29.3351	-39.7784	-68.4486	0	-40	38.8919	28.227	-40.9973	69.3351	0	0	0	0	0	0	0	0	0	0	0	0	0	0	
0	1	0	-0	0	0	-39.0073	-39.4044	-29.4044	-39.8015	-68.6103	0	-40	39.0073	28.4117	-40.8934	69.4044	0	0	0	0	0	0	0	0	0	0	0	0	0	0	
0	1	0	-0	0	0	-39.1109	-39.4666	-29.4666	-39.8222	-68.7553	0	-40	39.1109	28.5775	-40.8001	69.4666	0	0	0	0	0	0	0	0	0	0	0	0	0	0	
0	1	0	-0	0	0	-39.2145	-39.5288	-29.5288	-39.8429	-68.9004	0	-40	39.2145	28.7433	-40.7069	69.5288	0	0	0	0	0	0	0	0	0	0	0	0	0	0	
0	1	0	-0	0	0	-39.3062	-39.5838	-29.5838	-39.8612	-69.0288	0	-40	39.3062	28.89	-40.6244	69.5837	0	0	0	0	0	0	0	0	0	0	0	0	0	0	
0	1	0	-0	0	0	-39.3979	-39.6388	-29.6388	-39.8796	-69.1571	0	-40	39.3979	29.0366	-40.5419	69.6387	0	0	0	0	0	0	0	0	0	0	0	0	0	0	
0	1	0	-0	0	0	-39.4775	-39.6865	-29.6865	-39.8955	-69.2686	0	-40	39.4775	29.1641	-40.4702	69.6865	0	0	0	0	0	0	0	0	0	0	0	0	0	0	
0	1	0	-0	0	0	-39.5572	-39.7343	-29.7343	-39.9114	-69.38	0	-40	39.5572	29.2915	-40.3985	69.7343	0	0	0	0	0	0	0	0	0	0	0	0	0	0	
0	1	0	-0	0	0	-39.6247	-39.7748	-29.7748	-39.9249	-69.4746	0	-40	39.6247	29.3995	-40.3377	69.7748	0	0	0	0	0	0	0	0	0	0	0	0	0	0	
0	1	0	-0	0	0	-39.6922	-39.8153	-29.8153	-39.9384	-69.5691	0	-40	39.6922	29.5076	-40.277	69.8153	0	0	0	0	0	0	0	0	0	0	0	0	0	0	
0	1	0	-0	0	0	-39.7475	-39.8485	-29.8485	-39.9495	-69.6466	0	-40	39.7475	29.5961	-40.2272	69.8485	0	0	0	0	0	0	0	0	0	0	0	0	0	0	
0	1	0	-0	0	0	-39.8029	-39.8817	-29.8817	-39.9606	-69.724	0	-40	39.8029	29.6846	-40.1774	69.8817	0	0	0	0	0	0	0	0	0	0	0	0	0	0	
0	1	0	-0	0	0	-39.8459	-39.9076	-29.9076	-39.9692	-69.7843	0	-40	39.8459	29.7535	-40.1386	69.9076	0	0	0	0	0	0	0	0	0	0	0	0	0	0	
0	1	0	-0	0	0	-39.889	-39.9334	-29.9334	-39.9778	-69.8446	0	-40	39.889	29.8225	-40.0999	69.9335	0	0	0	0	0	0	0	0	0	0	0	0	0	0	
0	1	0	-0	0	0	-39.9199	-39.9519	-29.9519	-39.984	-69.8878	0	-40	39.9199	29.8718	-40.0722	69.9519	0	0	0	0	0	0	0	0	0	0	0	0	0	0	
0	1	0	-0	0	0	-39.9507	-39.9704	-29.9704	-39.9902	-69.9309	0	-40	39.9507	29.9211	-40.0444	69.9704	0	0	0	0	0	0	0	0	0	0	0	0	0	0	
0	1	0	-0	0	0	-39.9692	-39.9815	-29.9815	-39.9939	-69.9568	0	-40	39.9692	29.9507	-40.0277	69.9815	0	0	0	0	0	0	0	0	0	0	0	0	0	0	
0	1	0	-0	0	0	-39.9876	-39.9926	-29.9926	-39.9976	-69.9827	0	-40	39.9876	29.9802	-40.0111	69.9926	0	0	0	0	0	0	0	0	0	0	0	0	0	0	
0	1	0	-0	0	0	-39.9938	-39.9963	-29.9963	-39.9988	-69.9913	0	-40	39.9938	29.9901	-40.0055	69.9963	0	0	0	0	0	0	0	0	0	0	0	0	0	0	
0	1	0	-0	0	0	-40	-40	-30	-40	-70	0	-40	40	30	-40	70	0	0	0	0	0	0	0	0	0	0	0	0	0	0	
0	1	0	-0	0	0	-40	-40	-30	-40	-70	0	-40	40	30	-40	70	0	0	0	0	0	0	0	0	0	0	0	0	0	0	
0	1	0	-0	0	0	-40	-40	-30	-40	-70	0	-40	40	30	-40	70	0	0	0	0	0	0	0	0	0	0	0	0	0	0	
0	1	0	-0	0	0	-40	-40	-30	-40	-70	0	-40	40	30	-40	70	0	0	0	0	0	0	0	0	0	0	0	0	0	0	
0	1	0	-0	0	0	-40	-40	-30	-40	-70	0	-40	40	30	-40	70	0	0	0	0	0	0	0	0	0	0	0	0	0	0	
0	1	0	-0	0	0	-40	-40	-30	-40	-70	0	-40	40	30	-40	70	0	0	0	0	0	0	0	0	0	0	0	0	0	0	
0	1	0	-0	0	0	-40	-40	-30	-40	-70	0	-40	40	30	-40	70	0	0	0	0	0	0	0	0	0	0	0	0	0	0	
0	1	0	-0	0	0	-40	-40	-30	-40	-70	0	-40	40	30	-40	70	0	0	0	0	0	0	0	0	0	0	0	0	0	0	
0	1	0	-0	0	0	-40	-40	-30	-40	-70	0	-40	40	30	-40	70	0	0	0	0	0	0	0	0	0	0	0	0	0	0	
0	1	0	-0	0	0	-40	-40	-30	-40	-70	0	-40	40	30	-40	70	0	0	0	0	0	0	0	0	0	0	0	0	0	0	
0	1	0	-0	0	0	-40	-40	-30	-40	-70	0	-40	40	30	-40	70	0	0	0	0	0	0	0	0	0	0	0	0	0	0	
0	1	0	-0	0	0	-40	-40	-30	-40	-70	0	-40	40	30	-40	70	0	0	0	0	0	0	0	0	0	0	0	0	0	0	
0	1	0	-0	0	0	-40	-40	-30	-40	-70	0	-40	40	30	-40	70	0	0	0	0	0	0	0	0	0	0	0	0	0	0	
0	1	0	-0	0	0	-40	-40	-30	-40	-70	0	-40	40	30	-40	70	0	0	0	0	0	0	0	0	0	0	0	0	0	0	
0	1	0	-0	0	0	-40	-40	-30	-40	-70	0	-40	40	30	-40	70	0	0	0	0	0	0	0	0	0	0	0	0	0	0	
0	1	0	-0	0	0	-40	-40	-30	-40	-70	0	-40	40	30	-40	70	0	0	0	0	0	0	0	0	0	0	0	0	0	0	
0	1	0	-0	0	0	-40	-40	-30	-40	-70	0	-40	40	30	-40	70	0	0	0	0	0	0	0	0	0	0	0	0	0	0	
0	1	0	-0	0	0	-40	-40	-30	-40	-70	0	-40	40	30	-40	70	0	0	0	0	0	0	0	0	0	0	0	0	0	0	
0	1	0	-0	0	0	-40	-40	-30	-40	-70	0	-40	40	30	-40	70	0	0	0	0	0	0	0	0	0	0	0	0	0	0	
0	1	0	-0	0	0	-40	-40	-30	-40	-70	0	-40	40	30	-40	70	0	0	0	0	0	0	0	0	0	0	0	0	0	0	
0	1	0	-0	0	0	-40	-40	-30	-40	-70	0	-40	40	30	-40	70	0	0	0	0	0	0	0	0	0	0	0	0	0	0	
0	1	0	-0	0	0	-40	-40	-30	-40	-70	0	-40	40	30	-40	70	0	0	0	0	0	0	0	0	0	0	0	0	0	0	
0	1	0	-0	0	0	-40	-40	-30	-40	-70	0	-40	40	30	-40	70	0	0	0	0	0	0	0	0	0	0	0	0	0	0	
0	1	0	-0	0	0	-40	-40	-30	-40	-70	0	-40	40	30	-40	70	0	0	0	0	0	0	0	0	0	0	0	0	0	0	
0	1	0	-0	0	0	-40	-40	-30	-40	-70	0	-40	40	30	-40	70	0	0	0	0	0	0	0	0	0	0	0	0	0	0	
0	1	0	-0	0	0	-40	-40	-30	-40	-70	0	-40	40	30	-40	70	0	0	0	0	0	0	0	0	0	0	0	0	0	0	
0	1	0	-0	0	0	-40	-40	-30	-40	-70	0	-40	40	30	-40	70	0	0	0	0	0	0	0	0	0	0	0	0	0	0	
0	1	0	-0	0	0	-40	-40	-30	-40	-70	0	-40	40	30	-40	70	0	0	0	0	0	0	0	0	0	0	0	0	0	0	
0	1	0	-0	0	0	-40	-40	-30	-40	-70	0	-40	40	30	-40	70	0	0	0	0	0	0	0	0	0	0	0	0	0	0	
0	1	0	-0	0	0	-40	-40	-30	-40	-70	0	-40	40	30	-40	70	0	0	0	0	0	0	0	0	0	0	0	0	0	0	
0	1	0	-0	0	0	-40	-40	-30	-40	-70	0	-40	40	30	-40	70	0	0	0	0	0	0	0	0	0	0	0	0	0	0	
0	1	0	-0	0	0	-40	-40	-30	-40	-70	0	-40	40	30	-40	70	0	0	0	0	0	0	0	0	0	0	0	0	0	0	
0	1	0	-0	0	0	-40	-40	-30	-40	-70	0	-40	40	30	-40	70	0	0	0	0	0	0	0	0	0	0	0	0	0	0	
0	1	0	-0	0	0	-40	-40	-30	-40	-70	0	-40	40	30	-40	70	0	0	0	0	0	0	0	0	0	0	0	0	0	0	
0	1	0	-0	0	0	-40	-40	-30	-40	-70	0	-40	40	30	-40	70	0	0	0	0	0	0	0	0	0	0	0	0	0	0	
0	1	0	-0	0	0	-40	-40	-30	-40	-70	0	-40	40	30	-40	70	0	0	0	0	0	0	0	0	0	0	0	0	0	0	
0	1	0	-0	0	0	-40	-40	-30	-40	-70	0	-40	40	30	-40	70	0	0	0	0	0	0	0	0	0	0	0	0	0	0	
0	1	0	-0	0	0	-40	-40	-30	-40	-70	0	-40	40	30	-40	70	0	0	0	0	0	0	0	0	0	0	0	0	0	0	
0	1	0	-0	0	0	-40	-40	-30	-40	-70	0	-40	40	30	-40	70	0	0	0	0	0	0	0	0	0	0	0	0	0	0	
0	1	0	-0	0	0	-40	-40	-30	-40	-70	0	-40	40	30	-40	70	0	0	0	0	0	0	0	0	0	0	0	0	0	0	
0	1	0	-0	0	0	-40	-40	-30	-40	-70	0	-40	40	30	-40	70	0	0	0	0	0	0	0	0	0	0	0	0	0	0	
0	1	0	-0	0	0	-39.9938	-39.9963	-29.9963	-39.9988	-69.9913	0	-39.9938	39.9963	29.9963	-39.9988	69.9913	0	0	0	0	0	0	0	0	0	0	0	0	0	0	
0	1	0	-0	0	0	-39.9876	-39.9926	-29.9926	-39.9976	-69.9827	0	-39.9876	39.9926	29.9926	-39.9976	69.9827	0	0	0	0	0	0	0	0	0	0	0	0	0	0	
0	1	0	-0	0	0	-39.9692	-39.9815	-29.9815	-39.9939	-69.9568	0	-39.9692	39.9815	29.9815	-39.9939	69.9568	0	0	0	0	0	0	0	0	0	0	0	0	0	0	
0	1	0	-0	0	0	-39.9507	-39.9704	-29.9704	-39.9902	-69.9309	0	-39.9507	39.9704	29.9704	-39.9902	69.9309	0	0	0	0	0	0	0	0	0	0	0	0	0	0	
0	1	0	-0	0	0	-39.9199	-39.9519	-29.9519	-39.984	-69.8878	0	-39.9199	39.9519	29.9519	-39.984	69.8878	0	0	0	0	0	0	0	0	0	0	0	0	0	0	
0	1	0	-0	0	0	-39.889	-39.9334	-29.9334	-39.9778	-69.8446	0	-39.889	39.9334	29.9334	-39.9778	69.8446	0	0	0	0	0	0	0	0	0	0	0	0	0	0	
0	1	0	-0	0	0	-39.8459	-39.9076	-29.9076	-39.9692	-69.7843	0	-39.8459	39.9076	29.9076	-39.9692	69.7843	0	0	0	0	0	0	0	0	0	0	0	0	0	0	
0	1	0	-0	0	0	-39.8029	-39.8817	-29.8817	-39.9606	-69.724	0	-39.8029	39.8817	29.8817	-39.9606	69.724	0	0	0	0	0	0	0	0	0	0	0	0	0	0	
0	1	0	-0	0	0	-39.7475	-39.8485	-29.8485	-39.9495	-69.6466	0	-39.7475	39.8485	29.8485	-39.9495	69.6466	0	0	0	0	0	0	0	0	0	0	0	0	0	0	
0	1	0	-0	0	0	-39.6922	-39.8153	-29.8153	-39.9384	-69.5691	0	-39.6922	39.8153	29.8153	-39.9384	69.5691	0	0	0	0	0	0	0	0	0	0	0	0	0	0	
0	1	0	-0	0	0	-39.6247	-39.7748	-29.7748	-39.9249	-69.4746	0	-39.6247	39.7748	29.7748	-39.9249	69.4746	0	0	0	0	0	0	0	0	0	0	0	0	0	0	
0	1	0	-0	0	0	-39.5572	-39.7343	-29.7343	-39.9114	-69.38	0	-39.5572	39.7343	29.7343	-39.9114	69.38	0	0	0	0	0	0	0	0	0	0	0	0	0	0	
0	1	0	-0	0	0	-39.4775	-39.6865	-29.6865	-39.8955	-69.2686	0	-39.4775	39.6865	29.6865	-39.8955	69.2686	0	0	0	0	0	0	0	0	0	0	0	0	0	0	
0	1	0	-0	0	0	-39.3979	-39.6388	-29.6388	-39.8796	-69.1571	0	-39.3979	39.6388	29.6388	-39.8796	69.1571	0	0	0	0	0	0	0	0	0	0	0	0	0	0	
0	1	0	-0	0	0	-39.3063	-39.5838	-29.5838	-39.8612	-69.0288	0	-39.3063	39.5838	29.5838	-39.8612	69.0288	0	0	0	0	0	0	0	0	0	0	0	0	0	0	
0	1	0	-0	0	0	-39.2146	-39.5288	-29.5288	-39.8429	-68.9004	0	-39.2146	39.5288	29.5288	-39.8429	68.9004	0	0	0	0	0	0	0	0	0	0	0	0	0	0	
0	1	0	-0	0	0	-39.111	-39.4666	-29.4666	-39.8222	-68.7553	0	-39.111	39.4666	29.4666	-39.8222	68.7553	0	0	0	0	0	0	0	0	0	0	0	0	0	0	
0	1	0	-0	0	0	-39.0074	-39.4044	-29.4044	-39.8015	-68.6103	0	-39.0074	39.4044	29.4044	-39.8015	68.6103	0	0	0	0	0	0	0	0	0	0	0	0	0	0	
0	1	0	-0	0	0	-38.8919	-39.3351	-29.3351	-39.7784	-68.4486	0	-38.8919	39.3351	29.3351	-39.7784	68.4486	0	0	0	0	0	0	0	0	0	0	0	0	0	0	
0	1	0	-0	0	0	-38.7764	-39.2658	-29.2658	-39.7553	-68.287	0	-38.7764	39.2658	29.2658	-39.7553	68.287	0	0	0	0	0	0	0	0	0	0	0	0	0	0	
0	1	0	-0	0	0	-38.6492	-39.1895	-29.1895	-39.7299	-68.1089	0	-38.6492	39.1895	29.1895	-39.7299	68.1089	0	0	0	0	0	0	0	0	0	0	0	0	0	0	
0	1	0	-0	0	0	-38.522	-39.1132	-29.1132	-39.7044	-67.9309	0	-38.522	39.1132	29.1132	-39.7044	67.9309	0	0	0	0	0	0	0	0	0	0	0	0	0	0	
0	1	0	-0	0	0	-38.3832	-39.0299	-29.0299	-39.6767	-67.7365	0	-38.3832	39.0299	29.0299	-39.6767	67.7365	0	0	0	0	0	0	0	0	0	0	0	0	0	0	
0	1	0	-0	0	0	-38.2444	-38.9466	-28.9466	-39.6489	-67.5422	0	-38.2444	38.9466	28.9466	-39.6489	67.5422	0	0	0	0	0	0	0	0	0	0	0	0	0	0	
0	1	0	-0	0	0	-38.0941	-38.8565	-28.8565	-39.6188	-67.3318	0	-38.0941	38.8565	28.8565	-39.6188	67.3318	0	0	0	0	0	0	0	0	0	0	0	0	0	0	
0	1	0	-0	0	0	-37.9438	-38.7663	-28.7663	-39.5887	-67.1214	0	-37.9438	38.7663	28.7663	-39.5887	67.1214	0	0	0	0	0	0	0	0	0	0	0	0	0	0	
0	1	0	-0	0	0	-37.7823	-38.6694	-28.6694	-39.5564	-66.8952	0	-37.7823	38.6694	28.6694	-39.5564	66.8952	0	0	0	0	0	0	0	0	0	0	0	0	0	0	
0	1	0	-0	0	0	-37.6207	-38.5724	-28.5724	-39.5241	-66.669	0	-37.6207	38.5724	28.5724	-39.5241	66.669	0	0	0	0	0	0	0	0	0	0	0	0	0	0	
0	1	0	-0	0	0	-37.4479	-38.4688	-28.4688	-39.4896	-66.4271	0	-37.4479	38.4688	28.4688	-39.4896	66.4271	0	0	0	0	0	0	0	0	0	0	0	0	0	0	
0	1	0	-0	0	0	-37.2751	-38.3651	-28.3651	-39.455	-66.1852	0	-37.2751	38.3651	28.3651	-39.455	66.1852	0	0	0	0	0	0	0	0	0	0	0	0	0	0	
0	1	0	-0	0	0	-37.0914	-38.2548	-28.2548	-39.4183	-65.928	0	-37.0914	38.2548	28.2548	-39.4183	65.928	0	0	0	0	0	0	0	0	0	0	0	0	0	0	
0	1	0	-0	0	0	-36.9076	-38.1446	-28.1446	-39.3815	-65.6708	0	-36.9076	38.1446	28.1446	-39.3815	65.6708	0	0	0	0	0	0	0	0	0	0	0	0	0	0	
0	1	0	-0	0	0	-36.7131	-38.0279	-28.0279	-39.3426	-65.3984	0	-36.7131	38.0279	28.0279	-39.3426	65.3984	0	0	0	0	0	0	0	0	0	0	0	0	0	0	
0	1	0	-0	0	0	-36.5186	-37.9111	-27.9111	-39.3037	-65.126	0	-36.5186	37.9111	27.9111	-39.3037	65.126	0	0	0	0	0	0	0	0	0	0	0	0	0	0	
0	1	0	-0	0	0	-36.3134	-37.788	-27.788	-39.2627	-64.8387	0	-36.3134	37.788	27.788	-39.2627	64.8387	0	0	0	0	0	0	0	0	0	0	0	0	0	0	
0	1	0	-0	0	0	-36.1082	-37.6649	-27.6649	-39.2217	-64.5515	0	-36.1082	37.6649	27.6649	-39.2217	64.5515	0	0	0	0	0	0	0	0	0	0	0	0	0	0	
0	1	0	-0	0	0	-35.8926	-37.5356	-27.5356	-39.1785	-64.2497	0	-35.8926	37.5356	27.5356	-39.1785	64.2497	0	0	0	0	0	0	0	0	0	0	0	0	0	0	
0	1	0	-0	0	0	-35.677	-37.4062	-27.4062	-39.1354	-63.9478	0	-35.677	37.4062	27.4062	-39.1354	63.9478	0	0	0	0	0	0	0	0	0	0	0	0	0	0	
0	1	0	-0	0	0	-35.4512	-37.2707	-27.2708	-39.0902	-63.6317	0	-35.4512	37.2707	27.2708	-39.0902	63.6317	0	0	0	0	-63.5	-63.5	-63.5	-63.5	-63.5	-63.5	-63.5	-63.5	-63.5	-63.5	
0	1	0	-0	0	0	-35.2254	-37.1352	-27.1353	-39.0451	-63.3156	0	-35.2254	37.1352	27.1353	-39.0451	63.3156	0	0	0	0	-127	-127	-127	-127	-127	-127	-127	-127	-127	-127	
0	1	0	-0	0	0	-34.9897	-36.9938	-26.9938	-38.9979	-62.9855	0	-34.9897	36.9938	26.9938	-38.9979	62.9855	0	0	0	0	-127	-127	-127	-127	-127	-127	-127	-127	-127	-127	
0	1	0	-0	0	0	-34.7539	-36.8523	-26.8523	-38.9508	-62.6555	0	-34.7539	36.8523	26.8523	-38.9508	62.6555	0	0	0	0	-127	-127	-127	-127	-127	-127	-127	-127	-127	-127	
0	1	0	-0	0	0	-34.5084	-36.705	-26.705	-38.9017	-62.3117	0	-34.5084	36.705	26.705	-38.9017	62.3117	0	0	0	0	-127	-127	-127	-127	-127	-127	-127	-127	-127	-127	
0	1	0	-0	0	0	-34.2628	-36.5577	-26.5577	-38.8526	-61.968	0	-34.2628	36.5577	26.5577	-38.8526	61.968	0	0	0	0	-127	-127	-127	-127	-127	-127	-127	-127	-127	-127	
0	1	0	-0	0	0	-34.0078	-36.4047	-26.4047	-38.8016	-61.6109	0	-34.0078	36.4047	26.4047	-38.8016	61.6109	0	0	0	0	-127	-127	-127	-127	-127	-127	-127	-127	-127	-127	
0	1	0	-0	0	0	-33.7528	-36.2517	-26.2517	-38.7506	-61.2539	0	-33.7528	36.2517	26.2517	-38.7506	61.2539	0	0	0	0	-127	-127	-127	-127	-127	-127	-127	-127	-127	-127	
0	1	0	-0	0	0	-33.4885	-36.0931	-26.0931	-38.6977	-60.8839	0	-33.4885	36.0931	26.0931	-38.6977	60.8839	0	0	0	0	-127	-127	-127	-127	-127	-127	-127	-127	-127	-127	
0	1	0	-0	0	0	-33.2242	-35.9345	-25.9345	-38.6449	-60.5139	0	-33.2242	35.9345	25.9345	-38.6449	60.5139	0	0	0	0	-127	-127	-127	-127	-127	-127	-127	-127	-127	-127	
0	1	0	-0	0	0	-32.9509	-35.7706	-25.7706	-38.5902	-60.1313	0	-32.9509	35.7706	25.7706	-38.5902	60.1313	0	0	0	0	-127	-127	-127	-127	-127	-127	-127	-127	-127	-127	
0	1	0	-0	0	0	-32.6777	-35.6066	-25.6066	-38.5355	-59.7487	0	-32.6777	35.6066	25.6066	-38.5355	59.7487	0	0	0	0	-127	-127	-127	-127	-127	-127	-127	-127	-127	-127	
0	1	0	-0	0	0	-32.3957	-35.4374	-25.4374	-38.4791	-59.3539	0	-32.3957	35.4374	25.4374	-38.4791	59.3539	0	0	0	0	-127	-127	-127	-127	-127	-127	-127	-127	-127	-127	
0	1	0	-0	0	0	-32.1137	-35.2682	-25.2682	-38.4227	-58.9591	0	-32.1137	35.2682	25.2682	-38.4227	58.9591	0	0	0	0	-127	-127	-127	-127	-127	-127	-127	-127	-127	-127	
0	1	0	-0	0	0	-31.8232	-35.0939	-25.0939	-38.3647	-58.5525	0	-31.8232	35.0939	25.0939	-38.3647	58.5525	0	0	0	0	-127	-127	-127	-127	-127	-127	-127	-127	-127	-127	
0	1	0	-0	0	0	-31.5328	-34.9197	-24.9197	-38.3066	-58.1459	0	-31.5328	34.9197	24.9197	-38.3066	58.1459	0	0	0	0	-127	-127	-127	-127	-127	-127	-127	-127	-127	-127	
0	1	0	-0	0	0	-31.2342	-34.7405	-24.7405	-38.2469	-57.7279	0	-31.2342	34.7405	24.7405	-38.2469	57.7279	0	0	0	0	-127	-127	-127	-127	-127	-127	-127	-127	-127	-127	
0	1	0	-0	0	0	-30.9356	-34.5614	-24.5614	-38.1871	-57.3098	0	-30.9356	34.5614	24.5614	-38.1871	57.3098	0	0	0	0	-127	-127	-127	-127	-127	-127	-127	-127	-127	-127	
0	1	0	-0	0	0	-30.6291	-34.3775	-24.3775	-38.1258	-56.8808	0	-30.6291	34.3775	24.3775	-38.1258	56.8808	0	0	0	0	-127	-127	-127	-127	-127	-127	-127	-127	-127	-127	
0	1	0	-0	0	0	-30.3227	-34.1936	-24.1936	-38.0645	-56.4518	0	-30.3227	34.1936	24.1936	-38.0645	56.4518	0	0	0	0	-127	-127	-127	-127	-127	-127	-127	-127	-127	-127	
0	1	0	-0	0	0	-30.0087	-34.0052	-24.0052	-38.0017	-56.0121	0	-30.0087	34.0052	24.0052	-38.0017	56.0121	0	0	0	0	-127	-127	-127	-127	-127	-127	-127	-127	-127	-127	
0	1	0	-0	0	0	-29.6946	-33.8168	-23.8168	-37.9389	-55.5725	0	-29.6946	33.8168	23.8168	-37.9389	55.5725	0	0	0	0	-127	-127	-127	-127	-127	-127	-127	-127	-127	-127	
0	1	0	-0	0	0	-29.3734	-33.624	-23.624	-37.8747	-55.1227	0	-29.3734	33.624	23.624	-37.8747	55.1227	0	0	0	0	-127	-127	-127	-127	-127	-127	-127	-127	-127	-127	
0	1	0	-0	0	0	-29.0521	-33.4312	-23.4313	-37.8104	-54.673	0	-29.0521	33.4312	23.4313	-37.8104	54.673	0	0	0	0	-127	-127	-127	-127	-127	-127	-127	-127	-127	-127	
0	1	0	-0	0	0	-28.7239	-33.2343	-23.2344	-37.7448	-54.2134	0	-28.7239	33.2343	23.2344	-37.7448	54.2134	0	0	0	0	-127	-127	-127	-127	-127	-127	-127	-127	-127	-127	
0	1	0	-0	0	0	-28.3957	-33.0374	-23.0374	-37.6791	-53.7539	0	-28.3957	33.0374	23.0374	-37.6791	53.7539	0	0	0	0	-127	-127	-127	-127	-127	-127	-127	-127	-127	-127	
0	1	0	-0	0	0	-28.0609	-32.8365	-22.8365	-37.6122	-53.2852	0	-28.0609	32.8365	22.8365	-37.6122	53.2852	0	0	0	0	-127	-127	-127	-127	-127	-127	-127	-127	-127	-127	
0	1	0	-0	0	0	-27.7261	-32.6356	-22.6356	-37.5452	-52.8165	0	-27.7261	32.6356	22.6356	-37.5452	52.8165	0	0	0	0	-127	-127	-127	-127	-127	-127	-127	-127	-127	-127	
0	1	0	-0	0	0	-27.3849	-32.431	-22.431	-37.477	-52.3389	0	-27.3849	32.431	22.431	-37.477	52.3389	0	0	0	0	-127	-127	-127	-127	-127	-127	-127	-127	-127	-127	
0	1	0	-0	0	0	-27.0438	-32.2263	-22.2263	-37.4088	-51.8614	0	-27.0438	32.2263	22.2263	-37.4088	51.8614	0	0	0	0	-127	-127	-127	-127	-127	-127	-127	-127	-127	-127	
0	1	0	-0	0	0	-26.6968	-32.0181	-22.0181	-37.3393	-51.3755	0	-26.6968	32.0181	22.0181	-37.3393	51.3755	0	0	0	0	-127	-127	-127	-127	-127	-127	-127	-127	-127	-127	
0	1	0	-0	0	0	-26.3498	-31.8099	-21.8099	-37.2699	-50.8897	0	-26.3498	31.8099	21.8099	-37.2699	50.8897	0	0	0	0	-127	-127	-127	-127	-127	-127	-127	-127	-127	-127	
0	1	0	-0	0	0	-25.9971	-31.5983	-21.5983	-37.1994	-50.396	0	-25.9971	31.5983	21.5983	-37.1994	50.396	0	0	0	0	-127	-127	-127	-127	-127	-127	-127	-127	-127	-127	
0	1	0	-0	0	0	-25.6445	-31.3867	-21.3867	-37.1289	-49.9023	0	-25.6445	31.3867	21.3867	-37.1289	49.9023	0	0	0	0	-127	-127	-127	-127	-127	-127	-127	-127	-127	-127	
0	1	0	-0	0	0	-25.2866	-31.1719	-21.172	-37.0573	-49.4012	0	-25.2866	31.1719	21.172	-37.0573	49.4012	0	0	0	0	-127	-127	-127	-127	-127	-127	-127	-127	-127	-127	
0	1	0	-0	0	0	-24.9287	-30.9572	-20.9572	-36.9857	-48.9002	0	-24.9287	30.9572	20.9572	-36.9857	48.9002	0	0	0	0	-127	-127	-127	-127	-127	-127	-127	-127	-127	-127	
0	1	0	-0	0	0	-24.5659	-30.7395	-20.7396	-36.9132	-48.3923	0	-24.5659	30.7395	20.7396	-36.9132	48.3923	0	0	0	0	-127	-127	-127	-127	-127	-127	-127	-127	-127	-127	
0	1	0	-0	0	0	-24.2031	-30.5219	-20.5219	-36.8406	-47.8844	0	-24.2031	30.5219	20.5219	-36.8406	47.8844	0	0	0	0	-127	-127	-127	-127	-127	-127	-127	-127	-127	-127	
0	1	0	-0	0	0	-23.8358	-30.3015	-20.3015	-36.7672	-47.3701	0	-23.8358	30.3015	20.3015	-36.7672	47.3701	0	0	0	0	-127	-127	-127	-127	-127	-127	-127	-127	-127	-127	
0	1	0	-0	0	0	-23.4685	-30.0811	-20.0811	-36.6937	-46.8559	0	-23.4685	30.0811	20.0811	-36.6937	46.8559	0	0	0	0	-127	-127	-127	-127	-127	-127	-127	-127	-127	-127	
0	1	0	-0	0	0	-23.097	-29.8582	-19.8582	-36.6194	-46.3357	0	-23.097	29.8582	19.8582	-36.6194	46.3357	0	0	0	0	-127	-127	-127	-127	-127	-127	-127	-127	-127	-127	
0	1	0	-0	0	0	-22.7255	-29.6353	-19.6353	-36.5451	-45.8156	0	-22.7255	29.6353	19.6353	-36.5451	45.8156	0	0	0	0	-127	-127	-127	-127	-127	-127	-127	-127	-127	-127	
0	1	0	-0	0	0	-22.3501	-29.4101	-19.4101	-36.47	-45.2901	0	-22.3501	29.4101	19.4101	-36.47	45.2901	0	0	0	0	-127	-127	-127	-127	-127	-127	-127	-127	-127	-127	
0	1	0	-0	0	0	-21.9748	-29.1849	-19.1849	-36.395	-44.7647	0	-21.9748	29.1849	19.1849	-36.395	44.7647	0	0	0	0	-127	-127	-127	-127	-127	-127	-127	-127	-127	-127	
0	1	0	-0	0	0	-21.596	-28.9576	-18.9576	-36.3192	-44.2344	0	-21.596	28.9576	18.9576	-36.3192	44.2344	0	0	0	0	-127	-127	-127	-127	-127	-127	-127	-127	-127	-127	
0	1	0	-0	0	0	-21.2173	-28.7303	-18.7303	-36.2435	-43.7041	0	-21.2173	28.7303	18.7303	-36.2435	43.7041	0	0	0	0	-127	-127	-127	-127	-127	-127	-127	-127	-127	-127	
0	1	0	-0	0	0	-20.8354	-28.5012	-18.5012	-36.1671	-43.1696	0	-20.8354	28.5012	18.5012	-36.1671	43.1696	0	0	0	0	-127	-127	-127	-127	-127	-127	-127	-127	-127	-127	
0	1	0	-0	0	0	-20.4536	-28.2721	-18.2721	-36.0907	-42.6351	0	-20.4536	28.2721	18.2721	-36.0907	42.6351	0	0	0	0	-127	-127	-127	-127	-127	-127	-127	-127	-127	-127	
0	1	0	-0	0	0	-20.069	-28.0414	-18.0414	-36.0138	-42.0967	0	-20.069	28.0414	18.0414	-36.0138	42.0967	0	0	0	0	-127	-127	-127	-127	-127	-127	-127	-127	-127	-127	
0	1	0	-0	0	0	-19.6845	-27.8107	-17.8107	-35.9369	-41.5583	0	-19.6845	27.8107	17.8107	-35.9369	41.5583	0	0	0	0	-127	-127	-127	-127	-127	-127	-127	-127	-127	-127	
0	1	0	-0	0	0	-19.2977	-27.5786	-17.5786	-35.8595	-41.0168	0	-19.2977	27.5786	17.5786	-35.8595	41.0168	0	0	0	0	-127	-127	-127	-127	-127	-127	-127	-127	-127	-127	
0	1	0	-0	0	0	-18.9109	-27.3465	-17.3465	-35.7822	-40.4752	0	-18.9109	27.3465	17.3465	-35.7822	40.4752	0	0	0	0	-127	-127	-127	-127	-127	-127	-127	-127	-127	-127	
0	1	0	-0	0	0	-18.5221	-27.1133	-17.1133	-35.7044	-39.9309	0	-18.5221	27.1133	17.1133	-35.7044	39.9309	0	0	0	0	-127	-127	-127	-127	-127	-127	-127	-127	-127	-127	
0	1	0	-0	0	0	-18.1333	-26.88	-16.88	-35.6267	-39.3867	0	-18.1333	26.88	16.88	-35.6267	39.3867	0	0	0	0	-127	-127	-127	-127	-127	-127	-127	-127	-127	-127	
0	1	0	-0	0	0	-17.743	-26.6458	-16.6458	-35.5486	-38.8402	0	-17.743	26.6458	16.6458	-35.5486	38.8402	0	0	0	0	-127	-127	-127	-127	-127	-127	-127	-127	-127	-127	
0	1	0	-0	0	0	-17.3527	-26.4116	-16.4116	-35.4706	-38.2938	0	-17.3527	26.4116	16.4116	-35.4706	38.2938	0	0	0	0	-127	-127	-127	-127	-127	-127	-127	-127	-127	-127	
0	1	0	-0	0	0	-16.9612	-26.1768	-16.1767	-35.3923	-37.7457	0	-16.9612	26.1768	16.1767	-35.3923	37.7457	0	0	0	0	-127	-127	-127	-127	-127	-127	-127	-127	-127	-127	
0	1	0	-0	0	0	-16.5698	-25.9419	-15.9419	-35.314	-37.1977	0	-16.5698	25.9419	15.9419	-35.314	37.1977	0	0	0	0	-127	-127	-127	-127	-127	-127	-127	-127	-127	-127	
0	1	0	-0	0	0	-16.1775	-25.7065	-15.7065	-35.2355	-36.6485	0	-16.1775	25.7065	15.7065	-35.2355	36.6485	0	0	0	0	-127	-127	-127	-127	-127	-127	-127	-127	-127	-127	
0	1	0	-0	0	0	-15.7853	-25.4712	-15.4712	-35.157	-36.0994	0	-15.7853	25.4712	15.4712	-35.157	36.0994	0	0	0	0	-127	-127	-127	-127	-127	-127	-127	-127	-127	-127	
0	1	0	-0	0	0	-15.3927	-25.2356	-15.2356	-35.0785	-35.5497	0	-15.3927	25.2356	15.2356	-35.0785	35.5497	0	0	0	0	-127	-127	-127	-127	-127	-127	-127	-127	-127	-127	
0	1	0	-0	0	0	-15	-25	-15	-35	-35	0	-15	25	15	-35	35	0	0	0	0	-127	-127	-127	-127	-127	-127	-127	-127	-127	-127	
0	1	0	-0	0	0	-14.6074	-24.7644	-14.7644	-34.9215	-34.4503	0	-14.6074	24.7644	14.7644	-34.9215	34.4503	0	0	0	0	-63.5	-63.5	-63.5	-63.5	-63.5	-63.5	-63.5	-63.5	-63.5	-63.5	
0	1	0	-0	0	0	-14.2147	-24.5288	-14.5288	-34.8429	-33.9007	0	-14.2147	24.5288	14.5288	-34.8429	33.9007	0	0	0	0	0	0	0	0	0	0	0	0	0	0	
0	1	0	-0	0	0	-13.8225	-24.2935	-14.2935	-34.7645	-33.3515	0	-13.8225	24.2935	14.2935	-34.7645	33.3515	0	0	0	0	0	0	0	0	0	0	0	0	0	0	
0	1	0	-0	0	0	-13.4302	-24.0582	-14.0581	-34.6861	-32.8023	0	-13.4302	24.0582	14.0581	-34.6861	32.8023	0	0	0	0	0	0	0	0	0	0	0	0	0	0	
0	1	0	-0	0	0	-13.0388	-23.8233	-13.8233	-34.6078	-32.2543	0	-13.0388	23.8233	13.8233	-34.6078	32.2543	0	0	0	0	0	0	0	0	0	0	0	0	0	0	
0	1	0	-0	0	0	-12.6473	-23.5884	-13.5884	-34.5295	-31.7062	0	-12.6473	23.5884	13.5884	-34.5295	31.7062	0	0	0	0	0	0	0	0	0	0	0	0	0	0	
0	1	0	-0	0	0	-12.257	-23.3542	-13.3542	-34.4514	-31.1598	0	-12.257	23.3542	13.3542	-34.4514	31.1598	0	0	0	0	0	0	0	0	0	0	0	0	0	0	
0	1	0	-0	0	0	-11.8667	-23.12	-13.12	-34.3733	-30.6134	0	-11.8667	23.12	13.12	-34.3733	30.6134	0	0	0	0	0	0	0	0	0	0	0	0	0	0	
0	1	0	-0	0	0	-11.4779	-22.8867	-12.8867	-34.2956	-30.0691	0	-11.4779	22.8867	12.8867	-34.2956	30.0691	0	0	0	0	0	0	0	0	0	0	0	0	0	0	
0	1	0	-0	0	0	-11.0891	-22.6535	-12.6535	-34.2178	-29.5248	0	-11.0891	22.6535	12.6535	-34.2178	29.5248	0	0	0	0	0	0	0	0	0	0	0	0	0	0	
0	1	0	-0	0	0	-10.7023	-22.4214	-12.4214	-34.1405	-28.9832	0	-10.7023	22.4214	12.4214	-34.1405	28.9832	0	0	0	0	0	0	0	0	0	0	0	0	0	0	
0	1	0	-0	0	0	-10.3155	-22.1893	-12.1893	-34.0631	-28.4417	0	-10.3155	22.1893	12.1893	-34.0631	28.4417	0	0	0	0	0	0	0	0	0	0	0	0	0	0	
0	1	0	-0	0	0	-9.93096	-21.9586	-11.9586	-33.9862	-27.9033	0	-9.93096	21.9586	11.9586	-33.9862	27.9033	0	0	0	0	0	0	0	0	0	0	0	0	0	0	
0	1	0	-0	0	0	-9.54645	-21.7279	-11.7279	-33.9093	-27.365	0	-9.54645	21.7279	11.7279	-33.9093	27.365	0	0	0	0	0	0	0	0	0	0	0	0	0	0	
0	1	0	-0	0	0	-9.1646	-21.4988	-11.4988	-33.8329	-26.8304	0	-9.1646	21.4988	11.4988	-33.8329	26.8304	0	0	0	0	0	0	0	0	0	0	0	0	0	0	
0	1	0	-0	0	0	-8.78276	-21.2697	-11.2697	-33.7566	-26.2958	0	-8.78276	21.2697	11.2697	-33.7566	26.2958	0	0	0	0	0	0	0	0	0	0	0	0	0	0	
0	1	0	-0	0	0	-8.404	-21.0424	-11.0424	-33.6808	-25.7656	0	-8.404	21.0424	11.0424	-33.6808	25.7656	0	0	0	0	0	0	0	0	0	0	0	0	0	0	
0	1	0	-0	0	0	-8.02525	-20.8152	-10.8152	-33.6051	-25.2354	0	-8.02525	20.8152	10.8152	-33.6051	25.2354	0	0	0	0	0	0	0	0	0	0	0	0	0	0	
0	1	0	-0	0	0	-7.6499	-20.59	-10.59	-33.53	-24.7099	0	-7.6499	20.59	10.59	-33.53	24.7099	0	0	0	0	0	0	0	0	0	0	0	0	0	0	
0	1	0	-0	0	0	-7.27456	-20.3648	-10.3647	-33.4549	-24.1844	0	-7.27456	20.3648	10.3647	-33.4549	24.1844	0	0	0	0	0	0	0	0	0	0	0	0	0	0	
0	1	0	-0	0	0	-6.90305	-20.1418	-10.1418	-33.3806	-23.6643	0	-6.90305	20.1418	10.1418	-33.3806	23.6643	0	0	0	0	0	0	0	0	0	0	0	0	0	0	
0	1	0	-0	0	0	-6.53155	-19.9189	-9.91893	-33.3063	-23.1442	0	-6.53155	19.9189	9.91893	-33.3063	23.1442	0	0	0	0	0	0	0	0	0	0	0	0	0	0	
0	1	0	-0	0	0	-6.16422	-19.6985	-9.69854	-33.2328	-22.6299	0	-6.16422	19.6985	9.69854	-33.2328	22.6299	0	0	0	0	0	0	0	0	0	0	0	0	0	0	
0	1	0	-0	0	0	-5.7969	-19.4782	-9.47815	-33.1594	-22.1157	0	-5.7969	19.4782	9.47815	-33.1594	22.1157	0	0	0	0	0	0	0	0	0	0	0	0	0	0	
0	1	0	-0	0	0	-5.4341	-19.2605	-9.26046	-33.0868	-21.6078	0	-5.4341	19.2605	9.26046	-33.0868	21.6078	0	0	0	0	0	0	0	0	0	0	0	0	0	0	
0	1	0	-0	0	0	-5.07131	-19.0428	-9.04276	-33.0143	-21.0999	0	-5.07131	19.0428	9.04276	-33.0143	21.0999	0	0	0	0	0	0	0	0	0	0	0	0	0	0	
0	1	0	-0	0	0	-4.71341	-18.8281	-8.82805	-32.9427	-20.5988	0	-4.71341	18.8281	8.82805	-32.9427	20.5988	0	0	0	0	0	0	0	0	0	0	0	0	0	0	
0	1	0	-0	0	0	-4.35551	-18.6133	-8.61333	-32.8711	-20.0978	0	-4.35551	18.6133	8.61333	-32.8711	20.0978	0	0	0	0	0	0	0	0	0	0	0	0	0	0	
0	1	0	-0	0	0	-4.00288	-18.4017	-8.40174	-32.8006	-19.604	0	-4.00288	18.4017	8.40174	-32.8006	19.604	0	0	0	0	0	0	0	0	0	0	0	0	0	0	
0	1	0	-0	0	0	-3.65026	-18.1901	-8.19015	-32.73	-19.1103	0	-3.65026	18.1901	8.19015	-32.73	19.1103	0	0	0	0	0	0	0	0	0	0	0	0	0	0	
0	1	0	-0	0	0	-3.30322	-17.9819	-7.98193	-32.6606	-18.6245	0	-3.30322	17.9819	7.98193	-32.6606	18.6245	0	0	0	0	0	0	0	0	0	0	0	0	0	0	
0	1	0	-0	0	0	-2.95618	-17.7737	-7.77372	-32.5912	-18.1386	0	-2.95618	17.7737	7.77372	-32.5912	18.1386	0	0	0	0	0	0	0	0	0	0	0	0	0	0	
0	1	0	-0	0	0	-2.61507	-17.5691	-7.56906	-32.523	-17.6611	0	-2.61507	17.5691	7.56906	-32.523	17.6611	0	0	0	0	0	0	0	0	0	0	0	0	0	0	
0	1	0	-0	0	0	-2.27395	-17.3644	-7.3644	-32.4548	-17.1836	0	-2.27395	17.3644	7.3644	-32.4548	17.1836	0	0	0	0	0	0	0	0	0	0	0	0	0	0	
0	1	0	-0	0	0	-1.93915	-17.1635	-7.16349	-32.3878	-16.7148	0	-1.93915	17.1635	7.16349	-32.3878	16.7148	0	0	0	0	0	0	0	0	0	0	0	0	0	0	
0	1	0	-0	0	0	-1.60434	-16.9626	-6.96258	-32.3209	-16.246	0	-1.60434	16.9626	6.96258	-32.3209	16.246	0	0	0	0	0	0	0	0	0	0	0	0	0	0	
0	1	0	-0	0	0	-1.27612	-16.7657	-6.76566	-32.2552	-15.7866	0	-1.27612	16.7657	6.76566	-32.2552	15.7866	0	0	0	0	0	0	0	0	0	0	0	0	0	0	
0	1	0	-0	0	0	-0.947901	-16.5687	-6.56873	-32.1896	-15.3271	0	-0.947901	16.5687	6.56873	-32.1896	15.3271	0	0	0	0	0	0	0	0	0	0	0	0	0	0	
0	1	0	-0	0	0	-0.626644	-16.376	-6.37599	-32.1253	-14.8773	0	-0.626644	16.376	6.37599	-32.1253	14.8773	0	0	0	0	0	0	0	0	0	0	0	0	0	0	
0	1	0	-0	0	0	-0.305387	-16.1833	-6.18325	-32.0611	-14.4275	0	-0.305387	16.1833	6.18325	-32.0611	14.4275	0	0	0	0	0	0	0	0	0	0	0	0	0	0	
0	1	0	-0	0	0	0.00865166	-15.9948	-5.99483	-31.9983	-13.9879	0	0.00865166	15.9948	5.99483	-31.9983	13.9879	0	0	0	0	0	0	0	0	0	0	0	0	0	0	
0	1	0	-0	0	0	0.32269	-15.8064	-5.80641	-31.9355	-13.5483	0	0.32269	15.8064	5.80641	-31.9355	13.5483	0	0	0	0	0	0	0	0	0	0	0	0	0	0	
0	1	0	-0	0	0	0.629136	-15.6225	-5.62252	-31.8742	-13.1192	0	0.629136	15.6225	5.62252	-31.8742	13.1192	0	0	0	0	0	0	0	0	0	0	0	0	0	0	
0	1	0	-0	0	0	0.935583	-15.4386	-5.43863	-31.8129	-12.6902	0	0.935583	15.4386	5.43863	-31.8129	12.6902	0	0	0	0	0	0	0	0	0	0	0	0	0	0	
0	1	0	-0	0	0	1.23418	-15.2595	-5.25947	-31.7532	-12.2721	0	1.23418	15.2595	5.25947	-31.7532	12.2721	0	0	0	0	0	0	0	0	0	0	0	0	0	0	
0	1	0	-0	0	0	1.53278	-15.0803	-5.0803	-31.6934	-11.8541	0	1.53278	15.0803	5.0803	-31.6934	11.8541	0	0	0	0	0	0	0	0	0	0	0	0	0	0	
0	1	0	-0	0	0	1.82321	-14.906	-4.90604	-31.6353	-11.4475	0	1.82321	14.906	4.90604	-31.6353	11.4475	0	0	0	0	0	0	0	0	0	0	0	0	0	0	
0	1	0	-0	0	0	2.11364	-14.7318	-4.73177	-31.5773	-11.0408	0	2.11364	14.7318	4.73177	-31.5773	11.0408	0	0	0	0	0	0	0	0	0	0	0	0	0	0	
0	1	0	-0	0	0	2.39565	-14.5626	-4.56258	-31.5209	-10.646	0	2.39565	14.5626	4.56258	-31.5209	10.646	0	0	0	0	0	0	0	0	0	0	0	0	0	0	
0	1	0	-0	0	0	2.67766	-14.3934	-4.39338	-31.4645	-10.2512	0	2.67766	14.3934	4.39338	-31.4645	10.2512	0	0	0	0	0	0	0	0	0	0	0	0	0	0	
0	1	0	-0	0	0	2.95093	-14.2294	-4.22943	-31.4098	-9.86868	0	2.95093	14.2294	4.22943	-31.4098	9.86868	0	0	0	0	0	0	0	0	0	0	0	0	0	0	
0	1	0	-0	0	0	3.22421	-14.0655	-4.06548	-31.3552	-9.48612	0	3.22421	14.0655	4.06548	-31.3552	9.48612	0	0	0	0	0	0	0	0	0	0	0	0	0	0	
0	1	0	-0	0	0	3.48848	-13.9069	-3.90691	-31.3023	-9.11613	0	3.48848	13.9069	3.90691	-31.3023	9.11613	0	0	0	0	0	0	0	0	0	0	0	0	0	0	
0	1	0	-0	0	0	3.75276	-13.7484	-3.74835	-31.2495	-8.74614	0	3.75276	13.7484	3.74835	-31.2495	8.74614	0	0	0	0	0	0	0	0	0	0	0	0	0	0	
0	1	0	-0	0	0	4.00778	-13.5953	-3.59534	-31.1984	-8.3891	0	4.00778	13.5953	3.59534	-31.1984	8.3891	0	0	0	0	0	0	0	0	0	0	0	0	0	0	
0	1	0	-0	0	0	4.26281	-13.4423	-3.44233	-31.1474	-8.03207	0	4.26281	13.4423	3.44233	-31.1474	8.03207	0	0	0	0	0	0	0	0	0	0	0	0	0	0	
0	1	0	-0	0	0	4.50835	-13.295	-3.29499	-31.0983	-7.68832	0	4.50835	13.295	3.29499	-31.0983	7.68832	0	0	0	0	0	0	0	0	0	0	0	0	0	0	
0	1	0	-0	0	0	4.75389	-13.1477	-3.14766	-31.0492	-7.34457	0	4.75389	13.1477	3.14766	-31.0492	7.34457	0	0	0	0	0	0	0	0	0	0	0	0	0	0	
0	1	0	-0	0	0	4.98966	-13.0062	-3.00619	-31.0021	-7.01449	0	4.98966	13.0062	3.00619	-31.0021	7.01449	0	0	0	0	0	0	0	0	0	0	0	0	0	0	
0	1	0	-0	0	0	5.22543	-12.8647	-2.86473	-30.9549	-6.68441	0	5.22543	12.8647	2.86473	-30.9549	6.68441	0	0	0	0	0	0	0	0	0	0	0	0	0	0	
0	1	0	-0	0	0	5.45121	-12.7293	-2.72926	-30.9098	-6.36831	0	5.45121	12.7293	2.72926	-30.9098	6.36831	0	0	0	0	0	0	0	0	0	0	0	0	0	0	
0	1	0	-0	0	0	5.67698	-12.5938	-2.59378	-30.8646	-6.05221	0	5.67698	12.5938	2.59378	-30.8646	6.05221	0	0	0	0	0	0	0	0	0	0	0	0	0	0	
0	1	0	-0	0	0	5.89258	-12.4644	-2.46443	-30.8215	-5.75038	0	5.89258	12.4644	2.46443	-30.8215	5.75038	0	0	0	0	0	0	0	0	0	0	0	0	0	0	
0	1	0	-0	0	0	6.10819	-12.3351	-2.33509	-30.7784	-5.44854	0	6.10819	12.3351	2.33509	-30.7784	5.44854	0	0	0	0	0	0	0	0	0	0	0	0	0	0	
0	1	0	-0	0	0	6.31336	-12.212	-2.21199	-30.7373	-5.16129	0	6.31336	12.212	2.21199	-30.7373	5.16129	0	0	0	0	0	0	0	0	0	0	0	0	0	0	
0	1	0	-0	0	0	6.51854	-12.0889	-2.08889	-30.6963	-4.87404	0	6.51854	12.0889	2.08889	-30.6963	4.87404	0	0	0	0	0	0	0	0	0	0	0	0	0	0	
0	1	0	-0	0	0	6.71309	-11.9722	-1.97215	-30.6574	-4.60165	0	6.71309	11.9722	1.97215	-30.6574	4.60165	0	0	0	0	0	0	0	0	0	0	0	0	0	0	
0	1	0	-0	0	0	6.90764	-11.8554	-1.85541	-30.6185	-4.32927	0	6.90764	11.8554	1.85541	-30.6185	4.32927	0	0	0	0	0	0	0	0	0	0	0	0	0	0	
0	1	0	-0	0	0	7.09138	-11.7451	-1.74517	-30.5817	-4.07201	0	7.09138	11.7451	1.74517	-30.5817	4.07201	0	0	0	0	0	0	0	0	0	0	0	0	0	0	
0	1	0	-0	0	0	7.27513	-11.6349	-1.63494	-30.545	-3.81475	0	7.27513	11.6349	1.63494	-30.545	3.81475	0	0	0	0	0	0	0	0	0	0	0	0	0	0	
0	1	0	-0	0	0	7.44791	-11.5312	-1.53126	-30.5104	-3.57291	0	7.44791	11.5312	1.53126	-30.5104	3.57291	0	0	0	0	0	0	0	0	0	0	0	0	0	0	
0	1	0	-0	0	0	7.62068	-11.4276	-1.42758	-30.4759	-3.33106	0	7.62068	11.4276	1.42758	-30.4759	3.33106	0	0	0	0	0	0	0	0	0	0	0	0	0	0	
0	1	0	-0	0	0	7.78229	-11.3306	-1.33064	-30.4435	-3.10483	0	7.78229	11.3306	1.33064	-30.4435	3.10483	0	0	0	0	0	0	0	0	0	0	0	0	0	0	
0	1	0	-0	0	0	7.94389	-11.2337	-1.23369	-30.4112	-2.8786	0	7.94389	11.2337	1.23369	-30.4112	2.8786	0	0	0	0	0	0	0	0	0	0	0	0	0	0	
0	1	0	-0	0	0	8.09415	-11.1435	-1.14354	-30.3812	-2.66821	0	8.09415	11.1435	1.14354	-30.3812	2.66821	0	0	0	0	0	0	0	0	0	0	0	0	0	0	
0	1	0	-0	0	0	8.2444	-11.0533	-1.05338	-30.3511	-2.45782	0	8.2444	11.0533	1.05338	-30.3511	2.45782	0	0	0	0	0	0	0	0	0	0	0	0	0	0	
0	1	0	-0	0	0	8.3832	-10.9701	-0.970075	-30.3234	-2.2635	0	8.3832	10.9701	0.970075	-30.3234	2.2635	0	0	0	0	0	0	0	0	0	0	0	0	0	0	
0	1	0	-0	0	0	8.522	-10.8868	-0.886767	-30.2956	-2.06918	0	8.522	10.8868	0.886767	-30.2956	2.06918	0	0	0	0	0	0	0	0	0	0	0	0	0	0	
0	1	0	-0	0	0	8.6492	-10.8105	-0.810449	-30.2702	-1.8911	0	8.6492	10.8105	0.810449	-30.2702	1.8911	0	0	0	0	0	0	0	0	0	0	0	0	0	0	
0	1	0	-0	0	0	8.7764	-10.7341	-0.734131	-30.2447	-1.71303	0	8.7764	10.7341	0.734131	-30.2447	1.71303	0	0	0	0	0	0	0	0	0	0	0	0	0	0	
0	1	0	-0	0	0	8.89188	-10.6649	-0.66486	-30.2216	-1.55137	0	8.89188	10.6649	0.66486	-30.2216	1.55137	0	0	0	0	0	0	0	0	0	0	0	0	0	0	
0	1	0	-0	0	0	9.00735	-10.5956	-0.59559	-30.1985	-1.38971	0	9.00735	10.5956	0.59559	-30.1985	1.38971	0	0	0	0	0	0	0	0	0	0	0	0	0	0	
0	1	0	-0	0	0	9.11097	-10.5334	-0.533424	-30.1778	-1.24466	0	9.11097	10.5334	0.533424	-30.1778	1.24466	0	0	0	0	0	0	0	0	0	0	0	0	0	0	
0	1	0	-0	0	0	9.21459	-10.4713	-0.471258	-30.1571	-1.09962	0	9.21459	10.4713	0.471258	-30.1571	1.09962	0	0	0	0	0	0	0	0	0	0	0	0	0	0	
0	1	0	-0	0	0	9.30627	-10.4163	-0.416254	-30.1387	-0.971278	0	9.30627	10.4163	0.416254	-30.1387	0.971278	0	0	0	0	0	0	0	0	0	0	0	0	0	0	
0	1	0	-0	0	0	9.39794	-10.3613	-0.36125	-30.1204	-0.842936	0	9.39794	10.3613	0.36125	-30.1204	0.842936	0	0	0	0	0	0	0	0	0	0	0	0	0	0	
0	1	0	-0	0	0	9.47755	-10.3135	-0.313465	-30.1045	-0.731438	0	9.47755	10.3135	0.313465	-30.1045	0.731438	0	0	0	0	0	0	0	0	0	0	0	0	0	0	
0	1	0	-0	0	0	9.55717	-10.2657	-0.265681	-30.0886	-0.61994	0	9.55717	10.2657	0.265681	-30.0886	0.61994	0	0	0	0	0	0	0	0	0	0	0	0	0	0	
0	1	0	-0	0	0	9.62469	-10.2252	-0.225172	-30.0751	-0.525431	0	9.62469	10.2252	0.225172	-30.0751	0.525431	0	0	0	0	0	0	0	0	0	0	0	0	0	0	
0	1	0	-0	0	0	9.69221	-10.1847	-0.184664	-30.0615	-0.430922	0	9.69221	10.1847	0.184664	-30.0615	0.430922	0	0	0	0	0	0	0	0	0	0	0	0	0	0	
0	1	0	-0	0	0	9.74753	-10.1515	-0.151461	-30.0505	-0.353458	0	9.74753	10.1515	0.151461	-30.0505	0.353458	0	0	0	0	0	0	0	0	0	0	0	0	0	0	
0	1	0	-0	0	0	9.80285	-10.1183	-0.118258	-30.0394	-0.275994	0	9.80285	10.1183	0.118258	-30.0394	0.275994	0	0	0	0	0	0	0	0	0	0	0	0	0	0	
0	1	0	-0	0	0	9.84594	-10.0924	-0.0924181	-30.0308	-0.215661	0	9.84594	10.0924	0.0924181	-30.0308	0.215661	0	0	0	0	0	0	0	0	0	0	0	0	0	0	
0	1	0	-0	0	0	9.88902	-10.0666	-0.0665777	-30.0222	-0.155329	0	9.88902	10.0666	0.0665777	-30.0222	0.155329	0	0	0	0	0	0	0	0	0	0	0	0	0	0	
0	1	0	-0	0	0	9.91985	-10.0481	-0.0480998	-30.016	-0.112185	0	9.91985	10.0481	0.0480998	-30.016	0.112185	0	0	0	0	0	0	0	0	0	0	0	0	0	0	
0	1	0	-0	0	0	9.95067	-10.0296	-0.0296219	-30.0099	-0.0690414	0	9.95067	10.0296	0.0296219	-30.0099	0.0690414	0	0	0	0	0	0	0	0	0	0	0	0	0	0	
0	1	0	-0	0	0	9.96918	-10.0185	-0.0185065	-30.0062	-0.0431437	0	9.96918	10.0185	0.0185065	-30.0062	0.0431437	0	0	0	0	0	0	0	0	0	0	0	0	0	0	
0	1	0	-0	0	0	9.98769	-10.0074	-0.00739116	-30.0025	-0.017246	0	9.98769	10.0074	0.00739116	-30.0025	0.017246	0	0	0	0	0	0	0	0	0	0	0	0	0	0	
0	1	0	-0	0	0	9.99384	-10.0037	-0.00369558	-30.0012	-0.00862301	0	9.99384	10.0037	0.00369558	-30.0012	0.00862301	0	0	0	0	0	0	0	0	0	0	0	0	0	0	
0	1	0	-0	0	0	10	-10	0	-30	0	0	10	10	0	-30	0	0	0	0	0	0	0	0	0	0	0	0	0	0	0	
0	1	0	-0	0	0	10	-10	0	-30	0	0	10	10	0	-30	0	0	0	0	0	0	0	0	0	0	0	0	0	0	0	
0	1	0	-0	0	0	10	-10	0	-30	0	0	10	10	0	-30	0	0	0	0	0	0	0	0	0	0	0	0	0	0	0	
0	1	0	-0	0	0	10	-10	0	-30	0	0	10	10	0	-30	0	0	0	0	0	0	0	0	0	0	0	0	0	0	0	
0	1	0	-0	0	0	10	-10	0	-30	0	0	10	10	0	-30	0	0	0	0	0	0	0	0	0	0	0	0	0	0	0	
0	1	0	-0	0	0	10	-10	0	-30	0	0	10	10	0	-30	0	0	0	0	0	0	0	0	0	0	0	0	0	0	0	
0	1	0	-0	0	0	10	-10	0	-30	0	0	10	10	0	-30	0	0	0	0	0	0	0	0	0	0	0	0	0	0	0	
