DATA LENGTH(steps) :
819
STEPLENGTH(sec):
0.005

dPCz,	PEL_Q0,	PEL_Qx,	PEL_Qy,	PEL_Qz,	WST,	RSP,	RSR,	RSY,	REB,	RWY,	RWP,	LSP,	LSR,	LSY,	LEB,	LWY,	LWP,	NKY,	NK1,	NK2,	RF1,	RF2,	RF3,	RF4,	RF5,	LF1,	LF2,	LF3,	LF4,	LF5,

0	1	0	-0	0	0	10	-10	0	-30	0	0	10	10	0	-30	0	0	0	0	0	0	0	0	0	0	0	0	0	0	0	
0	1	0	-0	0	0	10	-10	0	-30	0	0	10	10	0	-30	0	0	0	0	0	0	0	0	0	0	0	0	0	0	0	
0	1	0	-0	0	0	10	-10	0	-30	0	0	10	10	0	-30	0	0	0	0	0	0	0	0	0	0	0	0	0	0	0	
0	1	0	-0	0	0	10	-10	0	-30	0	0	10	10	0	-30	0	0	0	0	0	0	0	0	0	0	0	0	0	0	0	
0	1	0	-0	0	0	10	-10	0	-30	0	0	10	10	0	-30	0	0	0	0	0	0	0	0	0	0	0	0	0	0	0	
0	1	0	-0	0	0	9.99445	-9.99814	0	-30	0.00985487	0	9.99445	9.99814	0	-30	-0.00985487	0	0	0	0	0	0	0	0	0	0	0	0	0	0	
0	1	0	-0	0	0	9.98889	-9.99628	0	-30	0.0197097	0	9.98889	9.99628	0	-30	-0.0197097	0	0	0	0	0	0	0	0	0	0	0	0	0	0	
0	1	0	-0	0	0	9.97224	-9.99075	0	-30	0.0493317	0	9.97224	9.99075	0	-30	-0.0493317	0	0	0	0	0	0	0	0	0	0	0	0	0	0	
0	1	0	-0	0	0	9.9556	-9.98522	0	-30	0.0789536	0	9.9556	9.98522	0	-30	-0.0789536	0	0	0	0	0	0	0	0	0	0	0	0	0	0	
0	1	0	-0	0	0	9.92787	-9.97597	0	-30	0.128228	0	9.92787	9.97597	0	-30	-0.128228	0	0	0	0	0	0	0	0	0	0	0	0	0	0	
0	1	0	-0	0	0	9.90014	-9.96672	0	-30	0.177502	0	9.90014	9.96672	0	-30	-0.177502	0	0	0	0	0	0	0	0	0	0	0	0	0	0	
0	1	0	-0	0	0	9.86135	-9.9538	0	-30	0.246458	0	9.86135	9.9538	0	-30	-0.246458	0	0	0	0	0	0	0	0	0	0	0	0	0	0	
0	1	0	-0	0	0	9.82256	-9.94088	0	-30	0.315413	0	9.82256	9.94088	0	-30	-0.315413	0	0	0	0	0	0	0	0	0	0	0	0	0	0	
0	1	0	-0	0	0	9.77277	-9.92426	0	-30	0.403935	0	9.77277	9.92426	0	-30	-0.403935	0	0	0	0	0	0	0	0	0	0	0	0	0	0	
0	1	0	-0	0	0	9.72298	-9.90764	0	-30	0.492457	0	9.72298	9.90764	0	-30	-0.492457	0	0	0	0	0	0	0	0	0	0	0	0	0	0	
0	1	0	-0	0	0	9.66222	-9.88739	0	-30	0.600488	0	9.66222	9.88739	0	-30	-0.600488	0	0	0	0	0	0	0	0	0	0	0	0	0	0	
0	1	0	-0	0	0	9.60145	-9.86714	0	-30	0.70852	0	9.60145	9.86714	0	-30	-0.70852	0	0	0	0	0	0	0	0	0	0	0	0	0	0	
0	1	0	-0	0	0	9.52978	-9.84324	0	-30	0.835917	0	9.52978	9.84324	0	-30	-0.835917	0	0	0	0	0	0	0	0	0	0	0	0	0	0	
0	1	0	-0	0	0	9.4581	-9.81935	0	-30	0.963314	0	9.4581	9.81935	0	-30	-0.963314	0	0	0	0	0	0	0	0	0	0	0	0	0	0	
0	1	0	-0	0	0	9.37562	-9.79185	0	-30	1.10999	0	9.37562	9.79185	0	-30	-1.10999	0	0	0	0	0	0	0	0	0	0	0	0	0	0	
0	1	0	-0	0	0	9.29315	-9.76435	0	-30	1.25667	0	9.29315	9.76435	0	-30	-1.25667	0	0	0	0	0	0	0	0	0	0	0	0	0	0	
0	1	0	-0	0	0	9.19987	-9.73326	0	-30	1.42245	0	9.19987	9.73326	0	-30	-1.42245	0	0	0	0	0	0	0	0	0	0	0	0	0	0	
0	1	0	-0	0	0	9.10659	-9.70218	0	-30	1.58824	0	9.10659	9.70218	0	-30	-1.58824	0	0	0	0	0	0	0	0	0	0	0	0	0	0	
0	1	0	-0	0	0	9.00269	-9.66755	0	-30	1.77299	0	9.00269	9.66755	0	-30	-1.77299	0	0	0	0	0	0	0	0	0	0	0	0	0	0	
0	1	0	-0	0	0	8.89878	-9.63291	0	-30	1.95774	0	8.89878	9.63291	0	-30	-1.95774	0	0	0	0	0	0	0	0	0	0	0	0	0	0	
0	1	0	-0	0	0	8.7843	-9.59475	0	-30	2.16125	0	8.7843	9.59475	0	-30	-2.16125	0	0	0	0	0	0	0	0	0	0	0	0	0	0	
0	1	0	-0	0	0	8.66983	-9.55659	0	-30	2.36477	0	8.66983	9.55659	0	-30	-2.36477	0	0	0	0	0	0	0	0	0	0	0	0	0	0	
0	1	0	-0	0	0	8.54489	-9.51497	0	-30	2.58685	0	8.54489	9.51497	0	-30	-2.58685	0	0	0	0	0	0	0	0	0	0	0	0	0	0	
0	1	0	-0	0	0	8.41996	-9.47334	0	-30	2.80893	0	8.41996	9.47334	0	-30	-2.80893	0	0	0	0	0	0	0	0	0	0	0	0	0	0	
0	1	0	-0	0	0	8.28471	-9.42825	0	-30	3.04937	0	8.28471	9.42825	0	-30	-3.04937	0	0	0	0	0	0	0	0	0	0	0	0	0	0	
0	1	0	-0	0	0	8.14947	-9.38316	0	-30	3.28981	0	8.14947	9.38316	0	-30	-3.28981	0	0	0	0	0	0	0	0	0	0	0	0	0	0	
0	1	0	-0	0	0	8.00405	-9.33469	0	-30	3.54836	0	8.00405	9.33469	0	-30	-3.54836	0	0	0	0	0	0	0	0	0	0	0	0	0	0	
0	1	0	-0	0	0	7.85863	-9.28621	0	-30	3.8069	0	7.85863	9.28621	0	-30	-3.8069	0	0	0	0	0	0	0	0	0	0	0	0	0	0	
0	1	0	-0	0	0	7.70313	-9.23439	0	-30	4.08333	0	7.70313	9.23439	0	-30	-4.08333	0	0	0	0	0	0	0	0	0	0	0	0	0	0	
0	1	0	-0	0	0	7.54763	-9.18257	0	-30	4.35975	0	7.54763	9.18257	0	-30	-4.35975	0	0	0	0	0	0	0	0	0	0	0	0	0	0	
0	1	0	-0	0	0	7.38227	-9.12745	0	-30	4.65374	0	7.38227	9.12745	0	-30	-4.65374	0	0	0	0	0	0	0	0	0	0	0	0	0	0	
0	1	0	-0	0	0	7.21692	-9.07233	0	-30	4.94772	0	7.21692	9.07233	0	-30	-4.94772	0	0	0	0	0	0	0	0	0	0	0	0	0	0	
0	1	0	-0	0	0	7.04179	-9.01394	0	-30	5.25901	0	7.04179	9.01394	0	-30	-5.25901	0	0	0	0	0	0	0	0	0	0	0	0	0	0	
0	1	0	-0	0	0	6.86667	-8.95556	0	-30	5.5703	0	6.86667	8.95556	0	-30	-5.5703	0	0	0	0	0	0	0	0	0	0	0	0	0	0	
0	1	0	-0	0	0	6.68203	-8.89402	0	-30	5.8986	0	6.68203	8.89402	0	-30	-5.8986	0	0	0	0	0	0	0	0	0	0	0	0	0	0	
0	1	0	-0	0	0	6.4974	-8.83249	0	-30	6.22691	0	6.4974	8.83249	0	-30	-6.22691	0	0	0	0	0	0	0	0	0	0	0	0	0	0	
0	1	0	-0	0	0	6.30337	-8.7678	0	-30	6.57183	0	6.30337	8.7678	0	-30	-6.57183	0	0	0	0	0	0	0	0	0	0	0	0	0	0	
0	1	0	-0	0	0	6.10933	-8.70311	0	-30	6.91675	0	6.10933	8.70311	0	-30	-6.91675	0	0	0	0	0	0	0	0	0	0	0	0	0	0	
0	1	0	-0	0	0	5.90611	-8.63536	0	-30	7.27803	0	5.90611	8.63536	0	-30	-7.27803	0	0	0	0	0	0	0	0	0	0	0	0	0	0	
0	1	0	-0	0	0	5.70288	-8.56761	0	-30	7.6393	0	5.70288	8.56761	0	-30	-7.6393	0	0	0	0	0	0	0	0	0	0	0	0	0	0	
0	1	0	-0	0	0	5.49068	-8.49688	0	-30	8.01654	0	5.49068	8.49688	0	-30	-8.01654	0	0	0	0	0	0	0	0	0	0	0	0	0	0	
0	1	0	-0	0	0	5.27849	-8.42615	0	-30	8.39377	0	5.27849	8.42615	0	-30	-8.39377	0	0	0	0	0	0	0	0	0	0	0	0	0	0	
0	1	0	-0	0	0	5.05753	-8.35249	0	-30	8.78662	0	5.05753	8.35249	0	-30	-8.78662	0	0	0	0	0	0	0	0	0	0	0	0	0	0	
0	1	0	-0	0	0	4.83657	-8.27884	0	-30	9.17947	0	4.83657	8.27884	0	-30	-9.17947	0	0	0	0	0	0	0	0	0	0	0	0	0	0	
0	1	0	-0	0	0	4.60704	-8.20235	0	-30	9.5875	0	4.60704	8.20235	0	-30	-9.5875	0	0	0	0	0	0	0	0	0	0	0	0	0	0	
0	1	0	-0	0	0	4.37751	-8.12586	0	-30	9.99554	0	4.37751	8.12586	0	-30	-9.99554	0	0	0	0	0	0	0	0	0	0	0	0	0	0	
0	1	0	-0	0	0	4.13965	-8.04656	0	-30	10.4184	0	4.13965	8.04656	0	-30	-10.4184	0	0	0	0	0	0	0	0	0	0	0	0	0	0	
0	1	0	-0	0	0	3.90179	-7.96726	0	-30	10.8413	0	3.90179	7.96726	0	-30	-10.8413	0	0	0	0	0	0	0	0	0	0	0	0	0	0	
0	1	0	-0	0	0	3.65584	-7.88527	0	-30	11.2785	0	3.65584	7.88527	0	-30	-11.2785	0	0	0	0	0	0	0	0	0	0	0	0	0	0	
0	1	0	-0	0	0	3.4099	-7.80328	0	-30	11.7157	0	3.4099	7.80328	0	-30	-11.7157	0	0	0	0	0	0	0	0	0	0	0	0	0	0	
0	1	0	-0	0	0	3.15611	-7.71869	0	-30	12.1669	0	3.15611	7.71869	0	-30	-12.1669	0	0	0	0	0	0	0	0	0	0	0	0	0	0	
0	1	0	-0	0	0	2.90232	-7.63409	0	-30	12.6181	0	2.90232	7.63409	0	-30	-12.6181	0	0	0	0	0	0	0	0	0	0	0	0	0	0	
0	1	0	-0	0	0	2.64091	-7.54697	0	-30	13.0828	0	2.64091	7.54697	0	-30	-13.0828	0	0	0	0	0	0	0	0	0	0	0	0	0	0	
0	1	0	-0	0	0	2.37949	-7.45985	0	-30	13.5475	0	2.37949	7.45985	0	-30	-13.5475	0	0	0	0	0	0	0	0	0	0	0	0	0	0	
0	1	0	-0	0	0	2.11078	-7.37027	0	-30	14.0253	0	2.11078	7.37027	0	-30	-14.0253	0	0	0	0	0	0	0	0	0	0	0	0	0	0	
0	1	0	-0	0	0	1.84206	-7.28069	0	-30	14.5031	0	1.84206	7.28069	0	-30	-14.5031	0	0	0	0	0	0	0	0	0	0	0	0	0	0	
0	1	0	-0	0	0	1.56624	-7.18876	0	-30	14.9934	0	1.56624	7.18876	0	-30	-14.9934	0	0	0	0	0	0	0	0	0	0	0	0	0	0	
0	1	0	-0	0	0	1.29042	-7.09683	0	-30	15.4837	0	1.29042	7.09683	0	-30	-15.4837	0	0	0	0	0	0	0	0	0	0	0	0	0	0	
0	1	0	-0	0	0	1.0078	-7.0026	0	-30	15.9862	0	1.0078	7.0026	0	-30	-15.9862	0	0	0	0	0	0	0	0	0	0	0	0	0	0	
0	1	0	-0	0	0	0.725193	-6.90838	0	-30	16.4886	0	0.725193	6.90838	0	-30	-16.4886	0	0	0	0	0	0	0	0	0	0	0	0	0	0	
0	1	0	-0	0	0	0.43605	-6.81201	0	-30	17.0026	0	0.43605	6.81201	0	-30	-17.0026	0	0	0	0	0	0	0	0	0	0	0	0	0	0	
0	1	0	-0	0	0	0.146906	-6.71564	0	-30	17.5166	0	0.146906	6.71564	0	-30	-17.5166	0	0	0	0	0	0	0	0	0	0	0	0	0	0	
0	1	0	-0	0	0	-0.148482	-6.61718	0	-30	18.0418	0	-0.148482	6.61718	0	-30	-18.0418	0	0	0	0	0	0	0	0	0	0	0	0	0	0	
0	1	0	-0	0	0	-0.44387	-6.51871	0	-30	18.5669	0	-0.44387	6.51871	0	-30	-18.5669	0	0	0	0	0	0	0	0	0	0	0	0	0	0	
0	1	0	-0	0	0	-0.745218	-6.41827	0	-30	19.1026	0	-0.745218	6.41827	0	-30	-19.1026	0	0	0	0	0	0	0	0	0	0	0	0	0	0	
0	1	0	-0	0	0	-1.04656	-6.31783	0	-30	19.6384	0	-1.04656	6.31783	0	-30	-19.6384	0	0	0	0	0	0	0	0	0	0	0	0	0	0	
0	1	0	-0	0	0	-1.35356	-6.2155	0	-30	20.1841	0	-1.35356	6.2155	0	-30	-20.1841	0	0	0	0	0	0	0	0	0	0	0	0	0	0	
0	1	0	-0	0	0	-1.66055	-6.11317	0	-30	20.7298	0	-1.66055	6.11317	0	-30	-20.7298	0	0	0	0	0	0	0	0	0	0	0	0	0	0	
0	1	0	-0	0	0	-1.97287	-6.00904	0	-30	21.2851	0	-1.97287	6.00904	0	-30	-21.2851	0	0	0	0	0	0	0	0	0	0	0	0	0	0	
0	1	0	-0	0	0	-2.28518	-5.9049	0	-30	21.8403	0	-2.28518	5.9049	0	-30	-21.8403	0	0	0	0	0	0	0	0	0	0	0	0	0	0	
0	1	0	-0	0	0	-2.60257	-5.79914	0	-30	22.4046	0	-2.60257	5.79914	0	-30	-22.4046	0	0	0	0	0	0	0	0	0	0	0	0	0	0	
0	1	0	-0	0	0	-2.91996	-5.69337	0	-30	22.9688	0	-2.91996	5.69337	0	-30	-22.9688	0	0	0	0	0	0	0	0	0	0	0	0	0	0	
0	1	0	-0	0	0	-3.24205	-5.58599	0	-30	23.5415	0	-3.24205	5.58599	0	-30	-23.5415	0	0	0	0	0	0	0	0	0	0	0	0	0	0	
0	1	0	-0	0	0	-3.56414	-5.47862	0	-30	24.1141	0	-3.56414	5.47862	0	-30	-24.1141	0	0	0	0	0	0	0	0	0	0	0	0	0	0	
0	1	0	-0	0	0	-3.89067	-5.36979	0	-30	24.6945	0	-3.89067	5.36979	0	-30	-24.6945	0	0	0	0	0	0	0	0	0	0	0	0	0	0	
0	1	0	-0	0	0	-4.2172	-5.26096	0	-30	25.275	0	-4.2172	5.26096	0	-30	-25.275	0	0	0	0	0	0	0	0	0	0	0	0	0	0	
0	1	0	-0	0	0	-4.5478	-5.15075	0	-30	25.8627	0	-4.5478	5.15075	0	-30	-25.8627	0	0	0	0	0	0	0	0	0	0	0	0	0	0	
0	1	0	-0	0	0	-4.87839	-5.04054	0	-30	26.4505	0	-4.87839	5.04054	0	-30	-26.4505	0	0	0	0	0	0	0	0	0	0	0	0	0	0	
0	1	0	-0	0	0	-5.21274	-4.92907	0	-30	27.0449	0	-5.21274	4.92907	0	-30	-27.0449	0	0	0	0	0	0	0	0	0	0	0	0	0	0	
0	1	0	-0	0	0	-5.54709	-4.8176	0	-30	27.6393	0	-5.54709	4.8176	0	-30	-27.6393	0	0	0	0	0	0	0	0	0	0	0	0	0	0	
0	1	0	-0	0	0	-5.88488	-4.70501	0	-30.008	28.2398	0	-5.88488	4.70501	0	-30.008	-28.2398	0	0	0	0	0	0	0	0	0	0	0	0	0	0	
0	1	0	-0	0	0	-6.22267	-4.59243	0	-30.0161	28.8403	0	-6.22267	4.59243	0	-30.0161	-28.8403	0	0	0	0	0	0	0	0	0	0	0	0	0	0	
0	1	0	-0	0	0	-6.56358	-4.47881	0	-30.0401	29.4464	0	-6.56358	4.47881	0	-30.0401	-29.4464	0	0	0	0	0	0	0	0	0	0	0	0	0	0	
0	1	0	-0	0	0	-6.90449	-4.36519	0	-30.0641	30.0524	0	-6.90449	4.36519	0	-30.0641	-30.0524	0	0	0	0	0	0	0	0	0	0	0	0	0	0	
0	1	0	-0	0	0	-7.24812	-4.25063	0	-30.1042	30.6633	0	-7.24812	4.25063	0	-30.1042	-30.6633	0	0	0	0	0	0	0	0	0	0	0	0	0	0	
0	1	0	-0	0	0	-7.59175	-4.13607	0	-30.1442	31.2743	0	-7.59175	4.13607	0	-30.1442	-31.2743	0	0	0	0	0	0	0	0	0	0	0	0	0	0	
0	1	0	-0	0	0	-7.93784	-4.0207	0	-30.2003	31.8895	0	-7.93784	4.0207	0	-30.2003	-31.8895	0	0	0	0	0	0	0	0	0	0	0	0	0	0	
0	1	0	-0	0	0	-8.28394	-3.90534	0	-30.2563	32.5048	0	-8.28394	3.90534	0	-30.2563	-32.5048	0	0	0	0	0	0	0	0	0	0	0	0	0	0	
0	1	0	-0	0	0	-8.63207	-3.78929	0	-30.3282	33.1237	0	-8.63207	3.78929	0	-30.3282	-33.1237	0	0	0	0	0	0	0	0	0	0	0	0	0	0	
0	1	0	-0	0	0	-8.9802	-3.67323	0	-30.4001	33.7426	0	-8.9802	3.67323	0	-30.4001	-33.7426	0	0	0	0	0	0	0	0	0	0	0	0	0	0	
0	1	0	-0	0	0	-9.3301	-3.55661	0	-30.4879	34.3646	0	-9.3301	3.55661	0	-30.4879	-34.3646	0	0	0	0	0	0	0	0	0	0	0	0	0	0	
0	1	0	-0	0	0	-9.68001	-3.43998	0	-30.5757	34.9866	0	-9.68001	3.43998	0	-30.5757	-34.9866	0	0	0	0	0	0	0	0	0	0	0	0	0	0	
0	1	0	-0	0	0	-10.0313	-3.3229	0	-30.6792	35.6112	0	-10.0313	3.3229	0	-30.6792	-35.6112	0	0	0	0	0	0	0	0	0	0	0	0	0	0	
0	1	0	-0	0	0	-10.3826	-3.20581	0	-30.7827	36.2357	0	-10.3826	3.20581	0	-30.7827	-36.2357	0	0	0	0	0	0	0	0	0	0	0	0	0	0	
0	1	0	-0	0	0	-10.7349	-3.08839	0	-30.9019	36.862	0	-10.7349	3.08839	0	-30.9019	-36.862	0	0	0	0	0	0	0	0	0	0	0	0	0	0	
0	1	0	-0	0	0	-11.0872	-2.97096	0	-31.021	37.4883	0	-11.0872	2.97096	0	-31.021	-37.4883	0	0	0	0	0	0	0	0	0	0	0	0	0	0	
0	1	0	-0	0	0	-11.4402	-2.85327	0	-31.1557	38.116	0	-11.4402	2.85327	0	-31.1557	-38.116	0	0	0	0	0	0	0	0	0	0	0	0	0	0	
0	1	0	-0	0	0	-11.7932	-2.73559	0	-31.2904	38.7436	0	-11.7932	2.73559	0	-31.2904	-38.7436	0	0	0	0	0	0	0	0	0	0	0	0	0	0	
0	1	0	-0	0	0	-12.1466	-2.61779	0	-31.4405	39.3718	0	-12.1466	2.61779	0	-31.4405	-39.3718	0	0	0	0	0	0	0	0	0	0	0	0	0	0	
0	1	0	-0	0	0	-12.5	-2.49999	0	-31.5907	40	0	-12.5	2.49999	0	-31.5907	-40	0	0	0	0	0	0	0	0	0	0	0	0	0	0	
0	1	0	-0	0	0	-12.8534	-2.38222	0	-31.756	40.6282	0	-12.8534	2.38222	0	-31.756	-40.6282	0	0	0	0	0	0	0	0	0	0	0	0	0	0	
0	1	0	-0	0	0	-13.2067	-2.26444	0	-31.9214	41.2564	0	-13.2067	2.26444	0	-31.9214	-41.2564	0	0	0	0	0	0	0	0	0	0	0	0	0	0	
0	1	0	-0	0	0	-13.5598	-2.14676	0	-32.1018	41.884	0	-13.5598	2.14676	0	-32.1018	-41.884	0	0	0	0	0	0	0	0	0	0	0	0	0	0	
0	1	0	-0	0	0	-13.9128	-2.02907	0	-32.2823	42.5116	0	-13.9128	2.02907	0	-32.2823	-42.5116	0	0	0	0	0	0	0	0	0	0	0	0	0	0	
0	1	0	-0	0	0	-14.2651	-1.91165	0	-32.4776	43.1379	0	-14.2651	1.91165	0	-32.4776	-43.1379	0	0	0	0	0	0	0	0	0	0	0	0	0	0	
0	1	0	-0	0	0	-14.6174	-1.79422	0	-32.673	43.7643	0	-14.6174	1.79422	0	-32.673	-43.7643	0	0	0	0	0	0	0	0	0	0	0	0	0	0	
0	1	0	-0	0	0	-14.9687	-1.6771	0	-32.8831	44.3888	0	-14.9687	1.6771	0	-32.8831	-44.3888	0	0	0	0	0	0	0	0	0	0	0	0	0	0	
0	1	0	-0	0	0	-15.32	-1.55999	0	-33.0931	45.0133	0	-15.32	1.55999	0	-33.0931	-45.0133	0	0	0	0	0	0	0	0	0	0	0	0	0	0	
0	1	0	-0	0	0	-15.6699	-1.44337	0	-33.3177	45.6353	0	-15.6699	1.44337	0	-33.3177	-45.6353	0	0	0	0	0	0	0	0	0	0	0	0	0	0	
0	1	0	-0	0	0	-16.0198	-1.32674	0	-33.5423	46.2573	0	-16.0198	1.32674	0	-33.5423	-46.2573	0	0	0	0	0	0	0	0	0	0	0	0	0	0	
0	1	0	-0	0	0	-16.3679	-1.21069	0	-33.7812	46.8763	0	-16.3679	1.21069	0	-33.7812	-46.8763	0	0	0	0	0	0	0	0	0	0	0	0	0	0	
0	1	0	-0	0	0	-16.716	-1.09464	0	-34.0201	47.4952	0	-16.716	1.09464	0	-34.0201	-47.4952	0	0	0	0	0	0	0	0	0	0	0	0	0	0	
0	1	0	-0	0	0	-17.0621	-0.979271	0	-34.273	48.1105	0	-17.0621	0.979271	0	-34.273	-48.1105	0	0	0	0	0	0	0	0	0	0	0	0	0	0	
0	1	0	-0	0	0	-17.4082	-0.863906	0	-34.5259	48.7257	0	-17.4082	0.863906	0	-34.5259	-48.7257	0	0	0	0	0	0	0	0	0	0	0	0	0	0	
0	1	0	-0	0	0	-17.7519	-0.749372	0	-34.7926	49.3367	0	-17.7519	0.749372	0	-34.7926	-49.3367	0	0	0	0	0	0	0	0	0	0	0	0	0	0	
0	1	0	-0	0	0	-18.0955	-0.634837	0	-35.0593	49.9476	0	-18.0955	0.634837	0	-35.0593	-49.9476	0	0	0	0	0	0	0	0	0	0	0	0	0	0	
0	1	0	-0	0	0	-18.4364	-0.521191	0	-35.3396	50.5536	0	-18.4364	0.521191	0	-35.3396	-50.5536	0	0	0	0	0	0	0	0	0	0	0	0	0	0	
0	1	0	-0	0	0	-18.7773	-0.407545	0	-35.6199	51.1596	0	-18.7773	0.407545	0	-35.6199	-51.1596	0	0	0	0	0	0	0	0	0	0	0	0	0	0	
0	1	0	-0	0	0	-19.1151	-0.294959	0	-35.9134	51.7601	0	-19.1151	0.294959	0	-35.9134	-51.7601	0	0	0	0	0	0	0	0	0	0	0	0	0	0	
0	1	0	-0	0	0	-19.4529	-0.182372	0	-36.2069	52.3607	0	-19.4529	0.182372	0	-36.2069	-52.3607	0	0	0	0	0	0	0	0	0	0	0	0	0	0	
0	1	0	-0	0	0	-19.7872	-0.0709322	0	-36.5134	52.9551	0	-19.7872	0.0709322	0	-36.5134	-52.9551	0	0	0	0	0	0	0	0	0	0	0	0	0	0	
0	1	0	-0	0	0	-20.1216	0.0405081	0	-36.8199	53.5495	0	-20.1216	-0.0405081	0	-36.8199	-53.5495	0	0	0	0	0	0	0	0	0	0	0	0	0	0	
0	1	0	-0	0	0	-20.4522	0.150717	0	-37.1391	54.1372	0	-20.4522	-0.150717	0	-37.1391	-54.1372	0	0	0	0	0	0	0	0	0	0	0	0	0	0	
0	1	0	-0	0	0	-20.7828	0.260925	0	-37.4583	54.725	0	-20.7828	-0.260925	0	-37.4583	-54.725	0	0	0	0	0	0	0	0	0	0	0	0	0	0	
0	1	0	-0	0	0	-21.1093	0.369758	0	-37.7899	55.3054	0	-21.1093	-0.369758	0	-37.7899	-55.3054	0	0	0	0	0	0	0	0	0	0	0	0	0	0	
0	1	0	-0	0	0	-21.4358	0.478592	0	-38.1214	55.8859	0	-21.4358	-0.478592	0	-38.1214	-55.8859	0	0	0	0	0	0	0	0	0	0	0	0	0	0	
0	1	0	-0	0	0	-21.7579	0.585964	0	-38.4649	56.4585	0	-21.7579	-0.585964	0	-38.4649	-56.4585	0	0	0	0	0	0	0	0	0	0	0	0	0	0	
0	1	0	-0	0	0	-22.08	0.693336	0	-38.8085	57.0311	0	-22.08	-0.693336	0	-38.8085	-57.0311	0	0	0	0	0	0	0	0	0	0	0	0	0	0	
0	1	0	-0	0	0	-22.3974	0.799133	0	-39.1638	57.5954	0	-22.3974	-0.799133	0	-39.1638	-57.5954	0	0	0	0	0	0	0	0	0	0	0	0	0	0	
0	1	0	-0	0	0	-22.7148	0.90493	0	-39.519	58.1596	0	-22.7148	-0.90493	0	-39.519	-58.1596	0	0	0	0	0	0	0	0	0	0	0	0	0	0	
0	1	0	-0	0	0	-23.0271	1.00904	0	-39.8856	58.7149	0	-23.0271	-1.00904	0	-39.8856	-58.7149	0	0	0	0	0	0	0	0	0	0	0	0	0	0	
0	1	0	-0	0	0	-23.3394	1.11314	0	-40.2522	59.2701	0	-23.3394	-1.11314	0	-40.2522	-59.2701	0	0	0	0	0	0	0	0	0	0	0	0	0	0	
0	1	0	-0	0	0	-23.6464	1.21547	0	-40.6298	59.8159	0	-23.6464	-1.21547	0	-40.6298	-59.8159	0	0	0	0	0	0	0	0	0	0	0	0	0	0	
0	1	0	-0	0	0	-23.9534	1.3178	0	-41.0073	60.3616	0	-23.9534	-1.3178	0	-41.0073	-60.3616	0	0	0	0	0	0	0	0	0	0	0	0	0	0	
0	1	0	-0	0	0	-24.2548	1.41824	0	-41.3955	60.8973	0	-24.2548	-1.41824	0	-41.3955	-60.8973	0	0	0	0	0	0	0	0	0	0	0	0	0	0	
0	1	0	-0	0	0	-24.5561	1.51868	0	-41.7837	61.4331	0	-24.5561	-1.51868	0	-41.7837	-61.4331	0	0	0	0	0	0	0	0	0	0	0	0	0	0	
0	1	0	-0	0	0	-24.8515	1.61714	0	-42.1821	61.9582	0	-24.8515	-1.61714	0	-42.1821	-61.9582	0	0	0	0	0	0	0	0	0	0	0	0	0	0	
0	1	0	-0	0	0	-25.1469	1.71561	0	-42.5805	62.4833	0	-25.1469	-1.71561	0	-42.5805	-62.4833	0	0	0	0	0	0	0	0	0	0	0	0	0	0	
0	1	0	-0	0	0	-25.436	1.81201	0	-42.9887	62.9974	0	-25.436	-1.81201	0	-42.9887	-62.9974	0	0	0	0	0	0	0	0	0	0	0	0	0	0	
0	1	0	-0	0	0	-25.7252	1.90841	0	-43.397	63.5114	0	-25.7252	-1.90841	0	-43.397	-63.5114	0	0	0	0	0	0	0	0	0	0	0	0	0	0	
0	1	0	-0	0	0	-26.0078	2.0026	0	-43.8146	64.0138	0	-26.0078	-2.0026	0	-43.8146	-64.0138	0	0	0	0	0	0	0	0	0	0	0	0	0	0	
0	1	0	-0	0	0	-26.2904	2.0968	0	-44.2323	64.5163	0	-26.2904	-2.0968	0	-44.2323	-64.5163	0	0	0	0	0	0	0	0	0	0	0	0	0	0	
0	1	0	-0	0	0	-26.5662	2.18873	0	-44.659	65.0066	0	-26.5662	-2.18873	0	-44.659	-65.0066	0	0	0	0	0	0	0	0	0	0	0	0	0	0	
0	1	0	-0	0	0	-26.842	2.28066	0	-45.0856	65.4969	0	-26.842	-2.28066	0	-45.0856	-65.4969	0	0	0	0	0	0	0	0	0	0	0	0	0	0	
0	1	0	-0	0	0	-27.1108	2.37024	0	-45.5209	65.9747	0	-27.1108	-2.37024	0	-45.5209	-65.9747	0	0	0	0	0	0	0	0	0	0	0	0	0	0	
0	1	0	-0	0	0	-27.3795	2.45982	0	-45.9561	66.4524	0	-27.3795	-2.45982	0	-45.9561	-66.4524	0	0	0	0	0	0	0	0	0	0	0	0	0	0	
0	1	0	-0	0	0	-27.6409	2.54697	0	-46.3996	66.9171	0	-27.6409	-2.54697	0	-46.3996	-66.9171	0	0	0	0	0	0	0	0	0	0	0	0	0	0	
0	1	0	-0	0	0	-27.9023	2.63412	0	-46.843	67.3818	0	-27.9023	-2.63412	0	-46.843	-67.3818	0	0	0	0	0	0	0	0	0	0	0	0	0	0	
0	1	0	-0	0	0	-28.1561	2.71871	0	-47.2942	67.833	0	-28.1561	-2.71871	0	-47.2942	-67.833	0	0	0	0	0	0	0	0	0	0	0	0	0	0	
0	1	0	-0	0	0	-28.4099	2.80331	0	-47.7453	68.2843	0	-28.4099	-2.80331	0	-47.7453	-68.2843	0	0	0	0	0	0	0	0	0	0	0	0	0	0	
0	1	0	-0	0	0	-28.6558	2.88527	0	-48.2037	68.7215	0	-28.6558	-2.88527	0	-48.2037	-68.7215	0	0	0	0	0	0	0	0	0	0	0	0	0	0	
0	1	0	-0	0	0	-28.9018	2.96723	0	-48.6622	69.1588	0	-28.9018	-2.96723	0	-48.6622	-69.1588	0	0	0	0	0	0	0	0	0	0	0	0	0	0	
0	1	0	-0	0	0	-29.1396	3.04653	0	-49.1274	69.5816	0	-29.1396	-3.04653	0	-49.1274	-69.5816	0	0	0	0	0	0	0	0	0	0	0	0	0	0	
0	1	0	-0	0	0	-29.3775	3.12583	0	-49.5927	70.0044	0	-29.3775	-3.12583	0	-49.5927	-70.0044	0	0	0	0	0	0	0	0	0	0	0	0	0	0	
0	1	0	-0	0	0	-29.607	3.20235	0	-50.0643	70.4125	0	-29.607	-3.20235	0	-50.0643	-70.4125	0	0	0	0	0	0	0	0	0	0	0	0	0	0	
0	1	0	-0	0	0	-29.8365	3.27887	0	-50.536	70.8205	0	-29.8365	-3.27887	0	-50.536	-70.8205	0	0	0	0	0	0	0	0	0	0	0	0	0	0	
0	1	0	-0	0	0	-30.0575	3.35252	0	-51.0135	71.2134	0	-30.0575	-3.35252	0	-51.0135	-71.2134	0	0	0	0	0	0	0	0	0	0	0	0	0	0	
0	1	0	-0	0	0	-30.2785	3.42617	0	-51.491	71.6062	0	-30.2785	-3.42617	0	-51.491	-71.6062	0	0	0	0	0	0	0	0	0	0	0	0	0	0	
0	1	0	-0	0	0	-30.4907	3.4969	0	-51.974	71.9834	0	-30.4907	-3.4969	0	-51.974	-71.9834	0	0	0	0	0	0	0	0	0	0	0	0	0	0	
0	1	0	-0	0	0	-30.7029	3.56764	0	-52.4569	72.3607	0	-30.7029	-3.56764	0	-52.4569	-72.3607	0	0	0	0	0	0	0	0	0	0	0	0	0	0	
0	1	0	-0	0	0	-30.9061	3.63536	0	-52.9449	72.722	0	-30.9061	-3.63536	0	-52.9449	-72.722	0	0	0	0	0	-63.5	63.5	-63.5	63.5	0	63.5	-63.5	63.5	-63.5	
0	1	0	-0	0	0	-31.1093	3.70308	0	-53.4328	73.0832	0	-31.1093	-3.70308	0	-53.4328	-73.0832	0	0	0	0	0	-127	127	-127	127	0	127	-127	127	-127	
0	1	0	-0	0	0	-31.3033	3.76777	0	-53.9252	73.4282	0	-31.3033	-3.76777	0	-53.9252	-73.4282	0	0	0	0	0	-127	127	-127	127	0	127	-127	127	-127	
0	1	0	-0	0	0	-31.4974	3.83246	0	-54.4176	73.7731	0	-31.4974	-3.83246	0	-54.4176	-73.7731	0	0	0	0	0	-127	127	-127	127	0	127	-127	127	-127	
0	1	0	-0	0	0	-31.682	3.89402	0	-54.914	74.1014	0	-31.682	-3.89402	0	-54.914	-74.1014	0	0	0	0	0	-127	127	-127	127	0	127	-127	127	-127	
0	1	0	-0	0	0	-31.8667	3.95559	0	-55.4103	74.4297	0	-31.8667	-3.95559	0	-55.4103	-74.4297	0	0	0	0	0	-127	127	-127	127	0	127	-127	127	-127	
0	1	0	-0	0	0	-32.0418	4.01394	0	-55.9102	74.741	0	-32.0418	-4.01394	0	-55.9102	-74.741	0	0	0	0	0	-127	127	-127	127	0	127	-127	127	-127	
0	1	0	-0	0	0	-32.2169	4.0723	0	-56.4101	75.0523	0	-32.2169	-4.0723	0	-56.4101	-75.0523	0	0	0	0	0	-127	127	-127	127	0	127	-127	127	-127	
0	1	0	-0	0	0	-32.3823	4.12742	0	-56.913	75.3462	0	-32.3823	-4.12742	0	-56.913	-75.3462	0	0	0	0	0	-127	127	-127	127	0	127	-127	127	-127	
0	1	0	-0	0	0	-32.5477	4.18253	0	-57.4159	75.6402	0	-32.5477	-4.18253	0	-57.4159	-75.6402	0	0	0	0	0	-127	127	-127	127	0	127	-127	127	-127	
0	1	0	-0	0	0	-32.7031	4.23436	0	-57.9213	75.9167	0	-32.7031	-4.23436	0	-57.9213	-75.9167	0	0	0	0	0	-127	127	-127	127	0	127	-127	127	-127	
0	1	0	-0	0	0	-32.8586	4.28618	0	-58.4267	76.1931	0	-32.8586	-4.28618	0	-58.4267	-76.1931	0	0	0	0	0	-127	127	-127	127	0	127	-127	127	-127	
0	1	0	-0	0	0	-33.004	4.33468	0	-58.9341	76.4516	0	-33.004	-4.33468	0	-58.9341	-76.4516	0	0	0	0	0	-127	127	-127	127	0	127	-127	127	-127	
0	1	0	-0	0	0	-33.1494	4.38318	0	-59.4414	76.7102	0	-33.1494	-4.38318	0	-59.4414	-76.7102	0	0	0	0	0	-127	127	-127	127	0	127	-127	127	-127	
0	1	0	-0	0	0	-33.2847	4.42825	0	-59.9504	76.9506	0	-33.2847	-4.42825	0	-59.9504	-76.9506	0	0	0	0	0	-127	127	-127	127	0	127	-127	127	-127	
0	1	0	-0	0	0	-33.4199	4.47331	0	-60.4593	77.1911	0	-33.4199	-4.47331	0	-60.4593	-77.1911	0	0	0	0	0	-127	127	-127	127	0	127	-127	127	-127	
0	1	0	-0	0	0	-33.5449	4.51496	0	-60.9692	77.4131	0	-33.5449	-4.51496	0	-60.9692	-77.4131	0	0	0	0	0	-127	127	-127	127	0	127	-127	127	-127	
0	1	0	-0	0	0	-33.6698	4.55662	0	-61.4791	77.6352	0	-33.6698	-4.55662	0	-61.4791	-77.6352	0	0	0	0	0	-127	127	-127	127	0	127	-127	127	-127	
0	1	0	-0	0	0	-33.7843	4.59478	0	-61.9896	77.8387	0	-33.7843	-4.59478	0	-61.9896	-77.8387	0	0	0	0	0	-127	127	-127	127	0	127	-127	127	-127	
0	1	0	-0	0	0	-33.8988	4.63294	0	-62.5	78.0422	0	-33.8988	-4.63294	0	-62.5	-78.0422	0	0	0	0	0	-127	127	-127	127	0	127	-127	127	-127	
0	1	0	-0	0	0	-34.0027	4.66757	0	-63.0104	78.227	0	-34.0027	-4.66757	0	-63.0104	-78.227	0	0	0	0	0	-127	127	-127	127	0	127	-127	127	-127	
0	1	0	-0	0	0	-34.1066	4.70221	0	-63.5209	78.4117	0	-34.1066	-4.70221	0	-63.5209	-78.4117	0	0	0	0	0	-127	127	-127	127	0	127	-127	127	-127	
0	1	0	-0	0	0	-34.1999	4.73329	0	-64.0308	78.5775	0	-34.1999	-4.73329	0	-64.0308	-78.5775	0	0	0	0	0	-127	127	-127	127	0	127	-127	127	-127	
0	1	0	-0	0	0	-34.2931	4.76437	0	-64.5407	78.7433	0	-34.2931	-4.76437	0	-64.5407	-78.7433	0	0	0	0	0	-127	127	-127	127	0	127	-127	127	-127	
0	1	0	-0	0	0	-34.3756	4.79188	0	-65.0496	78.89	0	-34.3756	-4.79188	0	-65.0496	-78.89	0	0	0	0	0	-127	127	-127	127	0	127	-127	127	-127	
0	1	0	-0	0	0	-34.4581	4.81938	0	-65.5585	79.0367	0	-34.4581	-4.81938	0	-65.5585	-79.0367	0	0	0	0	0	-127	127	-127	127	0	127	-127	127	-127	
0	1	0	-0	0	0	-34.5298	4.84327	0	-66.0659	79.1641	0	-34.5298	-4.84327	0	-66.0659	-79.1641	0	0	0	0	0	-127	127	-127	127	0	127	-127	127	-127	
0	1	0	-0	0	0	-34.6014	4.86716	0	-66.5733	79.2915	0	-34.6014	-4.86716	0	-66.5733	-79.2915	0	0	0	0	0	-127	127	-127	127	0	127	-127	127	-127	
0	1	0	-0	0	0	-34.6622	4.88742	0	-67.0787	79.3995	0	-34.6622	-4.88742	0	-67.0787	-79.3995	0	0	0	0	0	-127	127	-127	127	0	127	-127	127	-127	
0	1	0	-0	0	0	-34.723	4.90767	0	-67.5841	79.5075	0	-34.723	-4.90767	0	-67.5841	-79.5075	0	0	0	0	0	-127	127	-127	127	0	127	-127	127	-127	
0	1	0	-0	0	0	-34.7728	4.92426	0	-68.087	79.596	0	-34.7728	-4.92426	0	-68.087	-79.596	0	0	0	0	0	-127	127	-127	127	0	127	-127	127	-127	
0	1	0	-0	0	0	-34.8226	4.94084	0	-68.5899	79.6846	0	-34.8226	-4.94084	0	-68.5899	-79.6846	0	0	0	0	0	-127	127	-127	127	0	127	-127	127	-127	
0	1	0	-0	0	0	-34.8614	4.95379	0	-69.0897	79.7535	0	-34.8614	-4.95379	0	-69.0897	-79.7535	0	0	0	0	0	-127	127	-127	127	0	127	-127	127	-127	
0	1	0	-0	0	0	-34.9001	4.96674	0	-69.5896	79.8225	0	-34.9001	-4.96674	0	-69.5896	-79.8225	0	0	0	0	0	-127	127	-127	127	0	127	-127	127	-127	
0	1	0	-0	0	0	-34.9279	4.97597	0	-70.086	79.8718	0	-34.9279	-4.97597	0	-70.086	-79.8718	0	0	0	0	0	-127	127	-127	127	0	127	-127	127	-127	
0	1	0	-0	0	0	-34.9556	4.98519	0	-70.5824	79.9211	0	-34.9556	-4.98519	0	-70.5824	-79.9211	0	0	0	0	0	-127	127	-127	127	0	127	-127	127	-127	
0	1	0	-0	0	0	-34.9722	4.99075	0	-71.0748	79.9507	0	-34.9722	-4.99075	0	-71.0748	-79.9507	0	0	0	0	0	-127	127	-127	127	0	127	-127	127	-127	
0	1	0	-0	0	0	-34.9889	4.99631	0	-71.5672	79.9803	0	-34.9889	-4.99631	0	-71.5672	-79.9803	0	0	0	0	0	-127	127	-127	127	0	127	-127	127	-127	
0	1	0	-0	0	0	-34.9944	4.99814	0	-72.0551	79.9901	0	-34.9944	-4.99814	0	-72.0551	-79.9901	0	0	0	0	0	-127	127	-127	127	0	127	-127	127	-127	
0	1	0	-0	0	0	-35	4.99997	0	-72.543	80	0	-35	-4.99997	0	-72.543	-80	0	0	0	0	0	-127	127	-127	127	0	127	-127	127	-127	
0	1	0	-0	0	0	-35	4.99997	0	-73.026	80	0	-35	-4.99997	0	-73.026	-80	0	0	0	0	0	-127	127	-127	127	0	127	-127	127	-127	
0	1	0	-0	0	0	-35	4.99997	0	-73.509	80	0	-35	-4.99997	0	-73.509	-80	0	0	0	0	0	-127	127	-127	127	0	127	-127	127	-127	
0	1	0	-0	0	0	-35	4.99997	0	-73.9865	80	0	-35	-4.99997	0	-73.9865	-80	0	0	0	0	0	-127	127	-127	127	0	127	-127	127	-127	
0	1	0	-0	0	0	-35	4.99997	0	-74.4641	80	0	-35	-4.99997	0	-74.4641	-80	0	0	0	0	0	-127	127	-127	127	0	127	-127	127	-127	
0	1	0	-0	0	0	-35	4.99997	0	-74.9357	80	0	-35	-4.99997	0	-74.9357	-80	0	0	0	0	0	-127	127	-127	127	0	127	-127	127	-127	
0	1	0	-0	0	0	-35	4.99997	0	-75.4073	80	0	-35	-4.99997	0	-75.4073	-80	0	0	0	0	0	-127	127	-127	127	0	127	-127	127	-127	
0	1	0	-0	0	0	-35	4.99997	0	-75.8726	80	0	-35	-4.99997	0	-75.8726	-80	0	0	0	0	0	-127	127	-127	127	0	127	-127	127	-127	
0	1	0	-0	0	0	-35	4.99997	0	-76.3378	80	0	-35	-4.99997	0	-76.3378	-80	0	0	0	0	0	-127	127	-127	127	0	127	-127	127	-127	
0	1	0	-0	0	0	-35	4.99997	0	-76.7962	80	0	-35	-4.99997	0	-76.7962	-80	0	0	0	0	0	-127	127	-127	127	0	127	-127	127	-127	
0	1	0	-0	0	0	-35	4.99997	0	-77.2546	80	0	-35	-4.99997	0	-77.2546	-80	0	0	0	0	0	-127	127	-127	127	0	127	-127	127	-127	
0	1	0	-0	0	0	-35	4.99997	0	-77.7058	80	0	-35	-4.99997	0	-77.7058	-80	0	0	0	0	0	-127	127	-127	127	0	127	-127	127	-127	
0	1	0	-0	0	0	-35	4.99997	0	-78.157	80	0	-35	-4.99997	0	-78.157	-80	0	0	0	0	0	-127	127	-127	127	0	127	-127	127	-127	
0	1	0	-0	0	0	-35	4.99997	0	-78.6004	80	0	-35	-4.99997	0	-78.6004	-80	0	0	0	0	0	-127	127	-127	127	0	127	-127	127	-127	
0	1	0	-0	0	0	-35	4.99997	0	-79.0438	80	0	-35	-4.99997	0	-79.0438	-80	0	0	0	0	0	-127	127	-127	127	0	127	-127	127	-127	
0	1	0	-0	0	0	-35	4.99997	0	-79.4791	80	0	-35	-4.99997	0	-79.4791	-80	0	0	0	0	0	-127	127	-127	127	0	127	-127	127	-127	
0	1	0	-0	0	0	-35	4.99997	0	-79.9144	80	0	-35	-4.99997	0	-79.9144	-80	0	0	0	0	0	-127	127	-127	127	0	127	-127	127	-127	
0	1	0	-0	0	0	-35	4.99997	0	-80.341	80	0	-35	-4.99997	0	-80.341	-80	0	0	0	0	0	-127	127	-127	127	0	127	-127	127	-127	
0	1	0	-0	0	0	-35	4.99997	0	-80.7677	80	0	-35	-4.99997	0	-80.7677	-80	0	0	0	0	0	-127	127	-127	127	0	127	-127	127	-127	
0	1	0	-0	0	0	-35	4.99997	0	-81.1853	80	0	-35	-4.99997	0	-81.1853	-80	0	0	0	0	0	-127	127	-127	127	0	127	-127	127	-127	
0	1	0	-0	0	0	-35	4.99997	0	-81.603	80	0	-35	-4.99997	0	-81.603	-80	0	0	0	0	0	-127	127	-127	127	0	127	-127	127	-127	
0	1	0	-0	0	0	-35	4.99997	0	-82.0112	80	0	-35	-4.99997	0	-82.0112	-80	0	0	0	0	0	-127	127	-127	127	0	127	-127	127	-127	
0	1	0	-0	0	0	-35	4.99997	0	-82.4195	80	0	-35	-4.99997	0	-82.4195	-80	0	0	0	0	0	-127	127	-127	127	0	127	-127	127	-127	
0	1	0	-0	0	0	-35	4.99997	0	-82.8179	80	0	-35	-4.99997	0	-82.8179	-80	0	0	0	0	0	-127	127	-127	127	0	127	-127	127	-127	
0	1	0	-0	0	0	-35	4.99997	0	-83.2163	80	0	-35	-4.99997	0	-83.2163	-80	0	0	0	0	0	-127	127	-127	127	0	127	-127	127	-127	
0	1	0	-0	0	0	-35	4.99997	0	-83.6045	80	0	-35	-4.99997	0	-83.6045	-80	0	0	0	0	0	-127	127	-127	127	0	127	-127	127	-127	
0	1	0	-0	0	0	-35	4.99997	0	-83.9926	80	0	-35	-4.99997	0	-83.9926	-80	0	0	0	0	0	-127	127	-127	127	0	127	-127	127	-127	
0	1	0	-0	0	0	-35	4.99997	0	-84.3702	80	0	-35	-4.99997	0	-84.3702	-80	0	0	0	0	0	-127	127	-127	127	0	127	-127	127	-127	
0	1	0	-0	0	0	-35	4.99997	0	-84.7478	80	0	-35	-4.99997	0	-84.7478	-80	0	0	0	0	0	-127	127	-127	127	0	127	-127	127	-127	
0	1	0	-0	0	0	-35	4.99997	0	-85.1144	80	0	-35	-4.99997	0	-85.1144	-80	0	0	0	0	0	-127	127	-127	127	0	127	-127	127	-127	
0	1	0	-0	0	0	-35	4.99997	0	-85.4809	80	0	-35	-4.99997	0	-85.4809	-80	0	0	0	0	0	-127	127	-127	127	0	127	-127	127	-127	
0	1	0	-0	0	0	-35	4.99997	0	-85.8362	80	0	-35	-4.99997	0	-85.8362	-80	0	0	0	0	0	-63.5	63.5	-63.5	63.5	0	63.5	-63.5	63.5	-63.5	
0	1	0	-0	0	0	-35	4.99997	0	-86.1915	80	0	-35	-4.99997	0	-86.1915	-80	0	0	0	0	0	0	0	0	0	0	0	0	0	0	
0	1	0	-0	0	0	-35	4.99997	0	-86.535	80	0	-35	-4.99997	0	-86.535	-80	0	0	0	0	0	0	0	0	0	0	0	0	0	0	
0	1	0	-0	0	0	-35	4.99997	0	-86.8786	80	0	-35	-4.99997	0	-86.8786	-80	0	0	0	0	0	0	0	0	0	0	0	0	0	0	
0	1	0	-0	0	0	-35	4.99997	0	-87.2101	80	0	-35	-4.99997	0	-87.2101	-80	0	0	0	0	0	0	0	0	0	0	0	0	0	0	
0	1	0	-0	0	0	-35	4.99997	0	-87.5416	80	0	-35	-4.99997	0	-87.5416	-80	0	0	0	0	0	0	0	0	0	0	0	0	0	0	
0	1	0	-0	0	0	-35	4.99997	0	-87.8608	80	0	-35	-4.99997	0	-87.8608	-80	0	0	0	0	0	0	0	0	0	0	0	0	0	0	
0	1	0	-0	0	0	-35	4.99997	0	-88.18	80	0	-35	-4.99997	0	-88.18	-80	0	0	0	0	0	0	0	0	0	0	0	0	0	0	
0	1	0	-0	0	0	-35	4.99997	0	-88.4865	80	0	-35	-4.99997	0	-88.4865	-80	0	0	0	0	0	0	0	0	0	0	0	0	0	0	
0	1	0	-0	0	0	-35	4.99997	0	-88.793	80	0	-35	-4.99997	0	-88.793	-80	0	0	0	0	0	0	0	0	0	0	0	0	0	0	
0	1	0	-0	0	0	-35	4.99997	0	-89.0866	80	0	-35	-4.99997	0	-89.0866	-80	0	0	0	0	-63.5	0	0	0	0	-63.5	0	0	0	0	
0	1	0	-0	0	0	-35	4.99997	0	-89.3801	80	0	-35	-4.99997	0	-89.3801	-80	0	0	0	0	-127	0	0	0	0	-127	0	0	0	0	
0	1	0	-0	0	0	-35	4.99997	0	-89.6604	80	0	-35	-4.99997	0	-89.6604	-80	0	0	0	0	-127	0	0	0	0	-127	0	0	0	0	
0	1	0	-0	0	0	-35	4.99997	0	-89.9406	80	0	-35	-4.99997	0	-89.9406	-80	0	0	0	0	-127	0	0	0	0	-127	0	0	0	0	
0	1	0	-0	0	0	-35	4.99997	0	-90.2074	80	0	-35	-4.99997	0	-90.2074	-80	0	0	0	0	-127	0	0	0	0	-127	0	0	0	0	
0	1	0	-0	0	0	-35	4.99997	0	-90.4741	80	0	-35	-4.99997	0	-90.4741	-80	0	0	0	0	-127	0	0	0	0	-127	0	0	0	0	
0	1	0	-0	0	0	-35	4.99997	0	-90.727	80	0	-35	-4.99997	0	-90.727	-80	0	0	0	0	-127	0	0	0	0	-127	0	0	0	0	
0	1	0	-0	0	0	-35	4.99997	0	-90.98	80	0	-35	-4.99997	0	-90.98	-80	0	0	0	0	-127	0	0	0	0	-127	0	0	0	0	
0	1	0	-0	0	0	-35	4.99997	0	-91.2188	80	0	-35	-4.99997	0	-91.2188	-80	0	0	0	0	-127	0	0	0	0	-127	0	0	0	0	
0	1	0	-0	0	0	-35	4.99997	0	-91.4577	80	0	-35	-4.99997	0	-91.4577	-80	0	0	0	0	-127	0	0	0	0	-127	0	0	0	0	
0	1	0	-0	0	0	-35	4.99997	0	-91.6823	80	0	-35	-4.99997	0	-91.6823	-80	0	0	0	0	-127	0	0	0	0	-127	0	0	0	0	
0	1	0	-0	0	0	-35	4.99997	0	-91.9069	80	0	-35	-4.99997	0	-91.9069	-80	0	0	0	0	-127	0	0	0	0	-127	0	0	0	0	
0	1	0	-0	0	0	-35	4.99997	0	-92.1169	80	0	-35	-4.99997	0	-92.1169	-80	0	0	0	0	-127	0	0	0	0	-127	0	0	0	0	
0	1	0	-0	0	0	-35	4.99997	0	-92.327	80	0	-35	-4.99997	0	-92.327	-80	0	0	0	0	-127	0	0	0	0	-127	0	0	0	0	
0	1	0	-0	0	0	-35	4.99997	0	-92.5224	80	0	-35	-4.99997	0	-92.5224	-80	0	0	0	0	-127	0	0	0	0	-127	0	0	0	0	
0	1	0	-0	0	0	-35	4.99997	0	-92.7177	80	0	-35	-4.99997	0	-92.7177	-80	0	0	0	0	-127	0	0	0	0	-127	0	0	0	0	
0	1	0	-0	0	0	-35	4.99997	0	-92.8982	80	0	-35	-4.99997	0	-92.8982	-80	0	0	0	0	-127	0	0	0	0	-127	0	0	0	0	
0	1	0	-0	0	0	-35	4.99997	0	-93.0786	80	0	-35	-4.99997	0	-93.0786	-80	0	0	0	0	-127	0	0	0	0	-127	0	0	0	0	
0	1	0	-0	0	0	-35	4.99997	0	-93.244	80	0	-35	-4.99997	0	-93.244	-80	0	0	0	0	-127	0	0	0	0	-127	0	0	0	0	
0	1	0	-0	0	0	-35	4.99997	0	-93.4093	80	0	-35	-4.99997	0	-93.4093	-80	0	0	0	0	-127	0	0	0	0	-127	0	0	0	0	
0	1	0	-0	0	0	-35	4.99997	0	-93.5594	80	0	-35	-4.99997	0	-93.5594	-80	0	0	0	0	-127	0	0	0	0	-127	0	0	0	0	
0	1	0	-0	0	0	-35	4.99997	0	-93.7095	80	0	-35	-4.99997	0	-93.7095	-80	0	0	0	0	-127	0	0	0	0	-127	0	0	0	0	
0	1	0	-0	0	0	-35	4.99997	0	-93.8442	80	0	-35	-4.99997	0	-93.8442	-80	0	0	0	0	-127	0	0	0	0	-127	0	0	0	0	
0	1	0	-0	0	0	-35	4.99997	0	-93.9789	80	0	-35	-4.99997	0	-93.9789	-80	0	0	0	0	-127	0	0	0	0	-127	0	0	0	0	
0	1	0	-0	0	0	-35	4.99997	0	-94.0981	80	0	-35	-4.99997	0	-94.0981	-80	0	0	0	0	-127	0	0	0	0	-127	0	0	0	0	
0	1	0	-0	0	0	-35	4.99997	0	-94.2173	80	0	-35	-4.99997	0	-94.2173	-80	0	0	0	0	-127	0	0	0	0	-127	0	0	0	0	
0	1	0	-0	0	0	-35	4.99997	0	-94.3208	80	0	-35	-4.99997	0	-94.3208	-80	0	0	0	0	-127	0	0	0	0	-127	0	0	0	0	
0	1	0	-0	0	0	-35	4.99997	0	-94.4243	80	0	-35	-4.99997	0	-94.4243	-80	0	0	0	0	-127	0	0	0	0	-127	0	0	0	0	
0	1	0	-0	0	0	-35	4.99997	0	-94.5121	80	0	-35	-4.99997	0	-94.5121	-80	0	0	0	0	-127	0	0	0	0	-127	0	0	0	0	
0	1	0	-0	0	0	-35	4.99997	0	-94.5999	80	0	-35	-4.99997	0	-94.5999	-80	0	0	0	0	-127	0	0	0	0	-127	0	0	0	0	
0	1	0	-0	0	0	-35	4.99997	0	-94.6718	80	0	-35	-4.99997	0	-94.6718	-80	0	0	0	0	-127	0	0	0	0	-127	0	0	0	0	
0	1	0	-0	0	0	-35	4.99997	0	-94.7437	80	0	-35	-4.99997	0	-94.7437	-80	0	0	0	0	-127	0	0	0	0	-127	0	0	0	0	
0	1	0	-0	0	0	-35	4.99997	0	-94.7997	80	0	-35	-4.99997	0	-94.7997	-80	0	0	0	0	-127	0	0	0	0	-127	0	0	0	0	
0	1	0	-0	0	0	-35	4.99997	0	-94.8557	80	0	-35	-4.99997	0	-94.8557	-80	0	0	0	0	-127	0	0	0	0	-127	0	0	0	0	
0	1	0	-0	0	0	-35	4.99997	0	-94.8958	80	0	-35	-4.99997	0	-94.8958	-80	0	0	0	0	-127	0	0	0	0	-127	0	0	0	0	
0	1	0	-0	0	0	-35	4.99997	0	-94.9358	80	0	-35	-4.99997	0	-94.9358	-80	0	0	0	0	-127	0	0	0	0	-127	0	0	0	0	
0	1	0	-0	0	0	-35	4.99997	0	-94.9599	80	0	-35	-4.99997	0	-94.9599	-80	0	0	0	0	-127	0	0	0	0	-127	0	0	0	0	
0	1	0	-0	0	0	-35	4.99997	0	-94.984	80	0	-35	-4.99997	0	-94.984	-80	0	0	0	0	-127	0	0	0	0	-127	0	0	0	0	
0	1	0	-0	0	0	-35	4.99997	0	-94.992	80	0	-35	-4.99997	0	-94.992	-80	0	0	0	0	-127	0	0	0	0	-127	0	0	0	0	
0	1	0	-0	0	0	-35	4.99997	0	-95	80	0	-35	-4.99997	0	-95	-80	0	0	0	0	-127	0	0	0	0	-127	0	0	0	0	
0	1	0	-0	0	0	-35	4.99997	0	-95	80	0	-35	-4.99997	0	-95	-80	0	0	0	0	-127	0	0	0	0	-127	0	0	0	0	
0	1	0	-0	0	0	-35	4.99997	0	-95	80	0	-35	-4.99997	0	-95	-80	0	0	0	0	-127	0	0	0	0	-127	0	0	0	0	
0	1	0	-0	0	0	-35	4.99997	0	-95	80	0	-35	-4.99997	0	-95	-80	0	0	0	0	-127	0	0	0	0	-127	0	0	0	0	
0	1	0	-0	0	0	-35	4.99997	0	-95	80	0	-35	-4.99997	0	-95	-80	0	0	0	0	-127	0	0	0	0	-127	0	0	0	0	
0	1	0	-0	0	0	-35	4.99997	0	-95	80	0	-35	-4.99997	0	-95	-80	0	0	0	0	-127	0	0	0	0	-127	0	0	0	0	
0	1	0	-0	0	0	-35	4.99997	0	-95	80	0	-35	-4.99997	0	-95	-80	0	0	0	0	-127	0	0	0	0	-127	0	0	0	0	
0	1	0	-0	0	0	-35	4.99997	0	-95	80	0	-35	-4.99997	0	-95	-80	0	0	0	0	-127	0	0	0	0	-127	0	0	0	0	
0	1	0	-0	0	0	-35	4.99997	0	-95	80	0	-35	-4.99997	0	-95	-80	0	0	0	0	-127	0	0	0	0	-127	0	0	0	0	
0	1	0	-0	0	0	-35	4.99997	0	-95	80	0	-35	-4.99997	0	-95	-80	0	0	0	0	-127	0	0	0	0	-127	0	0	0	0	
0	1	0	-0	0	0	-35	4.99997	0	-95	80	0	-35	-4.99997	0	-95	-80	0	0	0	0	-127	0	0	0	0	-127	0	0	0	0	
0	1	0	-0	0	0	-35	4.99997	0	-95	80	0	-35	-4.99997	0	-95	-80	0	0	0	0	-127	0	0	0	0	-127	0	0	0	0	
0	1	0	-0	0	0	-35	4.99997	0	-95	80	0	-35	-4.99997	0	-95	-80	0	0	0	0	-127	0	0	0	0	-127	0	0	0	0	
0	1	0	-0	0	0	-35	4.99997	0	-95	80	0	-35	-4.99997	0	-95	-80	0	0	0	0	-127	0	0	0	0	-127	0	0	0	0	
0	1	0	-0	0	0	-35	4.99997	0	-95	80	0	-35	-4.99997	0	-95	-80	0	0	0	0	-127	0	0	0	0	-127	0	0	0	0	
0	1	0	-0	0	0	-35	4.99997	0	-95	80	0	-35	-4.99997	0	-95	-80	0	0	0	0	-127	0	0	0	0	-127	0	0	0	0	
0	1	0	-0	0	0	-35	4.99997	0	-95	80	0	-35	-4.99997	0	-95	-80	0	0	0	0	-127	0	0	0	0	-127	0	0	0	0	
0	1	0	-0	0	0	-35	4.99997	0	-95	80	0	-35	-4.99997	0	-95	-80	0	0	0	0	-127	0	0	0	0	-127	0	0	0	0	
0	1	0	-0	0	0	-35	4.99997	0	-95	80	0	-35	-4.99997	0	-95	-80	0	0	0	0	-127	0	0	0	0	-127	0	0	0	0	
0	1	0	-0	0	0	-35	4.99997	0	-95	80	0	-35	-4.99997	0	-95	-80	0	0	0	0	-127	0	0	0	0	-127	0	0	0	0	
0	1	0	-0	0	0	-35	4.99997	0	-95	80	0	-35	-4.99997	0	-95	-80	0	0	0	0	-127	0	0	0	0	-127	0	0	0	0	
0	1	0	-0	0	0	-35	4.99997	0	-95	80	0	-35	-4.99997	0	-95	-80	0	0	0	0	-127	0	0	0	0	-127	0	0	0	0	
0	1	0	-0	0	0	-35	4.99997	0	-95	80	0	-35	-4.99997	0	-95	-80	0	0	0	0	-127	0	0	0	0	-127	0	0	0	0	
0	1	0	-0	0	0	-35	4.99997	0	-95	80	0	-35	-4.99997	0	-95	-80	0	0	0	0	-127	0	0	0	0	-127	0	0	0	0	
0	1	0	-0	0	0	-35	4.99997	0	-95	80	0	-35	-4.99997	0	-95	-80	0	0	0	0	-127	0	0	0	0	-127	0	0	0	0	
0	1	0	-0	0	0	-35	4.99997	0	-95	80	0	-35	-4.99997	0	-95	-80	0	0	0	0	-127	0	0	0	0	-127	0	0	0	0	
0	1	0	-0	0	0	-35	4.99997	0	-95	80	0	-35	-4.99997	0	-95	-80	0	0	0	0	-127	0	0	0	0	-127	0	0	0	0	
0	1	0	-0	0	0	-35	4.99997	0	-95	80	0	-35	-4.99997	0	-95	-80	0	0	0	0	-127	0	0	0	0	-127	0	0	0	0	
0	1	0	-0	0	0	-35	4.99997	0	-95	80	0	-35	-4.99997	0	-95	-80	0	0	0	0	-127	0	0	0	0	-127	0	0	0	0	
0	1	0	-0	0	0	-35	4.99997	0	-95	80	0	-35	-4.99997	0	-95	-80	0	0	0	0	-127	0	0	0	0	-127	0	0	0	0	
0	1	0	-0	0	0	-35	4.99997	0	-95	80	0	-35	-4.99997	0	-95	-80	0	0	0	0	-127	0	0	0	0	-127	0	0	0	0	
0	1	0	-0	0	0	-35	4.99997	0	-95	80	0	-35	-4.99997	0	-95	-80	0	0	0	0	-63.5	0	0	0	0	-63.5	0	0	0	0	
0	1	0	-0	0	0	-35	4.99997	0	-95	80	0	-35	-4.99997	0	-95	-80	0	0	0	0	0	0	0	0	0	0	0	0	0	0	
0	1	0	-0	0	0	-35	4.99997	0	-95	80	0	-35	-4.99997	0	-95	-80	0	0	0	0	0	0	0	0	0	0	0	0	0	0	
0	1	0	-0	0	0	-35	4.99997	0	-95	80	0	-35	-4.99997	0	-95	-80	0	0	0	0	0	0	0	0	0	0	0	0	0	0	
0	1	0	-0	0	0	-35	4.99997	0	-95	80	0	-35	-4.99997	0	-95	-80	0	0	0	0	0	0	0	0	0	0	0	0	0	0	
0	1	0	-0	0	0	-35	4.99997	0	-95	80	0	-35	-4.99997	0	-95	-80	0	0	0	0	0	0	0	0	0	0	0	0	0	0	
0	1	0	-0	0	0	-35	4.99997	0	-95	80	0	-35	-4.99997	0	-95	-80	0	0	0	0	0	0	0	0	0	0	0	0	0	0	
0	1	0	-0	0	0	-35	4.99997	0	-95	80	0	-35	-4.99997	0	-95	-80	0	0	0	0	0	0	0	0	0	0	0	0	0	0	
0	1	0	-0	0	0	-35	4.99997	0	-95	80	0	-35	-4.99997	0	-95	-80	0	0	0	0	0	0	0	0	0	0	0	0	0	0	
0	1	0	-0	0	0	-35	4.99997	0	-95	80	0	-35	-4.99997	0	-95	-80	0	0	0	0	0	0	0	0	0	0	0	0	0	0	
0	1	0	-0	0	0	-35	4.99997	0	-95	80	0	-35	-4.99997	0	-95	-80	0	0	0	0	0	0	0	0	0	0	0	0	0	0	
0	1	0	-0	0	0	-35	4.99997	0	-95	80	0	-35	-4.99997	0	-95	-80	0	0	0	0	0	0	0	0	0	0	0	0	0	0	
0	1	0	-0	0	0	-35	4.99997	0	-95	80	0	-35	-4.99997	0	-95	-80	0	0	0	0	0	0	0	0	0	0	0	0	0	0	
0	1	0	-0	0	0	-35	4.99997	0	-95	80	0	-35	-4.99997	0	-95	-80	0	0	0	0	0	0	0	0	0	0	0	0	0	0	
0	1	0	-0	0	0	-35	4.99997	0	-95	80	0	-35	-4.99997	0	-95	-80	0	0	0	0	0	0	0	0	0	0	0	0	0	0	
0	1	0	-0	0	0	-35	4.99997	0	-95	80	0	-35	-4.99997	0	-95	-80	0	0	0	0	0	0	0	0	0	0	0	0	0	0	
0	1	0	-0	0	0	-35	4.99997	0	-95	80	0	-35	-4.99997	0	-95	-80	0	0	0	0	0	0	0	0	0	0	0	0	0	0	
0	1	0	-0	0	0	-35	4.99997	0	-95	80	0	-35	-4.99997	0	-95	-80	0	0	0	0	0	0	0	0	0	0	0	0	0	0	
0	1	0	-0	0	0	-35	4.99997	0	-95	80	0	-35	-4.99997	0	-95	-80	0	0	0	0	0	0	0	0	0	0	0	0	0	0	
0	1	0	-0	0	0	-35	4.99997	0	-95	80	0	-35	-4.99997	0	-95	-80	0	0	0	0	0	0	0	0	0	0	0	0	0	0	
0	1	0	-0	0	0	-35	4.99997	0	-95	80	0	-35	-4.99997	0	-95	-80	0	0	0	0	0	0	0	0	0	0	0	0	0	0	
0	1	0	-0	0	0	-35	4.99997	0	-95	80	0	-35	-4.99997	0	-95	-80	0	0	0	0	0	0	0	0	0	0	0	0	0	0	
0	1	0	-0	0	0	-35	4.99997	0	-95	80	0	-35	-4.99997	0	-95	-80	0	0	0	0	0	0	0	0	0	0	0	0	0	0	
0	1	0	-0	0	0	-35	4.99997	0	-95	80	0	-35	-4.99997	0	-95	-80	0	0	0	0	0	0	0	0	0	0	0	0	0	0	
0	1	0	-0	0	0	-35	4.99997	0	-95	80	0	-35	-4.99997	0	-95	-80	0	0	0	0	0	0	0	0	0	0	0	0	0	0	
0	1	0	-0	0	0	-35	4.99997	0	-95	80	0	-35	-4.99997	0	-95	-80	0	0	0	0	0	0	0	0	0	0	0	0	0	0	
0	1	0	-0	0	0	-35	4.99997	0	-95	80	0	-35	-4.99997	0	-95	-80	0	0	0	0	0	0	0	0	0	0	0	0	0	0	
0	1	0	-0	0	0	-35	4.99997	0	-95	80	0	-35	-4.99997	0	-95	-80	0	0	0	0	0	0	0	0	0	0	0	0	0	0	
0	1	0	-0	0	0	-35	4.99997	0	-95	80	0	-35	-4.99997	0	-95	-80	0	0	0	0	0	0	0	0	0	0	0	0	0	0	
0	1	0	-0	0	0	-35	4.99997	0	-95	80	0	-35	-4.99997	0	-95	-80	0	0	0	0	0	0	0	0	0	0	0	0	0	0	
0	1	0	-0	0	0	-35	4.99997	0	-95	80	0	-35	-4.99997	0	-95	-80	0	0	0	0	0	0	0	0	0	0	0	0	0	0	
0	1	0	-0	0	0	-35	4.99997	0	-95	80	0	-35	-4.99997	0	-95	-80	0	0	0	0	0	0	0	0	0	0	0	0	0	0	
0	1	0	-0	0	0	-35	4.99997	0	-95	80	0	-35	-4.99997	0	-95	-80	0	0	0	0	0	0	0	0	0	0	0	0	0	0	
0	1	0	-0	0	0	-35	4.99997	0	-95	80	0	-35	-4.99997	0	-95	-80	0	0	0	0	0	0	0	0	0	0	0	0	0	0	
0	1	0	-0	0	0	-35	4.99997	0	-95	80	0	-35	-4.99997	0	-95	-80	0	0	0	0	0	0	0	0	0	0	0	0	0	0	
0	1	0	-0	0	0	-35	4.99997	0	-95	80	0	-35	-4.99997	0	-95	-80	0	0	0	0	0	0	0	0	0	0	0	0	0	0	
0	1	0	-0	0	0	-35	4.99997	0	-95	80	0	-35	-4.99997	0	-95	-80	0	0	0	0	0	0	0	0	0	0	0	0	0	0	
0	1	0	-0	0	0	-35	4.99997	0	-95	80	0	-35	-4.99997	0	-95	-80	0	0	0	0	0	0	0	0	0	0	0	0	0	0	
0	1	0	-0	0	0	-35	4.99997	0	-95	80	0	-35	-4.99997	0	-95	-80	0	0	0	0	0	0	0	0	0	0	0	0	0	0	
0	1	0	-0	0	0	-35	4.99997	0	-95	80	0	-35	-4.99997	0	-95	-80	0	0	0	0	0	0	0	0	0	0	0	0	0	0	
0	1	0	-0	0	0	-35	4.99997	0	-95	80	0	-35	-4.99997	0	-95	-80	0	0	0	0	0	0	0	0	0	0	0	0	0	0	
0	1	0	-0	0	0	-35	4.99997	0	-95	80	0	-35	-4.99997	0	-95	-80	0	0	0	0	0	0	0	0	0	0	0	0	0	0	
0	1	0	-0	0	0	-35	4.99997	0	-95	80	0	-35	-4.99997	0	-95	-80	0	0	0	0	0	0	0	0	0	0	0	0	0	0	
0	1	0	-0	0	0	-35	4.99997	0	-95	80	0	-35	-4.99997	0	-95	-80	0	0	0	0	0	0	0	0	0	0	0	0	0	0	
0	1	0	-0	0	0	-35	4.99997	0	-95	80	0	-35	-4.99997	0	-95	-80	0	0	0	0	0	0	0	0	0	0	0	0	0	0	
0	1	0	-0	0	0	-35	4.99997	0	-95	80	0	-35	-4.99997	0	-95	-80	0	0	0	0	0	0	0	0	0	0	0	0	0	0	
0	1	0	-0	0	0	-35	4.99997	0	-95	80	0	-35	-4.99997	0	-95	-80	0	0	0	0	0	0	0	0	0	0	0	0	0	0	
0	1	0	-0	0	0	-35	4.99997	0	-95	80	0	-35	-4.99997	0	-95	-80	0	0	0	0	0	0	0	0	0	0	0	0	0	0	
0	1	0	-0	0	0	-35	4.99997	0	-95	80	0	-35	-4.99997	0	-95	-80	0	0	0	0	0	0	0	0	0	0	0	0	0	0	
0	1	0	-0	0	0	-35	4.99997	0	-95	80	0	-35	-4.99997	0	-95	-80	0	0	0	0	0	0	0	0	0	0	0	0	0	0	
0	1	0	-0	0	0	-35	4.99997	0	-95	80	0	-35	-4.99997	0	-95	-80	0	0	0	0	0	0	0	0	0	0	0	0	0	0	
0	1	0	-0	0	0	-35	4.99997	0	-95	80	0	-35	-4.99997	0	-95	-80	0	0	0	0	0	0	0	0	0	0	0	0	0	0	
0	1	0	-0	0	0	-35	4.99997	0	-95	80	0	-35	-4.99997	0	-95	-80	0	0	0	0	0	0	0	0	0	0	0	0	0	0	
0	1	0	-0	0	0	-35	4.99997	0	-95	80	0	-35	-4.99997	0	-95	-80	0	0	0	0	0	0	0	0	0	0	0	0	0	0	
0	1	0	-0	0	0	-35	4.99997	0	-95	80	0	-35	-4.99997	0	-95	-80	0	0	0	0	0	0	0	0	0	0	0	0	0	0	
0	1	0	-0	0	0	-35	4.99997	0	-95	80	0	-35	-4.99997	0	-95	-80	0	0	0	0	0	0	0	0	0	0	0	0	0	0	
0	1	0	-0	0	0	-35	4.99997	0	-95	80	0	-35	-4.99997	0	-95	-80	0	0	0	0	0	0	0	0	0	0	0	0	0	0	
0	1	0	-0	0	0	-35	4.99997	0	-95	80	0	-35	-4.99997	0	-95	-80	0	0	0	0	0	0	0	0	0	0	0	0	0	0	
0	1	0	-0	0	0	-35	4.99997	0	-95	80	0	-35	-4.99997	0	-95	-80	0	0	0	0	0	0	0	0	0	0	0	0	0	0	
0	1	0	-0	0	0	-35	4.99997	0	-95	80	0	-35	-4.99997	0	-95	-80	0	0	0	0	0	0	0	0	0	0	0	0	0	0	
0	1	0	-0	0	0	-35	4.99997	0	-95	80	0	-35	-4.99997	0	-95	-80	0	0	0	0	0	0	0	0	0	0	0	0	0	0	
0	1	0	-0	0	0	-35	4.99997	0	-95	80	0	-35	-4.99997	0	-95	-80	0	0	0	0	0	0	0	0	0	0	0	0	0	0	
0	1	0	-0	0	0	-35	4.99997	0	-95	80	0	-35	-4.99997	0	-95	-80	0	0	0	0	0	0	0	0	0	0	0	0	0	0	
0	1	0	-0	0	0	-35	4.99997	0	-95	80	0	-35	-4.99997	0	-95	-80	0	0	0	0	0	0	0	0	0	0	0	0	0	0	
0	1	0	-0	0	0	-35	4.99997	0	-95	80	0	-35	-4.99997	0	-95	-80	0	0	0	0	0	0	0	0	0	0	0	0	0	0	
0	1	0	-0	0	0	-35	4.99997	0	-95	80	0	-35	-4.99997	0	-95	-80	0	0	0	0	0	0	0	0	0	0	0	0	0	0	
0	1	0	-0	0	0	-35	4.99997	0	-95	80	0	-35	-4.99997	0	-95	-80	0	0	0	0	0	0	0	0	0	0	0	0	0	0	
0	1	0	-0	0	0	-35	4.99997	0	-95	80	0	-35	-4.99997	0	-95	-80	0	0	0	0	0	0	0	0	0	0	0	0	0	0	
0	1	0	-0	0	0	-35	4.99997	0	-95	80	0	-35	-4.99997	0	-95	-80	0	0	0	0	0	0	0	0	0	0	0	0	0	0	
0	1	0	-0	0	0	-35	4.99997	0	-95	80	0	-35	-4.99997	0	-95	-80	0	0	0	0	0	0	0	0	0	0	0	0	0	0	
0	1	0	-0	0	0	-35	4.99997	0	-95	80	0	-35	-4.99997	0	-95	-80	0	0	0	0	0	0	0	0	0	0	0	0	0	0	
0	1	0	-0	0	0	-35	4.99997	0	-95	80	0	-35	-4.99997	0	-95	-80	0	0	0	0	0	0	0	0	0	0	0	0	0	0	
0	1	0	-0	0	0	-35	4.99997	0	-95	80	0	-35	-4.99997	0	-95	-80	0	0	0	0	0	0	0	0	0	0	0	0	0	0	
0	1	0	-0	0	0	-35	4.99997	0	-95	80	0	-35	-4.99997	0	-95	-80	0	0	0	0	0	0	0	0	0	0	0	0	0	0	
0	1	0	-0	0	0	-35	4.99997	0	-95	80	0	-35	-4.99997	0	-95	-80	0	0	0	0	0	0	0	0	0	0	0	0	0	0	
0	1	0	-0	0	0	-35	4.99997	0	-95	80	0	-35	-4.99997	0	-95	-80	0	0	0	0	0	0	0	0	0	0	0	0	0	0	
0	1	0	-0	0	0	-35	4.99997	0	-95	80	0	-35	-4.99997	0	-95	-80	0	0	0	0	0	0	0	0	0	0	0	0	0	0	
0	1	0	-0	0	0	-35	4.99997	0	-95	80	0	-35	-4.99997	0	-95	-80	0	0	0	0	0	0	0	0	0	0	0	0	0	0	
0	1	0	-0	0	0	-35	4.99997	0	-95	80	0	-35	-4.99997	0	-95	-80	0	0	0	0	0	0	0	0	0	0	0	0	0	0	
0	1	0	-0	0	0	-35	4.99997	0	-95	80	0	-35	-4.99997	0	-95	-80	0	0	0	0	0	0	0	0	0	0	0	0	0	0	
0	1	0	-0	0	0	-35	4.99997	0	-95	80	0	-35	-4.99997	0	-95	-80	0	0	0	0	0	0	0	0	0	0	0	0	0	0	
0	1	0	-0	0	0	-35	4.99997	0	-95	80	0	-35	-4.99997	0	-95	-80	0	0	0	0	0	0	0	0	0	0	0	0	0	0	
0	1	0	-0	0	0	-35	4.99997	0	-95	80	0	-35	-4.99997	0	-95	-80	0	0	0	0	0	0	0	0	0	0	0	0	0	0	
0	1	0	-0	0	0	-35	4.99997	0	-95	80	0	-35	-4.99997	0	-95	-80	0	0	0	0	0	0	0	0	0	0	0	0	0	0	
0	1	0	-0	0	0	-35	4.99997	0	-95	80	0	-35	-4.99997	0	-95	-80	0	0	0	0	0	0	0	0	0	0	0	0	0	0	
0	1	0	-0	0	0	-35	4.99997	0	-95	80	0	-35	-4.99997	0	-95	-80	0	0	0	0	0	0	0	0	0	0	0	0	0	0	
0	1	0	-0	0	0	-35	4.99997	0	-95	80	0	-35	-4.99997	0	-95	-80	0	0	0	0	0	0	0	0	0	0	0	0	0	0	
0	1	0	-0	0	0	-35	4.99997	0	-95	80	0	-35	-4.99997	0	-95	-80	0	0	0	0	0	0	0	0	0	0	0	0	0	0	
0	1	0	-0	0	0	-35	4.99997	0	-95	80	0	-35	-4.99997	0	-95	-80	0	0	0	0	0	0	0	0	0	0	0	0	0	0	
0	1	0	-0	0	0	-35	4.99997	0	-95	80	0	-35	-4.99997	0	-95	-80	0	0	0	0	0	0	0	0	0	0	0	0	0	0	
0	1	0	-0	0	0	-35	4.99997	0	-95	80	0	-35	-4.99997	0	-95	-80	0	0	0	0	0	0	0	0	0	0	0	0	0	0	
0	1	0	-0	0	0	-35	4.99997	0	-95	80	0	-35	-4.99997	0	-95	-80	0	0	0	0	0	0	0	0	0	0	0	0	0	0	
0	1	0	-0	0	0	-35	4.99997	0	-95	80	0	-35	-4.99997	0	-95	-80	0	0	0	0	0	0	0	0	0	0	0	0	0	0	
0	1	0	-0	0	0	-35	4.99997	0	-95	80	0	-35	-4.99997	0	-95	-80	0	0	0	0	0	0	0	0	0	0	0	0	0	0	
0	1	0	-0	0	0	-35	4.99997	0	-95	80	0	-35	-4.99997	0	-95	-80	0	0	0	0	0	0	0	0	0	0	0	0	0	0	
0	1	0	-0	0	0	-35	4.99997	0	-95	80	0	-35	-4.99997	0	-95	-80	0	0	0	0	0	0	0	0	0	0	0	0	0	0	
0	1	0	-0	0	0	-35	4.99997	0	-95	80	0	-35	-4.99997	0	-95	-80	0	0	0	0	0	0	0	0	0	0	0	0	0	0	
0	1	0	-0	0	0	-35	4.99997	0	-95	80	0	-35	-4.99997	0	-95	-80	0	0	0	0	0	0	0	0	0	0	0	0	0	0	
0	1	0	-0	0	0	-35	4.99997	0	-95	80	0	-35	-4.99997	0	-95	-80	0	0	0	0	0	0	0	0	0	0	0	0	0	0	
0	1	0	-0	0	0	-35	4.99997	0	-95	80	0	-35	-4.99997	0	-95	-80	0	0	0	0	0	0	0	0	0	0	0	0	0	0	
0	1	0	-0	0	0	-35	4.99997	0	-95	80	0	-35	-4.99997	0	-95	-80	0	0	0	0	0	0	0	0	0	0	0	0	0	0	
0	1	0	-0	0	0	-35	4.99997	0	-95	80	0	-35	-4.99997	0	-95	-80	0	0	0	0	0	0	0	0	0	0	0	0	0	0	
0	1	0	-0	0	0	-35	4.99997	0	-95	80	0	-35	-4.99997	0	-95	-80	0	0	0	0	0	0	0	0	0	0	0	0	0	0	
0	1	0	-0	0	0	-35	4.99997	0	-95	80	0	-35	-4.99997	0	-95	-80	0	0	0	0	0	0	0	0	0	0	0	0	0	0	
0	1	0	-0	0	0	-35	4.99997	0	-95	80	0	-35	-4.99997	0	-95	-80	0	0	0	0	0	0	0	0	0	0	0	0	0	0	
0	1	0	-0	0	0	-35	4.99997	0	-95	80	0	-35	-4.99997	0	-95	-80	0	0	0	0	0	0	0	0	0	0	0	0	0	0	
0	1	0	-0	0	0	-35	4.99997	0	-95	80	0	-35	-4.99997	0	-95	-80	0	0	0	0	0	0	0	0	0	0	0	0	0	0	
0	1	0	-0	0	0	-35	4.99997	0	-95	80	0	-35	-4.99997	0	-95	-80	0	0	0	0	0	0	0	0	0	0	0	0	0	0	
0	1	0	-0	0	0	-35	4.99997	0	-95	80	0	-35	-4.99997	0	-95	-80	0	0	0	0	0	0	0	0	0	0	0	0	0	0	
0	1	0	-0	0	0	-35	4.99997	0	-95	80	0	-35	-4.99997	0	-95	-80	0	0	0	0	0	0	0	0	0	0	0	0	0	0	
0	1	0	-0	0	0	-35	4.99997	0	-95	80	0	-35	-4.99997	0	-95	-80	0	0	0	0	0	0	0	0	0	0	0	0	0	0	
0	1	0	-0	0	0	-35	4.99997	0	-95	80	0	-35	-4.99997	0	-95	-80	0	0	0	0	0	0	0	0	0	0	0	0	0	0	
0	1	0	-0	0	0	-35	4.99997	0	-95	80	0	-35	-4.99997	0	-95	-80	0	0	0	0	0	0	0	0	0	0	0	0	0	0	
0	1	0	-0	0	0	-35	4.99997	0	-95	80	0	-35	-4.99997	0	-95	-80	0	0	0	0	0	0	0	0	0	0	0	0	0	0	
0	1	0	-0	0	0	-35	4.99997	0	-95	80	0	-35	-4.99997	0	-95	-80	0	0	0	0	0	0	0	0	0	0	0	0	0	0	
0	1	0	-0	0	0	-35	4.99997	0	-95	80	0	-35	-4.99997	0	-95	-80	0	0	0	0	0	0	0	0	0	0	0	0	0	0	
0	1	0	-0	0	0	-35	4.99997	0	-95	80	0	-35	-4.99997	0	-95	-80	0	0	0	0	0	0	0	0	0	0	0	0	0	0	
0	1	0	-0	0	0	-35	4.99997	0	-95	80	0	-35	-4.99997	0	-95	-80	0	0	0	0	0	0	0	0	0	0	0	0	0	0	
0	1	0	-0	0	0	-35	4.99997	0	-95	80	0	-35	-4.99997	0	-95	-80	0	0	0	0	0	0	0	0	0	0	0	0	0	0	
0	1	0	-0	0	0	-35	4.99997	0	-95	80	0	-35	-4.99997	0	-95	-80	0	0	0	0	0	0	0	0	0	0	0	0	0	0	
0	1	0	-0	0	0	-35	4.99997	0	-95	80	0	-35	-4.99997	0	-95	-80	0	0	0	0	0	0	0	0	0	0	0	0	0	0	
0	1	0	-0	0	0	-35	4.99997	0	-95	80	0	-35	-4.99997	0	-95	-80	0	0	0	0	0	0	0	0	0	0	0	0	0	0	
0	1	0	-0	0	0	-35	4.99997	0	-95	80	0	-35	-4.99997	0	-95	-80	0	0	0	0	0	0	0	0	0	0	0	0	0	0	
0	1	0	-0	0	0	-35	4.99997	0	-95	80	0	-35	-4.99997	0	-95	-80	0	0	0	0	0	0	0	0	0	0	0	0	0	0	
0	1	0	-0	0	0	-35	4.99997	0	-95	80	0	-35	-4.99997	0	-95	-80	0	0	0	0	0	0	0	0	0	0	0	0	0	0	
0	1	0	-0	0	0	-35	4.99997	0	-95	80	0	-35	-4.99997	0	-95	-80	0	0	0	0	0	0	0	0	0	0	0	0	0	0	
0	1	0	-0	0	0	-35	4.99997	0	-95	80	0	-35	-4.99997	0	-95	-80	0	0	0	0	0	0	0	0	0	0	0	0	0	0	
0	1	0	-0	0	0	-35	4.99997	0	-95	80	0	-35	-4.99997	0	-95	-80	0	0	0	0	0	0	0	0	0	0	0	0	0	0	
0	1	0	-0	0	0	-35	4.99997	0	-95	80	0	-35	-4.99997	0	-95	-80	0	0	0	0	0	0	0	0	0	0	0	0	0	0	
0	1	0	-0	0	0	-35	4.99997	0	-95	80	0	-35	-4.99997	0	-95	-80	0	0	0	0	0	0	0	0	0	0	0	0	0	0	
0	1	0	-0	0	0	-35	4.99997	0	-95	80	0	-35	-4.99997	0	-95	-80	0	0	0	0	0	0	0	0	0	0	0	0	0	0	
0	1	0	-0	0	0	-35	4.99997	0	-95	80	0	-35	-4.99997	0	-95	-80	0	0	0	0	0	0	0	0	0	0	0	0	0	0	
0	1	0	-0	0	0	-35	4.99997	0	-95	80	0	-35	-4.99997	0	-95	-80	0	0	0	0	0	0	0	0	0	0	0	0	0	0	
0	1	0	-0	0	0	-35	4.99997	0	-95	80	0	-35	-4.99997	0	-95	-80	0	0	0	0	0	0	0	0	0	0	0	0	0	0	
0	1	0	-0	0	0	-35	4.99997	0	-95	80	0	-35	-4.99997	0	-95	-80	0	0	0	0	0	0	0	0	0	0	0	0	0	0	
0	1	0	-0	0	0	-35	4.99997	0	-95	80	0	-35	-4.99997	0	-95	-80	0	0	0	0	0	0	0	0	0	0	0	0	0	0	
0	1	0	-0	0	0	-35	4.99997	0	-95	80	0	-35	-4.99997	0	-95	-80	0	0	0	0	0	0	0	0	0	0	0	0	0	0	
0	1	0	-0	0	0	-35	4.99997	0	-95	80	0	-35	-4.99997	0	-95	-80	0	0	0	0	0	0	0	0	0	0	0	0	0	0	
0	1	0	-0	0	0	-35	4.99997	0	-95	80	0	-35	-4.99997	0	-95	-80	0	0	0	0	0	0	0	0	0	0	0	0	0	0	
0	1	0	-0	0	0	-35	4.99997	0	-95	80	0	-35	-4.99997	0	-95	-80	0	0	0	0	0	0	0	0	0	0	0	0	0	0	
0	1	0	-0	0	0	-35	4.99997	0	-95	80	0	-35	-4.99997	0	-95	-80	0	0	0	0	0	0	0	0	0	0	0	0	0	0	
0	1	0	-0	0	0	-35	4.99997	0	-95	80	0	-35	-4.99997	0	-95	-80	0	0	0	0	0	0	0	0	0	0	0	0	0	0	
0	1	0	-0	0	0	-35	4.99997	0	-95	80	0	-35	-4.99997	0	-95	-80	0	0	0	0	0	0	0	0	0	0	0	0	0	0	
0	1	0	-0	0	0	-35	4.99997	0	-95	80	0	-35	-4.99997	0	-95	-80	0	0	0	0	0	0	0	0	0	0	0	0	0	0	
0	1	0	-0	0	0	-35	4.99997	0	-95	80	0	-35	-4.99997	0	-95	-80	0	0	0	0	0	0	0	0	0	0	0	0	0	0	
0	1	0	-0	0	0	-35	4.99997	0	-95	80	0	-35	-4.99997	0	-95	-80	0	0	0	0	0	0	0	0	0	0	0	0	0	0	
0	1	0	-0	0	0	-35	4.99997	0	-95	80	0	-35	-4.99997	0	-95	-80	0	0	0	0	0	0	0	0	0	0	0	0	0	0	
0	1	0	-0	0	0	-35	4.99997	0	-95	80	0	-35	-4.99997	0	-95	-80	0	0	0	0	0	0	0	0	0	0	0	0	0	0	
0	1	0	-0	0	0	-35	4.99997	0	-95	80	0	-35	-4.99997	0	-95	-80	0	0	0	0	0	0	0	0	0	0	0	0	0	0	
0	1	0	-0	0	0	-35	4.99997	0	-95	80	0	-35	-4.99997	0	-95	-80	0	0	0	0	0	0	0	0	0	0	0	0	0	0	
0	1	0	-0	0	0	-35	4.99997	0	-95	80	0	-35	-4.99997	0	-95	-80	0	0	0	0	0	0	0	0	0	0	0	0	0	0	
0	1	0	-0	0	0	-35	4.99997	0	-95	80	0	-35	-4.99997	0	-95	-80	0	0	0	0	0	0	0	0	0	0	0	0	0	0	
0	1	0	-0	0	0	-35	4.99997	0	-95	80	0	-35	-4.99997	0	-95	-80	0	0	0	0	0	0	0	0	0	0	0	0	0	0	
0	1	0	-0	0	0	-35	4.99997	0	-95	80	0	-35	-4.99997	0	-95	-80	0	0	0	0	0	0	0	0	0	0	0	0	0	0	
0	1	0	-0	0	0	-35	4.99997	0	-95	80	0	-35	-4.99997	0	-95	-80	0	0	0	0	0	0	0	0	0	0	0	0	0	0	
0	1	0	-0	0	0	-35	4.99997	0	-95	80	0	-35	-4.99997	0	-95	-80	0	0	0	0	0	0	0	0	0	0	0	0	0	0	
0	1	0	-0	0	0	-35	4.99997	0	-95	80	0	-35	-4.99997	0	-95	-80	0	0	0	0	0	0	0	0	0	0	0	0	0	0	
0	1	0	-0	0	0	-35	4.99997	0	-95	80	0	-35	-4.99997	0	-95	-80	0	0	0	0	0	0	0	0	0	0	0	0	0	0	
0	1	0	-0	0	0	-35	4.99997	0	-95	80	0	-35	-4.99997	0	-95	-80	0	0	0	0	0	0	0	0	0	0	0	0	0	0	
0	1	0	-0	0	0	-35	4.99997	0	-95	80	0	-35	-4.99997	0	-95	-80	0	0	0	0	0	0	0	0	0	0	0	0	0	0	
0	1	0	-0	0	0	-35	4.99997	0	-95	80	0	-35	-4.99997	0	-95	-80	0	0	0	0	0	0	0	0	0	0	0	0	0	0	
0	1	0	-0	0	0	-35	4.99997	0	-95	80	0	-35	-4.99997	0	-95	-80	0	0	0	0	0	0	0	0	0	0	0	0	0	0	
0	1	0	-0	0	0	-35	4.99997	0	-95	80	0	-35	-4.99997	0	-95	-80	0	0	0	0	0	0	0	0	0	0	0	0	0	0	
0	1	0	-0	0	0	-35	4.99997	0	-95	80	0	-35	-4.99997	0	-95	-80	0	0	0	0	0	0	0	0	0	0	0	0	0	0	
0	1	0	-0	0	0	-35	4.99997	0	-95	80	0	-35	-4.99997	0	-95	-80	0	0	0	0	0	0	0	0	0	0	0	0	0	0	
0	1	0	-0	0	0	-35	4.99997	0	-95	80	0	-35	-4.99997	0	-95	-80	0	0	0	0	0	0	0	0	0	0	0	0	0	0	
0	1	0	-0	0	0	-35	4.99997	0	-95	80	0	-35	-4.99997	0	-95	-80	0	0	0	0	0	0	0	0	0	0	0	0	0	0	
0	1	0	-0	0	0	-35	4.99997	0	-95	80	0	-35	-4.99997	0	-95	-80	0	0	0	0	0	0	0	0	0	0	0	0	0	0	
0	1	0	-0	0	0	-35	4.99997	0	-95	80	0	-35	-4.99997	0	-95	-80	0	0	0	0	0	0	0	0	0	0	0	0	0	0	
0	1	0	-0	0	0	-35	4.99997	0	-95	80	0	-35	-4.99997	0	-95	-80	0	0	0	0	0	0	0	0	0	0	0	0	0	0	
0	1	0	-0	0	0	-35	4.99997	0	-95	80	0	-35	-4.99997	0	-95	-80	0	0	0	0	0	0	0	0	0	0	0	0	0	0	
0	1	0	-0	0	0	-35	4.99997	0	-95	80	0	-35	-4.99997	0	-95	-80	0	0	0	0	0	0	0	0	0	0	0	0	0	0	
0	1	0	-0	0	0	-35	4.99997	0	-95	80	0	-35	-4.99997	0	-95	-80	0	0	0	0	0	0	0	0	0	0	0	0	0	0	
0	1	0	-0	0	0	-35	4.99997	0	-95	80	0	-35	-4.99997	0	-95	-80	0	0	0	0	0	0	0	0	0	0	0	0	0	0	
0	1	0	-0	0	0	-35	4.99997	0	-95	80	0	-35	-4.99997	0	-95	-80	0	0	0	0	0	0	0	0	0	0	0	0	0	0	
0	1	0	-0	0	0	-35	4.99997	0	-95	80	0	-35	-4.99997	0	-95	-80	0	0	0	0	0	0	0	0	0	0	0	0	0	0	
0	1	0	-0	0	0	-35	4.99997	0	-95	80	0	-35	-4.99997	0	-95	-80	0	0	0	0	0	0	0	0	0	0	0	0	0	0	
0	1	0	-0	0	0	-35	4.99997	0	-95	80	0	-35	-4.99997	0	-95	-80	0	0	0	0	0	0	0	0	0	0	0	0	0	0	
0	1	0	-0	0	0	-35	4.99997	0	-95	80	0	-35	-4.99997	0	-95	-80	0	0	0	0	0	0	0	0	0	0	0	0	0	0	
0	1	0	-0	0	0	-35	4.99997	0	-95	80	0	-35	-4.99997	0	-95	-80	0	0	0	0	0	0	0	0	0	0	0	0	0	0	
0	1	0	-0	0	0	-35	4.99997	0	-95	80	0	-35	-4.99997	0	-95	-80	0	0	0	0	0	0	0	0	0	0	0	0	0	0	
0	1	0	-0	0	0	-35	4.99997	0	-95	80	0	-35	-4.99997	0	-95	-80	0	0	0	0	0	0	0	0	0	0	0	0	0	0	
0	1	0	-0	0	0	-35	4.99997	0	-95	80	0	-35	-4.99997	0	-95	-80	0	0	0	0	0	0	0	0	0	0	0	0	0	0	
0	1	0	-0	0	0	-35	4.99997	0	-95	80	0	-35	-4.99997	0	-95	-80	0	0	0	0	0	0	0	0	0	0	0	0	0	0	
0	1	0	-0	0	0	-35	4.99997	0	-95	80	0	-35	-4.99997	0	-95	-80	0	0	0	0	0	0	0	0	0	0	0	0	0	0	
0	1	0	-0	0	0	-35	4.99997	0	-95	80	0	-35	-4.99997	0	-95	-80	0	0	0	0	0	0	0	0	0	0	0	0	0	0	
0	1	0	-0	0	0	-35	4.99997	0	-95	80	0	-35	-4.99997	0	-95	-80	0	0	0	0	0	0	0	0	0	0	0	0	0	0	
0	1	0	-0	0	0	-35	4.99997	0	-95	80	0	-35	-4.99997	0	-95	-80	0	0	0	0	0	0	0	0	0	0	0	0	0	0	
0	1	0	-0	0	0	-35	4.99997	0	-95	80	0	-35	-4.99997	0	-95	-80	0	0	0	0	0	0	0	0	0	0	0	0	0	0	
0	1	0	-0	0	0	-35	4.99997	0	-95	80	0	-35	-4.99997	0	-95	-80	0	0	0	0	0	0	0	0	0	0	0	0	0	0	
0	1	0	-0	0	0	-35	4.99997	0	-95	80	0	-35	-4.99997	0	-95	-80	0	0	0	0	0	0	0	0	0	0	0	0	0	0	
0	1	0	-0	0	0	-35	4.99997	0	-95	80	0	-35	-4.99997	0	-95	-80	0	0	0	0	0	0	0	0	0	0	0	0	0	0	
0	1	0	-0	0	0	-35	4.99997	0	-95	80	0	-35	-4.99997	0	-95	-80	0	0	0	0	0	0	0	0	0	0	0	0	0	0	
0	1	0	-0	0	0	-35	4.99997	0	-95	80	0	-35	-4.99997	0	-95	-80	0	0	0	0	0	0	0	0	0	0	0	0	0	0	
0	1	0	-0	0	0	-35	4.99997	0	-95	80	0	-35	-4.99997	0	-95	-80	0	0	0	0	0	0	0	0	0	0	0	0	0	0	
0	1	0	-0	0	0	-35	4.99997	0	-95	80	0	-35	-4.99997	0	-95	-80	0	0	0	0	0	0	0	0	0	0	0	0	0	0	
0	1	0	-0	0	0	-35	4.99997	0	-95	80	0	-35	-4.99997	0	-95	-80	0	0	0	0	0	0	0	0	0	0	0	0	0	0	
0	1	0	-0	0	0	-35	4.99997	0	-95	80	0	-35	-4.99997	0	-95	-80	0	0	0	0	0	0	0	0	0	0	0	0	0	0	
0	1	0	-0	0	0	-35	4.99997	0	-95	80	0	-35	-4.99997	0	-95	-80	0	0	0	0	0	0	0	0	0	0	0	0	0	0	
0	1	0	-0	0	0	-35	4.99997	0	-95	80	0	-35	-4.99997	0	-95	-80	0	0	0	0	0	0	0	0	0	0	0	0	0	0	
0	1	0	-0	0	0	-35	4.99997	0	-95	80	0	-35	-4.99997	0	-95	-80	0	0	0	0	0	0	0	0	0	0	0	0	0	0	
0	1	0	-0	0	0	-35	4.99997	0	-95	80	0	-35	-4.99997	0	-95	-80	0	0	0	0	0	0	0	0	0	0	0	0	0	0	
0	1	0	-0	0	0	-35	4.99997	0	-95	80	0	-35	-4.99997	0	-95	-80	0	0	0	0	0	0	0	0	0	0	0	0	0	0	
0	1	0	-0	0	0	-35	4.99997	0	-95	80	0	-35	-4.99997	0	-95	-80	0	0	0	0	0	0	0	0	0	0	0	0	0	0	
0	1	0	-0	0	0	-35	4.99997	0	-95	80	0	-35	-4.99997	0	-95	-80	0	0	0	0	0	0	0	0	0	0	0	0	0	0	
0	1	0	-0	0	0	-35	4.99997	0	-95	80	0	-35	-4.99997	0	-95	-80	0	0	0	0	0	0	0	0	0	0	0	0	0	0	
0	1	0	-0	0	0	-35	4.99997	0	-95	80	0	-35	-4.99997	0	-95	-80	0	0	0	0	0	0	0	0	0	0	0	0	0	0	
0	1	0	-0	0	0	-35	4.99997	0	-95	80	0	-35	-4.99997	0	-95	-80	0	0	0	0	0	0	0	0	0	0	0	0	0	0	
0	1	0	-0	0	0	-35	4.99997	0	-95	80	0	-35	-4.99997	0	-95	-80	0	0	0	0	0	0	0	0	0	0	0	0	0	0	
0	1	0	-0	0	0	-35	4.99997	0	-95	80	0	-35	-4.99997	0	-95	-80	0	0	0	0	0	0	0	0	0	0	0	0	0	0	
0	1	0	-0	0	0	-35	4.99997	0	-95	80	0	-35	-4.99997	0	-95	-80	0	0	0	0	0	0	0	0	0	0	0	0	0	0	
0	1	0	-0	0	0	-35	4.99997	0	-95	80	0	-35	-4.99997	0	-95	-80	0	0	0	0	0	0	0	0	0	0	0	0	0	0	
0	1	0	-0	0	0	-35	4.99997	0	-95	80	0	-35	-4.99997	0	-95	-80	0	0	0	0	0	0	0	0	0	0	0	0	0	0	
0	1	0	-0	0	0	-35	4.99997	0	-95	80	0	-35	-4.99997	0	-95	-80	0	0	0	0	0	0	0	0	0	0	0	0	0	0	
0	1	0	-0	0	0	-35	4.99997	0	-95	80	0	-35	-4.99997	0	-95	-80	0	0	0	0	0	0	0	0	0	0	0	0	0	0	
0	1	0	-0	0	0	-35	4.99997	0	-95	80	0	-35	-4.99997	0	-95	-80	0	0	0	0	0	0	0	0	0	0	0	0	0	0	
0	1	0	-0	0	0	-35	4.99997	0	-95	80	0	-35	-4.99997	0	-95	-80	0	0	0	0	0	0	0	0	0	0	0	0	0	0	
0	1	0	-0	0	0	-35	4.99997	0	-95	80	0	-35	-4.99997	0	-95	-80	0	0	0	0	0	0	0	0	0	0	0	0	0	0	
0	1	0	-0	0	0	-35	4.99997	0	-95	80	0	-35	-4.99997	0	-95	-80	0	0	0	0	0	0	0	0	0	0	0	0	0	0	
0	1	0	-0	0	0	-35	4.99997	0	-95	80	0	-35	-4.99997	0	-95	-80	0	0	0	0	0	0	0	0	0	0	0	0	0	0	
0	1	0	-0	0	0	-35	4.99997	0	-95	80	0	-35	-4.99997	0	-95	-80	0	0	0	0	0	0	0	0	0	0	0	0	0	0	
0	1	0	-0	0	0	-35	4.99997	0	-95	80	0	-35	-4.99997	0	-95	-80	0	0	0	0	0	0	0	0	0	0	0	0	0	0	
0	1	0	-0	0	0	-35	4.99997	0	-95	80	0	-35	-4.99997	0	-95	-80	0	0	0	0	0	0	0	0	0	0	0	0	0	0	
0	1	0	-0	0	0	-35	4.99997	0	-95	80	0	-35	-4.99997	0	-95	-80	0	0	0	0	0	0	0	0	0	0	0	0	0	0	
0	1	0	-0	0	0	-35	4.99997	0	-95	80	0	-35	-4.99997	0	-95	-80	0	0	0	0	0	0	0	0	0	0	0	0	0	0	
0	1	0	-0	0	0	-35	4.99997	0	-95	80	0	-35	-4.99997	0	-95	-80	0	0	0	0	0	0	0	0	0	0	0	0	0	0	
0	1	0	-0	0	0	-35	4.99997	0	-95	80	0	-35	-4.99997	0	-95	-80	0	0	0	0	0	0	0	0	0	0	0	0	0	0	
0	1	0	-0	0	0	-35	4.99997	0	-95	80	0	-35	-4.99997	0	-95	-80	0	0	0	0	0	0	0	0	0	0	0	0	0	0	
0	1	0	-0	0	0	-35	4.99997	0	-95	80	0	-35	-4.99997	0	-95	-80	0	0	0	0	0	0	0	0	0	0	0	0	0	0	
0	1	0	-0	0	0	-35	4.99997	0	-95	80	0	-35	-4.99997	0	-95	-80	0	0	0	0	0	0	0	0	0	0	0	0	0	0	
0	1	0	-0	0	0	-35	4.99997	0	-95	80	0	-35	-4.99997	0	-95	-80	0	0	0	0	0	0	0	0	0	0	0	0	0	0	
0	1	0	-0	0	0	-35	4.99997	0	-95	80	0	-35	-4.99997	0	-95	-80	0	0	0	0	0	0	0	0	0	0	0	0	0	0	
0	1	0	-0	0	0	-35	4.99997	0	-95	80	0	-35	-4.99997	0	-95	-80	0	0	0	0	0	0	0	0	0	0	0	0	0	0	
0	1	0	-0	0	0	-35	4.99997	0	-95	80	0	-35	-4.99997	0	-95	-80	0	0	0	0	0	0	0	0	0	0	0	0	0	0	
0	1	0	-0	0	0	-35	4.99997	0	-95	80	0	-35	-4.99997	0	-95	-80	0	0	0	0	0	0	0	0	0	0	0	0	0	0	
0	1	0	-0	0	0	-35	4.99997	0	-95	80	0	-35	-4.99997	0	-95	-80	0	0	0	0	0	0	0	0	0	0	0	0	0	0	
0	1	0	-0	0	0	-35	4.99997	0	-95	80	0	-35	-4.99997	0	-95	-80	0	0	0	0	0	0	0	0	0	0	0	0	0	0	
0	1	0	-0	0	0	-35	4.99997	0	-95	80	0	-35	-4.99997	0	-95	-80	0	0	0	0	0	0	0	0	0	0	0	0	0	0	
0	1	0	-0	0	0	-35	4.99997	0	-95	80	0	-35	-4.99997	0	-95	-80	0	0	0	0	0	0	0	0	0	0	0	0	0	0	
0	1	0	-0	0	0	-35	4.99997	0	-95	80	0	-35	-4.99997	0	-95	-80	0	0	0	0	0	0	0	0	0	0	0	0	0	0	
0	1	0	-0	0	0	-35	4.99997	0	-95	80	0	-35	-4.99997	0	-95	-80	0	0	0	0	0	0	0	0	0	0	0	0	0	0	
0	1	0	-0	0	0	-35	4.99997	0	-95	80	0	-35	-4.99997	0	-95	-80	0	0	0	0	0	0	0	0	0	0	0	0	0	0	
0	1	0	-0	0	0	-35	4.99997	0	-95	80	0	-35	-4.99997	0	-95	-80	0	0	0	0	0	0	0	0	0	0	0	0	0	0	
0	1	0	-0	0	0	-35	4.99997	0	-95	80	0	-35	-4.99997	0	-95	-80	0	0	0	0	0	0	0	0	0	0	0	0	0	0	
0	1	0	-0	0	0	-35	4.99997	0	-95	80	0	-35	-4.99997	0	-95	-80	0	0	0	0	0	0	0	0	0	0	0	0	0	0	
0	1	0	-0	0	0	-35	4.99997	0	-95	80	0	-35	-4.99997	0	-95	-80	0	0	0	0	0	0	0	0	0	0	0	0	0	0	
0	1	0	-0	0	0	-35	4.99997	0	-95	80	0	-35	-4.99997	0	-95	-80	0	0	0	0	0	0	0	0	0	0	0	0	0	0	
0	1	0	-0	0	0	-35	4.99997	0	-95	80	0	-35	-4.99997	0	-95	-80	0	0	0	0	0	0	0	0	0	0	0	0	0	0	
0	1	0	-0	0	0	-35	4.99997	0	-95	80	0	-35	-4.99997	0	-95	-80	0	0	0	0	0	0	0	0	0	0	0	0	0	0	
0	1	0	-0	0	0	-35	4.99997	0	-95	80	0	-35	-4.99997	0	-95	-80	0	0	0	0	0	0	0	0	0	0	0	0	0	0	
0	1	0	-0	0	0	-35	4.99997	0	-95	80	0	-35	-4.99997	0	-95	-80	0	0	0	0	0	0	0	0	0	0	0	0	0	0	
0	1	0	-0	0	0	-35	4.99997	0	-95	80	0	-35	-4.99997	0	-95	-80	0	0	0	0	0	0	0	0	0	0	0	0	0	0	
0	1	0	-0	0	0	-35	4.99997	0	-95	80	0	-35	-4.99997	0	-95	-80	0	0	0	0	0	0	0	0	0	0	0	0	0	0	
0	1	0	-0	0	0	-35	4.99997	0	-95	80	0	-35	-4.99997	0	-95	-80	0	0	0	0	0	0	0	0	0	0	0	0	0	0	
0	1	0	-0	0	0	-35	4.99997	0	-95	80	0	-35	-4.99997	0	-95	-80	0	0	0	0	0	0	0	0	0	0	0	0	0	0	
0	1	0	-0	0	0	-35	4.99997	0	-95	80	0	-35	-4.99997	0	-95	-80	0	0	0	0	0	0	0	0	0	0	0	0	0	0	
0	1	0	-0	0	0	-35	4.99997	0	-95	80	0	-35	-4.99997	0	-95	-80	0	0	0	0	0	0	0	0	0	0	0	0	0	0	
0	1	0	-0	0	0	-35	4.99997	0	-95	80	0	-35	-4.99997	0	-95	-80	0	0	0	0	0	0	0	0	0	0	0	0	0	0	
0	1	0	-0	0	0	-35	4.99997	0	-95	80	0	-35	-4.99997	0	-95	-80	0	0	0	0	0	0	0	0	0	0	0	0	0	0	
0	1	0	-0	0	0	-35	4.99997	0	-95	80	0	-35	-4.99997	0	-95	-80	0	0	0	0	0	0	0	0	0	0	0	0	0	0	
0	1	0	-0	0	0	-35	4.99997	0	-95	80	0	-35	-4.99997	0	-95	-80	0	0	0	0	0	0	0	0	0	0	0	0	0	0	
0	1	0	-0	0	0	-35	4.99997	0	-95	80	0	-35	-4.99997	0	-95	-80	0	0	0	0	0	0	0	0	0	0	0	0	0	0	
0	1	0	-0	0	0	-35	4.99997	0	-95	80	0	-35	-4.99997	0	-95	-80	0	0	0	0	0	0	0	0	0	0	0	0	0	0	
0	1	0	-0	0	0	-35	4.99997	0	-95	80	0	-35	-4.99997	0	-95	-80	0	0	0	0	0	0	0	0	0	0	0	0	0	0	
0	1	0	-0	0	0	-35	4.99997	0	-95	80	0	-35	-4.99997	0	-95	-80	0	0	0	0	0	0	0	0	0	0	0	0	0	0	
0	1	0	-0	0	0	-35	4.99997	0	-95	80	0	-35	-4.99997	0	-95	-80	0	0	0	0	0	0	0	0	0	0	0	0	0	0	
0	1	0	-0	0	0	-35	4.99997	0	-95	80	0	-35	-4.99997	0	-95	-80	0	0	0	0	0	0	0	0	0	0	0	0	0	0	
0	1	0	-0	0	0	-35	4.99997	0	-95	80	0	-35	-4.99997	0	-95	-80	0	0	0	0	0	0	0	0	0	0	0	0	0	0	
0	1	0	-0	0	0	-35	4.99997	0	-95	80	0	-35	-4.99997	0	-95	-80	0	0	0	0	0	0	0	0	0	0	0	0	0	0	
0	1	0	-0	0	0	-35	4.99997	0	-95	80	0	-35	-4.99997	0	-95	-80	0	0	0	0	0	0	0	0	0	0	0	0	0	0	
0	1	0	-0	0	0	-35	4.99997	0	-95	80	0	-35	-4.99997	0	-95	-80	0	0	0	0	0	0	0	0	0	0	0	0	0	0	
0	1	0	-0	0	0	-35	4.99997	0	-95	80	0	-35	-4.99997	0	-95	-80	0	0	0	0	0	0	0	0	0	0	0	0	0	0	
0	1	0	-0	0	0	-35	4.99997	0	-95	80	0	-35	-4.99997	0	-95	-80	0	0	0	0	0	0	0	0	0	0	0	0	0	0	
0	1	0	-0	0	0	-35	4.99997	0	-95	80	0	-35	-4.99997	0	-95	-80	0	0	0	0	0	0	0	0	0	0	0	0	0	0	
0	1	0	-0	0	0	-35	4.99997	0	-95	80	0	-35	-4.99997	0	-95	-80	0	0	0	0	0	0	0	0	0	0	0	0	0	0	
0	1	0	-0	0	0	-35	4.99997	0	-95	80	0	-35	-4.99997	0	-95	-80	0	0	0	0	0	0	0	0	0	0	0	0	0	0	
0	1	0	-0	0	0	-35	4.99997	0	-95	80	0	-35	-4.99997	0	-95	-80	0	0	0	0	0	0	0	0	0	0	0	0	0	0	
0	1	0	-0	0	0	-35	4.99997	0	-95	80	0	-35	-4.99997	0	-95	-80	0	0	0	0	0	0	0	0	0	0	0	0	0	0	
0	1	0	-0	0	0	-35	4.99997	0	-95	80	0	-35	-4.99997	0	-95	-80	0	0	0	0	0	0	0	0	0	0	0	0	0	0	
0	1	0	-0	0	0	-35	4.99997	0	-95	80	0	-35	-4.99997	0	-95	-80	0	0	0	0	0	0	0	0	0	0	0	0	0	0	
0	1	0	-0	0	0	-35	4.99997	0	-95	80	0	-35	-4.99997	0	-95	-80	0	0	0	0	0	0	0	0	0	0	0	0	0	0	
0	1	0	-0	0	0	-35	4.99997	0	-95	80	0	-35	-4.99997	0	-95	-80	0	0	0	0	0	0	0	0	0	0	0	0	0	0	
0	1	0	-0	0	0	-35	4.99997	0	-95	80	0	-35	-4.99997	0	-95	-80	0	0	0	0	0	0	0	0	0	0	0	0	0	0	
0	1	0	-0	0	0	-35	4.99997	0	-95	80	0	-35	-4.99997	0	-95	-80	0	0	0	0	0	0	0	0	0	0	0	0	0	0	
0	1	0	-0	0	0	-35	4.99997	0	-95	80	0	-35	-4.99997	0	-95	-80	0	0	0	0	0	0	0	0	0	0	0	0	0	0	
0	1	0	-0	0	0	-35	4.99997	0	-95	80	0	-35	-4.99997	0	-95	-80	0	0	0	0	0	0	0	0	0	0	0	0	0	0	
0	1	0	-0	0	0	-35	4.99997	0	-95	80	0	-35	-4.99997	0	-95	-80	0	0	0	0	0	0	0	0	0	0	0	0	0	0	
0	1	0	-0	0	0	-35	4.99997	0	-95	80	0	-35	-4.99997	0	-95	-80	0	0	0	0	0	0	0	0	0	0	0	0	0	0	
0	1	0	-0	0	0	-35	4.99997	0	-95	80	0	-35	-4.99997	0	-95	-80	0	0	0	0	0	0	0	0	0	0	0	0	0	0	
0	1	0	-0	0	0	-35	4.99997	0	-95	80	0	-35	-4.99997	0	-95	-80	0	0	0	0	0	0	0	0	0	0	0	0	0	0	
0	1	0	-0	0	0	-34.9944	4.99814	0	-94.992	79.9901	0	-34.9944	-4.99814	0	-94.992	-79.9901	0	0	0	0	0	0	0	0	0	0	0	0	0	0	
0	1	0	-0	0	0	-34.9889	4.99631	0	-94.984	79.9803	0	-34.9889	-4.99631	0	-94.984	-79.9803	0	0	0	0	0	0	0	0	0	0	0	0	0	0	
0	1	0	-0	0	0	-34.9722	4.99075	0	-94.9599	79.9507	0	-34.9722	-4.99075	0	-94.9599	-79.9507	0	0	0	0	0	0	0	0	0	0	0	0	0	0	
0	1	0	-0	0	0	-34.9556	4.98519	0	-94.9358	79.9211	0	-34.9556	-4.98519	0	-94.9358	-79.9211	0	0	0	0	0	0	0	0	0	0	0	0	0	0	
0	1	0	-0	0	0	-34.9279	4.97597	0	-94.8958	79.8718	0	-34.9279	-4.97597	0	-94.8958	-79.8718	0	0	0	0	0	0	0	0	0	0	0	0	0	0	
0	1	0	-0	0	0	-34.9001	4.96674	0	-94.8557	79.8225	0	-34.9001	-4.96674	0	-94.8557	-79.8225	0	0	0	0	0	0	0	0	0	0	0	0	0	0	
0	1	0	-0	0	0	-34.8614	4.95379	0	-94.7997	79.7535	0	-34.8614	-4.95379	0	-94.7997	-79.7535	0	0	0	0	0	0	0	0	0	0	0	0	0	0	
0	1	0	-0	0	0	-34.8226	4.94084	0	-94.7437	79.6846	0	-34.8226	-4.94084	0	-94.7437	-79.6846	0	0	0	0	0	0	0	0	0	0	0	0	0	0	
0	1	0	-0	0	0	-34.7728	4.92426	0	-94.6718	79.596	0	-34.7728	-4.92426	0	-94.6718	-79.596	0	0	0	0	0	0	0	0	0	0	0	0	0	0	
0	1	0	-0	0	0	-34.723	4.90767	0	-94.5999	79.5075	0	-34.723	-4.90767	0	-94.5999	-79.5075	0	0	0	0	0	0	0	0	0	0	0	0	0	0	
0	1	0	-0	0	0	-34.6622	4.88742	0	-94.5121	79.3995	0	-34.6622	-4.88742	0	-94.5121	-79.3995	0	0	0	0	0	0	0	0	0	0	0	0	0	0	
0	1	0	-0	0	0	-34.6014	4.86716	0	-94.4244	79.2915	0	-34.6014	-4.86716	0	-94.4244	-79.2915	0	0	0	0	0	0	0	0	0	0	0	0	0	0	
0	1	0	-0	0	0	-34.5298	4.84327	0	-94.3208	79.1641	0	-34.5298	-4.84327	0	-94.3208	-79.1641	0	0	0	0	0	0	0	0	0	0	0	0	0	0	
0	1	0	-0	0	0	-34.4581	4.81938	0	-94.2173	79.0367	0	-34.4581	-4.81938	0	-94.2173	-79.0367	0	0	0	0	0	0	0	0	0	0	0	0	0	0	
0	1	0	-0	0	0	-34.3756	4.79188	0	-94.0981	78.89	0	-34.3756	-4.79188	0	-94.0981	-78.89	0	0	0	0	0	0	0	0	0	0	0	0	0	0	
0	1	0	-0	0	0	-34.2931	4.76437	0	-93.9789	78.7433	0	-34.2931	-4.76437	0	-93.9789	-78.7433	0	0	0	0	0	0	0	0	0	0	0	0	0	0	
0	1	0	-0	0	0	-34.1999	4.73329	0	-93.8442	78.5775	0	-34.1999	-4.73329	0	-93.8442	-78.5775	0	0	0	0	0	0	0	0	0	0	0	0	0	0	
0	1	0	-0	0	0	-34.1066	4.70221	0	-93.7095	78.4117	0	-34.1066	-4.70221	0	-93.7095	-78.4117	0	0	0	0	0	0	0	0	0	0	0	0	0	0	
0	1	0	-0	0	0	-34.0027	4.66757	0	-93.5594	78.227	0	-34.0027	-4.66757	0	-93.5594	-78.227	0	0	0	0	0	0	0	0	0	0	0	0	0	0	
0	1	0	-0	0	0	-33.8988	4.63294	0	-93.4093	78.0422	0	-33.8988	-4.63294	0	-93.4093	-78.0422	0	0	0	0	0	0	0	0	0	0	0	0	0	0	
0	1	0	-0	0	0	-33.7843	4.59478	0	-93.244	77.8387	0	-33.7843	-4.59478	0	-93.244	-77.8387	0	0	0	0	0	0	0	0	0	0	0	0	0	0	
0	1	0	-0	0	0	-33.6698	4.55662	0	-93.0787	77.6352	0	-33.6698	-4.55662	0	-93.0787	-77.6352	0	0	0	0	0	0	0	0	0	0	0	0	0	0	
0	1	0	-0	0	0	-33.5449	4.51496	0	-92.8982	77.4131	0	-33.5449	-4.51496	0	-92.8982	-77.4131	0	0	0	0	0	0	0	0	0	0	0	0	0	0	
0	1	0	-0	0	0	-33.42	4.47331	0	-92.7177	77.1911	0	-33.42	-4.47331	0	-92.7177	-77.1911	0	0	0	0	0	0	0	0	0	0	0	0	0	0	
0	1	0	-0	0	0	-33.2848	4.42825	0	-92.5224	76.9506	0	-33.2848	-4.42825	0	-92.5224	-76.9506	0	0	0	0	0	0	0	0	0	0	0	0	0	0	
0	1	0	-0	0	0	-33.1495	4.38318	0	-92.327	76.7102	0	-33.1495	-4.38318	0	-92.327	-76.7102	0	0	0	0	0	0	0	0	0	0	0	0	0	0	
0	1	0	-0	0	0	-33.0041	4.33468	0	-92.117	76.4516	0	-33.0041	-4.33468	0	-92.117	-76.4516	0	0	0	0	0	0	0	0	0	0	0	0	0	0	
0	1	0	-0	0	0	-32.8586	4.28618	0	-91.9069	76.1931	0	-32.8586	-4.28618	0	-91.9069	-76.1931	0	0	0	0	0	0	0	0	0	0	0	0	0	0	
0	1	0	-0	0	0	-32.7031	4.23436	0	-91.6823	75.9167	0	-32.7031	-4.23436	0	-91.6823	-75.9167	0	0	0	0	0	0	0	0	0	0	0	0	0	0	
0	1	0	-0	0	0	-32.5477	4.18253	0	-91.4577	75.6403	0	-32.5477	-4.18253	0	-91.4577	-75.6403	0	0	0	0	0	0	0	0	0	0	0	0	0	0	
0	1	0	-0	0	0	-32.3823	4.12742	0	-91.2188	75.3463	0	-32.3823	-4.12742	0	-91.2188	-75.3463	0	0	0	0	63.5	63.5	-63.5	63.5	-63.5	63.5	-63.5	63.5	-63.5	63.5	
0	1	0	-0	0	0	-32.2169	4.0723	0	-90.98	75.0523	0	-32.2169	-4.0723	0	-90.98	-75.0523	0	0	0	0	127	127	-127	127	-127	127	-127	127	-127	127	
0	1	0	-0	0	0	-32.0418	4.01394	0	-90.727	74.741	0	-32.0418	-4.01394	0	-90.727	-74.741	0	0	0	0	127	127	-127	127	-127	127	-127	127	-127	127	
0	1	0	-0	0	0	-31.8667	3.95559	0	-90.4741	74.4297	0	-31.8667	-3.95559	0	-90.4741	-74.4297	0	0	0	0	127	127	-127	127	-127	127	-127	127	-127	127	
0	1	0	-0	0	0	-31.682	3.89402	0	-90.2074	74.1014	0	-31.682	-3.89402	0	-90.2074	-74.1014	0	0	0	0	127	127	-127	127	-127	127	-127	127	-127	127	
0	1	0	-0	0	0	-31.4974	3.83246	0	-89.9407	73.7731	0	-31.4974	-3.83246	0	-89.9407	-73.7731	0	0	0	0	127	127	-127	127	-127	127	-127	127	-127	127	
0	1	0	-0	0	0	-31.3033	3.76777	0	-89.6604	73.4282	0	-31.3033	-3.76777	0	-89.6604	-73.4282	0	0	0	0	127	127	-127	127	-127	127	-127	127	-127	127	
0	1	0	-0	0	0	-31.1093	3.70308	0	-89.3801	73.0832	0	-31.1093	-3.70308	0	-89.3801	-73.0832	0	0	0	0	127	127	-127	127	-127	127	-127	127	-127	127	
0	1	0	-0	0	0	-30.9061	3.63536	0	-89.0866	72.722	0	-30.9061	-3.63536	0	-89.0866	-72.722	0	0	0	0	127	127	-127	127	-127	127	-127	127	-127	127	
0	1	0	-0	0	0	-30.7029	3.56764	0	-88.793	72.3607	0	-30.7029	-3.56764	0	-88.793	-72.3607	0	0	0	0	127	127	-127	127	-127	127	-127	127	-127	127	
0	1	0	-0	0	0	-30.4907	3.4969	0	-88.4865	71.9834	0	-30.4907	-3.4969	0	-88.4865	-71.9834	0	0	0	0	127	127	-127	127	-127	127	-127	127	-127	127	
0	1	0	-0	0	0	-30.2785	3.42617	0	-88.18	71.6062	0	-30.2785	-3.42617	0	-88.18	-71.6062	0	0	0	0	127	127	-127	127	-127	127	-127	127	-127	127	
0	1	0	-0	0	0	-30.0575	3.35252	0	-87.8609	71.2134	0	-30.0575	-3.35252	0	-87.8609	-71.2134	0	0	0	0	127	127	-127	127	-127	127	-127	127	-127	127	
0	1	0	-0	0	0	-29.8365	3.27887	0	-87.5417	70.8205	0	-29.8365	-3.27887	0	-87.5417	-70.8205	0	0	0	0	127	127	-127	127	-127	127	-127	127	-127	127	
0	1	0	-0	0	0	-29.607	3.20235	0	-87.2102	70.4125	0	-29.607	-3.20235	0	-87.2102	-70.4125	0	0	0	0	127	127	-127	127	-127	127	-127	127	-127	127	
0	1	0	-0	0	0	-29.3775	3.12583	0	-86.8786	70.0044	0	-29.3775	-3.12583	0	-86.8786	-70.0044	0	0	0	0	127	127	-127	127	-127	127	-127	127	-127	127	
0	1	0	-0	0	0	-29.1397	3.04656	0	-86.535	69.5816	0	-29.1397	-3.04656	0	-86.535	-69.5816	0	0	0	0	127	127	-127	127	-127	127	-127	127	-127	127	
0	1	0	-0	0	0	-28.9018	2.96729	0	-86.1915	69.1588	0	-28.9018	-2.96729	0	-86.1915	-69.1588	0	0	0	0	127	127	-127	127	-127	127	-127	127	-127	127	
0	1	0	-0	0	0	-28.6559	2.8853	0	-85.8362	68.7215	0	-28.6559	-2.8853	0	-85.8362	-68.7215	0	0	0	0	127	127	-127	127	-127	127	-127	127	-127	127	
0	1	0	-0	0	0	-28.4099	2.80331	0	-85.4809	68.2843	0	-28.4099	-2.80331	0	-85.4809	-68.2843	0	0	0	0	127	127	-127	127	-127	127	-127	127	-127	127	
0	1	0	-0	0	0	-28.1561	2.71871	0	-85.1144	67.8331	0	-28.1561	-2.71871	0	-85.1144	-67.8331	0	0	0	0	127	127	-127	127	-127	127	-127	127	-127	127	
0	1	0	-0	0	0	-27.9023	2.63412	0	-84.7478	67.3819	0	-27.9023	-2.63412	0	-84.7478	-67.3819	0	0	0	0	127	127	-127	127	-127	127	-127	127	-127	127	
0	1	0	-0	0	0	-27.6409	2.54697	0	-84.3702	66.9172	0	-27.6409	-2.54697	0	-84.3702	-66.9172	0	0	0	0	127	127	-127	127	-127	127	-127	127	-127	127	
0	1	0	-0	0	0	-27.3795	2.45982	0	-83.9926	66.4525	0	-27.3795	-2.45982	0	-83.9926	-66.4525	0	0	0	0	127	127	-127	127	-127	127	-127	127	-127	127	
0	1	0	-0	0	0	-27.1108	2.37024	0	-83.6045	65.9747	0	-27.1108	-2.37024	0	-83.6045	-65.9747	0	0	0	0	127	127	-127	127	-127	127	-127	127	-127	127	
0	1	0	-0	0	0	-26.842	2.28066	0	-83.2163	65.497	0	-26.842	-2.28066	0	-83.2163	-65.497	0	0	0	0	127	127	-127	127	-127	127	-127	127	-127	127	
0	1	0	-0	0	0	-26.5662	2.18873	0	-82.8179	65.0066	0	-26.5662	-2.18873	0	-82.8179	-65.0066	0	0	0	0	127	127	-127	127	-127	127	-127	127	-127	127	
0	1	0	-0	0	0	-26.2904	2.0968	0	-82.4195	64.5163	0	-26.2904	-2.0968	0	-82.4195	-64.5163	0	0	0	0	127	127	-127	127	-127	127	-127	127	-127	127	
0	1	0	-0	0	0	-26.0078	2.0026	0	-82.0113	64.0139	0	-26.0078	-2.0026	0	-82.0113	-64.0139	0	0	0	0	127	127	-127	127	-127	127	-127	127	-127	127	
0	1	0	-0	0	0	-25.7252	1.90841	0	-81.6031	63.5114	0	-25.7252	-1.90841	0	-81.6031	-63.5114	0	0	0	0	127	127	-127	127	-127	127	-127	127	-127	127	
0	1	0	-0	0	0	-25.436	1.81201	0	-81.1854	62.9974	0	-25.436	-1.81201	0	-81.1854	-62.9974	0	0	0	0	127	127	-127	127	-127	127	-127	127	-127	127	
0	1	0	-0	0	0	-25.1469	1.71561	0	-80.7677	62.4833	0	-25.1469	-1.71561	0	-80.7677	-62.4833	0	0	0	0	127	127	-127	127	-127	127	-127	127	-127	127	
0	1	0	-0	0	0	-24.8515	1.61714	0	-80.3411	61.9582	0	-24.8515	-1.61714	0	-80.3411	-61.9582	0	0	0	0	127	127	-127	127	-127	127	-127	127	-127	127	
0	1	0	-0	0	0	-24.5561	1.51868	0	-79.9144	61.4331	0	-24.5561	-1.51868	0	-79.9144	-61.4331	0	0	0	0	127	127	-127	127	-127	127	-127	127	-127	127	
0	1	0	-0	0	0	-24.2548	1.41824	0	-79.4791	60.8974	0	-24.2548	-1.41824	0	-79.4791	-60.8974	0	0	0	0	127	127	-127	127	-127	127	-127	127	-127	127	
0	1	0	-0	0	0	-23.9534	1.3178	0	-79.0439	60.3617	0	-23.9534	-1.3178	0	-79.0439	-60.3617	0	0	0	0	127	127	-127	127	-127	127	-127	127	-127	127	
0	1	0	-0	0	0	-23.6464	1.21547	0	-78.6004	59.8159	0	-23.6464	-1.21547	0	-78.6004	-59.8159	0	0	0	0	127	127	-127	127	-127	127	-127	127	-127	127	
0	1	0	-0	0	0	-23.3394	1.11314	0	-78.157	59.2701	0	-23.3394	-1.11314	0	-78.157	-59.2701	0	0	0	0	127	127	-127	127	-127	127	-127	127	-127	127	
0	1	0	-0	0	0	-23.0271	1.00904	0	-77.7059	58.7149	0	-23.0271	-1.00904	0	-77.7059	-58.7149	0	0	0	0	127	127	-127	127	-127	127	-127	127	-127	127	
0	1	0	-0	0	0	-22.7148	0.90493	0	-77.2547	58.1596	0	-22.7148	-0.90493	0	-77.2547	-58.1596	0	0	0	0	127	127	-127	127	-127	127	-127	127	-127	127	
0	1	0	-0	0	0	-22.3974	0.799133	0	-76.7963	57.5954	0	-22.3974	-0.799133	0	-76.7963	-57.5954	0	0	0	0	127	127	-127	127	-127	127	-127	127	-127	127	
0	1	0	-0	0	0	-22.08	0.693336	0	-76.3378	57.0312	0	-22.08	-0.693336	0	-76.3378	-57.0312	0	0	0	0	127	127	-127	127	-127	127	-127	127	-127	127	
0	1	0	-0	0	0	-21.7579	0.585964	0	-75.8726	56.4585	0	-21.7579	-0.585964	0	-75.8726	-56.4585	0	0	0	0	127	127	-127	127	-127	127	-127	127	-127	127	
0	1	0	-0	0	0	-21.4358	0.478592	0	-75.4073	55.8859	0	-21.4358	-0.478592	0	-75.4073	-55.8859	0	0	0	0	127	127	-127	127	-127	127	-127	127	-127	127	
0	1	0	-0	0	0	-21.1093	0.369758	0	-74.9357	55.3054	0	-21.1093	-0.369758	0	-74.9357	-55.3054	0	0	0	0	127	127	-127	127	-127	127	-127	127	-127	127	
0	1	0	-0	0	0	-20.7828	0.260925	0	-74.4641	54.725	0	-20.7828	-0.260925	0	-74.4641	-54.725	0	0	0	0	127	127	-127	127	-127	127	-127	127	-127	127	
0	1	0	-0	0	0	-20.4522	0.150717	0	-73.9865	54.1373	0	-20.4522	-0.150717	0	-73.9865	-54.1373	0	0	0	0	127	127	-127	127	-127	127	-127	127	-127	127	
0	1	0	-0	0	0	-20.1216	0.0405081	0	-73.509	53.5496	0	-20.1216	-0.0405081	0	-73.509	-53.5496	0	0	0	0	127	127	-127	127	-127	127	-127	127	-127	127	
0	1	0	-0	0	0	-19.7872	-0.0709322	0	-73.026	52.9551	0	-19.7872	0.0709322	0	-73.026	-52.9551	0	0	0	0	127	127	-127	127	-127	127	-127	127	-127	127	
0	1	0	-0	0	0	-19.4529	-0.182372	0	-72.543	52.3607	0	-19.4529	0.182372	0	-72.543	-52.3607	0	0	0	0	127	127	-127	127	-127	127	-127	127	-127	127	
0	1	0	-0	0	0	-19.1151	-0.294959	0	-72.0551	51.7601	0	-19.1151	0.294959	0	-72.0551	-51.7601	0	0	0	0	127	127	-127	127	-127	127	-127	127	-127	127	
0	1	0	-0	0	0	-18.7773	-0.407545	0	-71.5672	51.1596	0	-18.7773	0.407545	0	-71.5672	-51.1596	0	0	0	0	127	127	-127	127	-127	127	-127	127	-127	127	
0	1	0	-0	0	0	-18.4364	-0.521191	0	-71.0748	50.5536	0	-18.4364	0.521191	0	-71.0748	-50.5536	0	0	0	0	127	127	-127	127	-127	127	-127	127	-127	127	
0	1	0	-0	0	0	-18.0956	-0.634837	0	-70.5824	49.9476	0	-18.0956	0.634837	0	-70.5824	-49.9476	0	0	0	0	127	127	-127	127	-127	127	-127	127	-127	127	
0	1	0	-0	0	0	-17.7519	-0.749372	0	-70.0861	49.3367	0	-17.7519	0.749372	0	-70.0861	-49.3367	0	0	0	0	127	127	-127	127	-127	127	-127	127	-127	127	
0	1	0	-0	0	0	-17.4082	-0.863906	0	-69.5897	48.7258	0	-17.4082	0.863906	0	-69.5897	-48.7258	0	0	0	0	127	127	-127	127	-127	127	-127	127	-127	127	
0	1	0	-0	0	0	-17.0622	-0.979271	0	-69.0898	48.1105	0	-17.0622	0.979271	0	-69.0898	-48.1105	0	0	0	0	127	127	-127	127	-127	127	-127	127	-127	127	
0	1	0	-0	0	0	-16.7161	-1.09464	0	-68.5899	47.4953	0	-16.7161	1.09464	0	-68.5899	-47.4953	0	0	0	0	127	127	-127	127	-127	127	-127	127	-127	127	
0	1	0	-0	0	0	-16.3679	-1.21069	0	-68.087	46.8763	0	-16.3679	1.21069	0	-68.087	-46.8763	0	0	0	0	127	127	-127	127	-127	127	-127	127	-127	127	
0	1	0	-0	0	0	-16.0198	-1.32674	0	-67.5842	46.2574	0	-16.0198	1.32674	0	-67.5842	-46.2574	0	0	0	0	127	127	-127	127	-127	127	-127	127	-127	127	
0	1	0	-0	0	0	-15.6699	-1.44337	0	-67.0787	45.6354	0	-15.6699	1.44337	0	-67.0787	-45.6354	0	0	0	0	127	127	-127	127	-127	127	-127	127	-127	127	
0	1	0	-0	0	0	-15.32	-1.55999	0	-66.5733	45.0133	0	-15.32	1.55999	0	-66.5733	-45.0133	0	0	0	0	127	127	-127	127	-127	127	-127	127	-127	127	
0	1	0	-0	0	0	-14.9688	-1.67708	0	-66.0659	44.3888	0	-14.9688	1.67708	0	-66.0659	-44.3888	0	0	0	0	127	127	-127	127	-127	127	-127	127	-127	127	
0	1	0	-0	0	0	-14.6175	-1.79416	0	-65.5585	43.7643	0	-14.6175	1.79416	0	-65.5585	-43.7643	0	0	0	0	127	127	-127	127	-127	127	-127	127	-127	127	
0	1	0	-0	0	0	-14.2651	-1.91162	0	-65.0496	43.138	0	-14.2651	1.91162	0	-65.0496	-43.138	0	0	0	0	127	127	-127	127	-127	127	-127	127	-127	127	
0	1	0	-0	0	0	-13.9128	-2.02907	0	-64.5407	42.5116	0	-13.9128	2.02907	0	-64.5407	-42.5116	0	0	0	0	127	127	-127	127	-127	127	-127	127	-127	127	
0	1	0	-0	0	0	-13.5598	-2.14676	0	-64.0308	41.884	0	-13.5598	2.14676	0	-64.0308	-41.884	0	0	0	0	127	127	-127	127	-127	127	-127	127	-127	127	
0	1	0	-0	0	0	-13.2067	-2.26444	0	-63.5209	41.2565	0	-13.2067	2.26444	0	-63.5209	-41.2565	0	0	0	0	127	127	-127	127	-127	127	-127	127	-127	127	
0	1	0	-0	0	0	-12.8534	-2.38222	0	-63.0104	40.6282	0	-12.8534	2.38222	0	-63.0104	-40.6282	0	0	0	0	127	127	-127	127	-127	127	-127	127	-127	127	
0	1	0	-0	0	0	-12.5	-2.49999	0	-62.5	40	0	-12.5	2.49999	0	-62.5	-40	0	0	0	0	127	127	-127	127	-127	127	-127	127	-127	127	
0	1	0	-0	0	0	-12.1466	-2.61779	0	-61.9896	39.3718	0	-12.1466	2.61779	0	-61.9896	-39.3718	0	0	0	0	63.5	63.5	-63.5	63.5	-63.5	63.5	-63.5	63.5	-63.5	63.5	
0	1	0	-0	0	0	-11.7932	-2.73559	0	-61.4792	38.7436	0	-11.7932	2.73559	0	-61.4792	-38.7436	0	0	0	0	0	0	0	0	0	0	0	0	0	0	
0	1	0	-0	0	0	-11.4402	-2.85324	0	-60.9692	38.116	0	-11.4402	2.85324	0	-60.9692	-38.116	0	0	0	0	0	0	0	0	0	0	0	0	0	0	
0	1	0	-0	0	0	-11.0872	-2.9709	0	-60.4593	37.4884	0	-11.0872	2.9709	0	-60.4593	-37.4884	0	0	0	0	0	0	0	0	0	0	0	0	0	0	
0	1	0	-0	0	0	-10.7349	-3.08836	0	-59.9504	36.862	0	-10.7349	3.08836	0	-59.9504	-36.862	0	0	0	0	0	0	0	0	0	0	0	0	0	0	
0	1	0	-0	0	0	-10.3826	-3.20581	0	-59.4415	36.2357	0	-10.3826	3.20581	0	-59.4415	-36.2357	0	0	0	0	0	0	0	0	0	0	0	0	0	0	
0	1	0	-0	0	0	-10.0313	-3.3229	0	-58.9341	35.6112	0	-10.0313	3.3229	0	-58.9341	-35.6112	0	0	0	0	0	0	0	0	0	0	0	0	0	0	
0	1	0	-0	0	0	-9.68001	-3.43998	0	-58.4267	34.9867	0	-9.68001	3.43998	0	-58.4267	-34.9867	0	0	0	0	0	0	0	0	0	0	0	0	0	0	
0	1	0	-0	0	0	-9.33013	-3.55661	0	-57.9213	34.3647	0	-9.33013	3.55661	0	-57.9213	-34.3647	0	0	0	0	0	0	0	0	0	0	0	0	0	0	
0	1	0	-0	0	0	-8.98025	-3.67323	0	-57.4159	33.7426	0	-8.98025	3.67323	0	-57.4159	-33.7426	0	0	0	0	0	0	0	0	0	0	0	0	0	0	
0	1	0	-0	0	0	-8.6321	-3.78929	0	-56.913	33.1237	0	-8.6321	3.78929	0	-56.913	-33.1237	0	0	0	0	0	0	0	0	0	0	0	0	0	0	
0	1	0	-0	0	0	-8.28394	-3.90534	0	-56.4101	32.5048	0	-8.28394	3.90534	0	-56.4101	-32.5048	0	0	0	0	0	0	0	0	0	0	0	0	0	0	
0	1	0	-0	0	0	-7.93787	-4.0207	0	-55.9102	31.8895	0	-7.93787	4.0207	0	-55.9102	-31.8895	0	0	0	0	0	0	0	0	0	0	0	0	0	0	
0	1	0	-0	0	0	-7.59181	-4.13607	0	-55.4103	31.2743	0	-7.59181	4.13607	0	-55.4103	-31.2743	0	0	0	0	0	0	0	0	0	0	0	0	0	0	
0	1	0	-0	0	0	-7.24815	-4.25063	0	-54.914	30.6634	0	-7.24815	4.25063	0	-54.914	-30.6634	0	0	0	0	0	0	0	0	0	0	0	0	0	0	
0	1	0	-0	0	0	-6.90449	-4.36519	0	-54.4176	30.0524	0	-6.90449	4.36519	0	-54.4176	-30.0524	0	0	0	0	0	0	0	0	0	0	0	0	0	0	
0	1	0	-0	0	0	-6.5636	-4.47881	0	-53.9252	29.4464	0	-6.5636	4.47881	0	-53.9252	-29.4464	0	0	0	0	0	0	0	0	0	0	0	0	0	0	
0	1	0	-0	0	0	-6.22272	-4.59243	0	-53.4328	28.8403	0	-6.22272	4.59243	0	-53.4328	-28.8403	0	0	0	0	0	0	0	0	0	0	0	0	0	0	
0	1	0	-0	0	0	-5.88494	-4.70501	0	-52.9449	28.2398	0	-5.88494	4.70501	0	-52.9449	-28.2398	0	0	0	0	0	0	0	0	0	0	0	0	0	0	
0	1	0	-0	0	0	-5.54715	-4.8176	0	-52.457	27.6393	0	-5.54715	4.8176	0	-52.457	-27.6393	0	0	0	0	0	0	0	0	0	0	0	0	0	0	
0	1	0	-0	0	0	-5.21277	-4.92907	0	-51.974	27.0449	0	-5.21277	4.92907	0	-51.974	-27.0449	0	0	0	0	0	0	0	0	0	0	0	0	0	0	
0	1	0	-0	0	0	-4.87839	-5.04054	0	-51.491	26.4505	0	-4.87839	5.04054	0	-51.491	-26.4505	0	0	0	0	0	0	0	0	0	0	0	0	0	0	
0	1	0	-0	0	0	-4.5478	-5.15075	0	-51.0135	25.8627	0	-4.5478	5.15075	0	-51.0135	-25.8627	0	0	0	0	0	0	0	0	0	0	0	0	0	0	
0	1	0	-0	0	0	-4.2172	-5.26096	0	-50.536	25.275	0	-4.2172	5.26096	0	-50.536	-25.275	0	0	0	0	0	0	0	0	0	0	0	0	0	0	
0	1	0	-0	0	0	-3.8907	-5.36979	0	-50.0643	24.6945	0	-3.8907	5.36979	0	-50.0643	-24.6945	0	0	0	0	0	0	0	0	0	0	0	0	0	0	
0	1	0	-0	0	0	-3.5642	-5.47862	0	-49.5927	24.1141	0	-3.5642	5.47862	0	-49.5927	-24.1141	0	0	0	0	0	0	0	0	0	0	0	0	0	0	
0	1	0	-0	0	0	-3.24208	-5.58599	0	-49.1274	23.5415	0	-3.24208	5.58599	0	-49.1274	-23.5415	0	0	0	0	0	0	0	0	0	0	0	0	0	0	
0	1	0	-0	0	0	-2.91996	-5.69337	0	-48.6622	22.9688	0	-2.91996	5.69337	0	-48.6622	-22.9688	0	0	0	0	0	0	0	0	0	0	0	0	0	0	
0	1	0	-0	0	0	-2.6026	-5.79914	0	-48.2037	22.4046	0	-2.6026	5.79914	0	-48.2037	-22.4046	0	0	0	0	0	0	0	0	0	0	0	0	0	0	
0	1	0	-0	0	0	-2.28524	-5.9049	0	-47.7453	21.8404	0	-2.28524	5.9049	0	-47.7453	-21.8404	0	0	0	0	0	0	0	0	0	0	0	0	0	0	
0	1	0	-0	0	0	-1.97289	-6.00904	0	-47.2942	21.2851	0	-1.97289	6.00904	0	-47.2942	-21.2851	0	0	0	0	0	0	0	0	0	0	0	0	0	0	
0	1	0	-0	0	0	-1.66055	-6.11317	0	-46.843	20.7298	0	-1.66055	6.11317	0	-46.843	-20.7298	0	0	0	0	0	0	0	0	0	0	0	0	0	0	
0	1	0	-0	0	0	-1.35356	-6.2155	0	-46.3996	20.1841	0	-1.35356	6.2155	0	-46.3996	-20.1841	0	0	0	0	0	0	0	0	0	0	0	0	0	0	
0	1	0	-0	0	0	-1.04656	-6.31783	0	-45.9561	19.6384	0	-1.04656	6.31783	0	-45.9561	-19.6384	0	0	0	0	0	0	0	0	0	0	0	0	0	0	
0	1	0	-0	0	0	-0.745246	-6.41827	0	-45.5209	19.1026	0	-0.745246	6.41827	0	-45.5209	-19.1026	0	0	0	0	0	0	0	0	0	0	0	0	0	0	
0	1	0	-0	0	0	-0.443928	-6.51871	0	-45.0856	18.5669	0	-0.443928	6.51871	0	-45.0856	-18.5669	0	0	0	0	0	0	0	0	0	0	0	0	0	0	
0	1	0	-0	0	0	-0.148539	-6.61718	0	-44.659	18.0418	0	-0.148539	6.61718	0	-44.659	-18.0418	0	0	0	0	0	0	0	0	0	0	0	0	0	0	
0	1	0	-0	0	0	0.146849	-6.71564	0	-44.2323	17.5167	0	0.146849	6.71564	0	-44.2323	-17.5167	0	0	0	0	0	0	0	0	0	0	0	0	0	0	
0	1	0	-0	0	0	0.435992	-6.81201	0	-43.8146	17.0026	0	0.435992	6.81201	0	-43.8146	-17.0026	0	0	0	0	0	0	0	0	0	0	0	0	0	0	
0	1	0	-0	0	0	0.725135	-6.90838	0	-43.397	16.4886	0	0.725135	6.90838	0	-43.397	-16.4886	0	0	0	0	0	0	0	0	0	0	0	0	0	0	
0	1	0	-0	0	0	1.00778	-7.0026	0	-42.9887	15.9862	0	1.00778	7.0026	0	-42.9887	-15.9862	0	0	0	0	0	0	0	0	0	0	0	0	0	0	
0	1	0	-0	0	0	1.29042	-7.09683	0	-42.5805	15.4837	0	1.29042	7.09683	0	-42.5805	-15.4837	0	0	0	0	0	0	0	0	0	0	0	0	0	0	
0	1	0	-0	0	0	1.56624	-7.18876	0	-42.1821	14.9934	0	1.56624	7.18876	0	-42.1821	-14.9934	0	0	0	0	0	0	0	0	0	0	0	0	0	0	
0	1	0	-0	0	0	1.84206	-7.28069	0	-41.7837	14.5031	0	1.84206	7.28069	0	-41.7837	-14.5031	0	0	0	0	0	0	0	0	0	0	0	0	0	0	
0	1	0	-0	0	0	2.11078	-7.37027	0	-41.3956	14.0253	0	2.11078	7.37027	0	-41.3956	-14.0253	0	0	0	0	0	0	0	0	0	0	0	0	0	0	
0	1	0	-0	0	0	2.37949	-7.45985	0	-41.0074	13.5475	0	2.37949	7.45985	0	-41.0074	-13.5475	0	0	0	0	0	0	0	0	0	0	0	0	0	0	
0	1	0	-0	0	0	2.64091	-7.54697	0	-40.6298	13.0828	0	2.64091	7.54697	0	-40.6298	-13.0828	0	0	0	0	0	0	0	0	0	0	0	0	0	0	
0	1	0	-0	0	0	2.90232	-7.63409	0	-40.2522	12.6181	0	2.90232	7.63409	0	-40.2522	-12.6181	0	0	0	0	0	0	0	0	0	0	0	0	0	0	
0	1	0	-0	0	0	3.15611	-7.71869	0	-39.8856	12.1669	0	3.15611	7.71869	0	-39.8856	-12.1669	0	0	0	0	0	0	0	0	0	0	0	0	0	0	
0	1	0	-0	0	0	3.4099	-7.80328	0	-39.519	11.7157	0	3.4099	7.80328	0	-39.519	-11.7157	0	0	0	0	0	0	0	0	0	0	0	0	0	0	
0	1	0	-0	0	0	3.65584	-7.88527	0	-39.1638	11.2785	0	3.65584	7.88527	0	-39.1638	-11.2785	0	0	0	0	0	0	0	0	0	0	0	0	0	0	
0	1	0	-0	0	0	3.90179	-7.96726	0	-38.8086	10.8413	0	3.90179	7.96726	0	-38.8086	-10.8413	0	0	0	0	0	0	0	0	0	0	0	0	0	0	
0	1	0	-0	0	0	4.13965	-8.04656	0	-38.465	10.4184	0	4.13965	8.04656	0	-38.465	-10.4184	0	0	0	0	0	0	0	0	0	0	0	0	0	0	
0	1	0	-0	0	0	4.37751	-8.12586	0	-38.1214	9.99559	0	4.37751	8.12586	0	-38.1214	-9.99559	0	0	0	0	0	0	0	0	0	0	0	0	0	0	
0	1	0	-0	0	0	4.60704	-8.20235	0	-37.7899	9.58753	0	4.60704	8.20235	0	-37.7899	-9.58753	0	0	0	0	0	0	0	0	0	0	0	0	0	0	
0	1	0	-0	0	0	4.83657	-8.27884	0	-37.4583	9.17947	0	4.83657	8.27884	0	-37.4583	-9.17947	0	0	0	0	0	0	0	0	0	0	0	0	0	0	
0	1	0	-0	0	0	5.05753	-8.35249	0	-37.1392	8.78665	0	5.05753	8.35249	0	-37.1392	-8.78665	0	0	0	0	0	0	0	0	0	0	0	0	0	0	
0	1	0	-0	0	0	5.27849	-8.42615	0	-36.82	8.39383	0	5.27849	8.42615	0	-36.82	-8.39383	0	0	0	0	0	0	0	0	0	0	0	0	0	0	
0	1	0	-0	0	0	5.49068	-8.49688	0	-36.5135	8.01657	0	5.49068	8.49688	0	-36.5135	-8.01657	0	0	0	0	0	0	0	0	0	0	0	0	0	0	
0	1	0	-0	0	0	5.70288	-8.56761	0	-36.207	7.6393	0	5.70288	8.56761	0	-36.207	-7.6393	0	0	0	0	0	0	0	0	0	0	0	0	0	0	
0	1	0	-0	0	0	5.90608	-8.63536	0	-35.9134	7.27805	0	5.90608	8.63536	0	-35.9134	-7.27805	0	0	0	0	0	0	0	0	0	0	0	0	0	0	
0	1	0	-0	0	0	6.10928	-8.70311	0	-35.6199	6.9168	0	6.10928	8.70311	0	-35.6199	-6.9168	0	0	0	0	0	0	0	0	0	0	0	0	0	0	
0	1	0	-0	0	0	6.30334	-8.76777	0	-35.3396	6.57185	0	6.30334	8.76777	0	-35.3396	-6.57185	0	0	0	0	0	0	0	0	0	0	0	0	0	0	
0	1	0	-0	0	0	6.4974	-8.83243	0	-35.0593	6.22691	0	6.4974	8.83243	0	-35.0593	-6.22691	0	0	0	0	0	0	0	0	0	0	0	0	0	0	
0	1	0	-0	0	0	6.68203	-8.894	0	-34.7926	5.89863	0	6.68203	8.894	0	-34.7926	-5.89863	0	0	0	0	0	0	0	0	0	0	0	0	0	0	
0	1	0	-0	0	0	6.86667	-8.95556	0	-34.5259	5.57035	0	6.86667	8.95556	0	-34.5259	-5.57035	0	0	0	0	0	0	0	0	0	0	0	0	0	0	
0	1	0	-0	0	0	7.04179	-9.01392	0	-34.273	5.25904	0	7.04179	9.01392	0	-34.273	-5.25904	0	0	0	0	0	0	0	0	0	0	0	0	0	0	
0	1	0	-0	0	0	7.21692	-9.07227	0	-34.0201	4.94772	0	7.21692	9.07227	0	-34.0201	-4.94772	0	0	0	0	0	0	0	0	0	0	0	0	0	0	
0	1	0	-0	0	0	7.38227	-9.12742	0	-33.7812	4.65374	0	7.38227	9.12742	0	-33.7812	-4.65374	0	0	0	0	0	0	0	0	0	0	0	0	0	0	
0	1	0	-0	0	0	7.54763	-9.18257	0	-33.5423	4.35975	0	7.54763	9.18257	0	-33.5423	-4.35975	0	0	0	0	0	0	0	0	0	0	0	0	0	0	
0	1	0	-0	0	0	7.70313	-9.23439	0	-33.3177	4.08333	0	7.70313	9.23439	0	-33.3177	-4.08333	0	0	0	0	0	0	0	0	0	0	0	0	0	0	
0	1	0	-0	0	0	7.85863	-9.28621	0	-33.0931	3.8069	0	7.85863	9.28621	0	-33.0931	-3.8069	0	0	0	0	0	0	0	0	0	0	0	0	0	0	
0	1	0	-0	0	0	8.00405	-9.33469	0	-32.8831	3.54836	0	8.00405	9.33469	0	-32.8831	-3.54836	0	0	0	0	0	0	0	0	0	0	0	0	0	0	
0	1	0	-0	0	0	8.14947	-9.38316	0	-32.673	3.28981	0	8.14947	9.38316	0	-32.673	-3.28981	0	0	0	0	0	0	0	0	0	0	0	0	0	0	
0	1	0	-0	0	0	8.28471	-9.42825	0	-32.4776	3.04937	0	8.28471	9.42825	0	-32.4776	-3.04937	0	0	0	0	0	0	0	0	0	0	0	0	0	0	
0	1	0	-0	0	0	8.41996	-9.47334	0	-32.2823	2.80893	0	8.41996	9.47334	0	-32.2823	-2.80893	0	0	0	0	0	0	0	0	0	0	0	0	0	0	
0	1	0	-0	0	0	8.54489	-9.51497	0	-32.1018	2.58685	0	8.54489	9.51497	0	-32.1018	-2.58685	0	0	0	0	0	0	0	0	0	0	0	0	0	0	
0	1	0	-0	0	0	8.66983	-9.55659	0	-31.9214	2.36477	0	8.66983	9.55659	0	-31.9214	-2.36477	0	0	0	0	0	0	0	0	0	0	0	0	0	0	
0	1	0	-0	0	0	8.7843	-9.59475	0	-31.756	2.16125	0	8.7843	9.59475	0	-31.756	-2.16125	0	0	0	0	0	0	0	0	0	0	0	0	0	0	
0	1	0	-0	0	0	8.89878	-9.63291	0	-31.5907	1.95774	0	8.89878	9.63291	0	-31.5907	-1.95774	0	0	0	0	0	0	0	0	0	0	0	0	0	0	
0	1	0	-0	0	0	9.00269	-9.66755	0	-31.4406	1.77299	0	9.00269	9.66755	0	-31.4406	-1.77299	0	0	0	0	0	0	0	0	0	0	0	0	0	0	
0	1	0	-0	0	0	9.10659	-9.70218	0	-31.2905	1.58824	0	9.10659	9.70218	0	-31.2905	-1.58824	0	0	0	0	0	0	0	0	0	0	0	0	0	0	
0	1	0	-0	0	0	9.19987	-9.73326	0	-31.1558	1.42245	0	9.19987	9.73326	0	-31.1558	-1.42245	0	0	0	0	0	0	0	0	0	0	0	0	0	0	
0	1	0	-0	0	0	9.29315	-9.76435	0	-31.0211	1.25667	0	9.29315	9.76435	0	-31.0211	-1.25667	0	0	0	0	0	0	0	0	0	0	0	0	0	0	
0	1	0	-0	0	0	9.37562	-9.79185	0	-30.9019	1.10999	0	9.37562	9.79185	0	-30.9019	-1.10999	0	0	0	0	0	0	0	0	0	0	0	0	0	0	
0	1	0	-0	0	0	9.4581	-9.81935	0	-30.7827	0.963314	0	9.4581	9.81935	0	-30.7827	-0.963314	0	0	0	0	0	0	0	0	0	0	0	0	0	0	
0	1	0	-0	0	0	9.52978	-9.84324	0	-30.6792	0.835917	0	9.52978	9.84324	0	-30.6792	-0.835917	0	0	0	0	0	0	0	0	0	0	0	0	0	0	
0	1	0	-0	0	0	9.60145	-9.86714	0	-30.5757	0.70852	0	9.60145	9.86714	0	-30.5757	-0.70852	0	0	0	0	0	0	0	0	0	0	0	0	0	0	
0	1	0	-0	0	0	9.66222	-9.88739	0	-30.4879	0.600488	0	9.66222	9.88739	0	-30.4879	-0.600488	0	0	0	0	0	0	0	0	0	0	0	0	0	0	
0	1	0	-0	0	0	9.72298	-9.90764	0	-30.4001	0.492457	0	9.72298	9.90764	0	-30.4001	-0.492457	0	0	0	0	0	0	0	0	0	0	0	0	0	0	
0	1	0	-0	0	0	9.77277	-9.92426	0	-30.3282	0.403935	0	9.77277	9.92426	0	-30.3282	-0.403935	0	0	0	0	0	0	0	0	0	0	0	0	0	0	
0	1	0	-0	0	0	9.82256	-9.94088	0	-30.2563	0.315413	0	9.82256	9.94088	0	-30.2563	-0.315413	0	0	0	0	0	0	0	0	0	0	0	0	0	0	
0	1	0	-0	0	0	9.86135	-9.9538	0	-30.2003	0.246458	0	9.86135	9.9538	0	-30.2003	-0.246458	0	0	0	0	0	0	0	0	0	0	0	0	0	0	
0	1	0	-0	0	0	9.90014	-9.96672	0	-30.1442	0.177502	0	9.90014	9.96672	0	-30.1442	-0.177502	0	0	0	0	0	0	0	0	0	0	0	0	0	0	
0	1	0	-0	0	0	9.92787	-9.97597	0	-30.1042	0.128228	0	9.92787	9.97597	0	-30.1042	-0.128228	0	0	0	0	0	0	0	0	0	0	0	0	0	0	
0	1	0	-0	0	0	9.9556	-9.98522	0	-30.0641	0.0789536	0	9.9556	9.98522	0	-30.0641	-0.0789536	0	0	0	0	0	0	0	0	0	0	0	0	0	0	
0	1	0	-0	0	0	9.97224	-9.99075	0	-30.0401	0.0493317	0	9.97224	9.99075	0	-30.0401	-0.0493317	0	0	0	0	0	0	0	0	0	0	0	0	0	0	
0	1	0	-0	0	0	9.98889	-9.99628	0	-30.0161	0.0197097	0	9.98889	9.99628	0	-30.0161	-0.0197097	0	0	0	0	0	0	0	0	0	0	0	0	0	0	
0	1	0	-0	0	0	9.99445	-9.99814	0	-30.008	0.00985487	0	9.99445	9.99814	0	-30.008	-0.00985487	0	0	0	0	0	0	0	0	0	0	0	0	0	0	
0	1	0	-0	0	0	10	-10	0	-30	0	0	10	10	0	-30	0	0	0	0	0	0	0	0	0	0	0	0	0	0	0	
0	1	0	-0	0	0	10	-10	0	-30	0	0	10	10	0	-30	0	0	0	0	0	0	0	0	0	0	0	0	0	0	0	
0	1	0	-0	0	0	10	-10	0	-30	0	0	10	10	0	-30	0	0	0	0	0	0	0	0	0	0	0	0	0	0	0	
0	1	0	-0	0	0	10	-10	0	-30	0	0	10	10	0	-30	0	0	0	0	0	0	0	0	0	0	0	0	0	0	0	
0	1	0	-0	0	0	10	-10	0	-30	0	0	10	10	0	-30	0	0	0	0	0	0	0	0	0	0	0	0	0	0	0	
0	1	0	-0	0	0	10	-10	0	-30	0	0	10	10	0	-30	0	0	0	0	0	0	0	0	0	0	0	0	0	0	0	
0	1	0	-0	0	0	10	-10	0	-30	0	0	10	10	0	-30	0	0	0	0	0	0	0	0	0	0	0	0	0	0	0	
0	1	0	-0	0	0	10	-10	0	-30	0	0	10	10	0	-30	0	0	0	0	0	0	0	0	0	0	0	0	0	0	0	
0	1	0	-0	0	0	10	-10	0	-30	0	0	10	10	0	-30	0	0	0	0	0	0	0	0	0	0	0	0	0	0	0	
0	1	0	-0	0	0	10	-10	0	-30	0	0	10	10	0	-30	0	0	0	0	0	0	0	0	0	0	0	0	0	0	0	
0	1	0	-0	0	0	10	-10	0	-30	0	0	10	10	0	-30	0	0	0	0	0	0	0	0	0	0	0	0	0	0	0	
0	1	0	-0	0	0	10	-10	0	-30	0	0	10	10	0	-30	0	0	0	0	0	0	0	0	0	0	0	0	0	0	0	
0	1	0	-0	0	0	10	-10	0	-30	0	0	10	10	0	-30	0	0	0	0	0	0	0	0	0	0	0	0	0	0	0	
0	1	0	-0	0	0	10	-10	0	-30	0	0	10	10	0	-30	0	0	0	0	0	0	0	0	0	0	0	0	0	0	0	
0	1	0	-0	0	0	10	-10	0	-30	0	0	10	10	0	-30	0	0	0	0	0	0	0	0	0	0	0	0	0	0	0	
