DATA LENGTH(steps) :
1119
STEPLENGTH(sec):
0.005

dPCz,	PEL_Q0,	PEL_Qx,	PEL_Qy,	PEL_Qz,	WST,	RSP,	RSR,	RSY,	REB,	RWY,	RWP,	LSP,	LSR,	LSY,	LEB,	LWY,	LWP,	NKY,	NK1,	NK2,	RF1,	RF2,	RF3,	RF4,	RF5,	LF1,	LF2,	LF3,	LF4,	LF5,

0	1	0	-0	0	0	10	-10	0	-30	0	0	10	10	0	-30	0	0	0	0	0	0	0	0	0	0	0	0	0	0	0	
0	1	0	-0	0	0	10	-10	0	-30	0	0	10	10	0	-30	0	0	0	0	0	0	0	0	0	0	0	0	0	0	0	
0	1	0	-0	0	0	10	-10	0	-30	0	0	10	10	0	-30	0	0	0	0	0	0	0	0	0	0	0	0	0	0	0	
0	1	0	-0	0	0	10	-10	0	-30	0	0	10	10	0	-30	0	0	0	0	0	0	0	0	0	0	0	0	0	0	0	
0	1	0	-0	0	0	10	-10	0	-30	0	0	10	10	0	-30	0	0	0	0	0	0	0	0	0	0	0	0	0	0	0	
0	1	0	-0	0	0	10	-10	0	-30	0	0	10	10	0	-30	0	0	0	0	0	0	0	0	0	0	0	0	0	0	0	
0	1	0	-0	0	0	10	-10	0	-30	0	0	10	10	0	-30	0	0	0	0	0	0	0	0	0	0	0	0	0	0	0	
0	1	0	-0	0	0	10	-10	0	-30	0	0	10	10	0	-30	0	0	0	0	0	0	0	0	0	0	0	0	0	0	0	
0	1	0	-0	0	0	10	-10	0	-30	0	0	10	10	0	-30	0	0	0	0	0	0	0	0	0	0	0	0	0	0	0	
0	1	0	-0	0	0	10	-10	0	-30	0	0	10	10	0	-30	0	0	0	0	0	0	0	0	0	0	0	0	0	0	0	
0	1	0	-0	0	0	10	-10	0	-30	0	0	10	10	0	-30	0	0	0	0	0	0	0	0	0	0	0	0	0	0	0	
0	1	0	-0	0	0	10	-10	0	-30	0	0	10	10	0	-30	0	0	0	0	0	0	0	0	0	0	0	0	0	0	0	
0	1	0	-0	0	0	10	-10	0	-30	0	0	10	10	0	-30	0	0	0	0	0	0	0	0	0	0	0	0	0	0	0	
0	1	0	-0	0	0	10	-10	0	-30	0	0	10	10	0	-30	0	0	0	0	0	0	0	0	0	0	0	0	0	0	0	
0	1	0	-0	0	0	10	-10	0	-30	0	0	10	10	0	-30	0	0	0	0	0	0	0	0	0	0	0	0	0	0	0	
0	1	0	-0	0	0	10	-10	0	-30	0	0	10	10	0	-30	0	0	0	0	0	0	0	0	0	0	0	0	0	0	0	
0	1	0	-0	0	0	10	-10	0	-30	0	0	10	10	0	-30	0	0	0	0	0	0	0	0	0	0	0	0	0	0	0	
0	1	0	-0	0	0	10	-10	0	-30	0	0	10	10	0	-30	0	0	0	0	0	0	0	0	0	0	0	0	0	0	0	
0	1	0	-0	0	0	10	-10	0	-30	0	0	10	10	0	-30	0	0	0	0	0	0	0	0	0	0	0	0	0	0	0	
0	1	0	-0	0	0	10	-10	0	-30	0	0	10	10	0	-30	0	0	0	0	0	0	0	0	0	0	0	0	0	0	0	
0	1	0	-0	0	0	10	-10	0	-30	0	0	10	10	0	-30	0	0	0	0	0	0	0	0	0	0	0	0	0	0	0	
0	1	0	-0	0	0	10	-10	0	-30	0	0	10	10	0	-30	0	0	0	0	0	0	0	0	0	0	0	0	0	0	0	
0	1	0	-0	0	0	10	-10	0	-30	0	0	10	10	0	-30	0	0	0	0	0	0	0	0	0	0	0	0	0	0	0	
0	1	0	-0	0	0	10	-10	0	-30	0	0	10	10	0	-30	0	0	0	0	0	0	0	0	0	0	0	0	0	0	0	
0	1	0	-0	0	0	10	-10	0	-30	0	0	10	10	0	-30	0	0	0	0	0	0	0	0	0	0	0	0	0	0	0	
0	1	0	-0	0	0	10	-10	0	-30	0	0	10	10	0	-30	0	0	0	0	0	0	0	0	0	0	0	0	0	0	0	
0	1	0	-0	0	0	10	-10	0	-30	0	0	10	10	0	-30	0	0	0	0	0	0	0	0	0	0	0	0	0	0	0	
0	1	0	-0	0	0	10	-10	0	-30	0	0	10	10	0	-30	0	0	0	0	0	0	0	0	0	0	0	0	0	0	0	
0	1	0	-0	0	0	10	-10	0	-30	0	0	10	10	0	-30	0	0	0	0	0	0	0	0	0	0	0	0	0	0	0	
0	1	0	-0	0	0	10	-10	0	-30	0	0	10	10	0	-30	0	0	0	0	0	0	0	0	0	0	0	0	0	0	0	
0	1	0	-0	0	0	10	-10	0	-30	0	0	10	10	0	-30	0	0	0	0	0	0	0	0	0	0	0	0	0	0	0	
0	1	0	-0	0	0	10	-10	0	-30	0	0	10	10	0	-30	0	0	0	0	0	0	0	0	0	0	0	0	0	0	0	
0	1	0	-0	0	0	10	-10	0	-30	0	0	10	10	0	-30	0	0	0	0	0	0	0	0	0	0	0	0	0	0	0	
0	1	0	-0	0	0	10	-10	0	-30	0	0	10	10	0	-30	0	0	0	0	0	0	0	0	0	0	0	0	0	0	0	
0	1	0	-0	0	0	10	-10	0	-30	0	0	10	10	0	-30	0	0	0	0	0	0	0	0	0	0	0	0	0	0	0	
0	1	0	-0	0	0	10	-10	0	-30	0	0	10	10	0	-30	0	0	0	0	0	0	0	0	0	0	0	0	0	0	0	
0	1	0	-0	0	0	10	-10	0	-30	0	0	10	10	0	-30	0	0	0	0	0	0	0	0	0	0	0	0	0	0	0	
0	1	0	-0	0	0	10	-10	0	-30	0	0	10	10	0	-30	0	0	0	0	0	0	0	0	0	0	0	0	0	0	0	
0	1	0	-0	0	0	10	-10	0	-30	0	0	10	10	0	-30	0	0	0	0	0	0	0	0	0	0	0	0	0	0	0	
0	1	0	-0	0	0	10	-10	0	-30	0	0	10	10	0	-30	0	0	0	0	0	0	0	0	0	0	0	0	0	0	0	
0	1	0	-0	0	0	10	-10	0	-30	0	0	10	10	0	-30	0	0	0	0	0	0	0	0	0	0	0	0	0	0	0	
0	1	0	-0	0	0	10	-10	0	-30	0	0	10	10	0	-30	0	0	0	0	0	0	0	0	0	0	0	0	0	0	0	
0	1	0	-0	0	0	10	-10	0	-30	0	0	10	10	0	-30	0	0	0	0	0	0	0	0	0	0	0	0	0	0	0	
0	1	0	-0	0	0	10	-10	0	-30	0	0	10	10	0	-30	0	0	0	0	0	0	0	0	0	0	0	0	0	0	0	
0	1	0	-0	0	0	10	-10	0	-30	0	0	10	10	0	-30	0	0	0	0	0	0	0	0	0	0	0	0	0	0	0	
0	1	0	-0	0	0	10	-10	0	-30	0	0	10	10	0	-30	0	0	0	0	0	0	0	0	0	0	0	0	0	0	0	
0	1	0	-0	0	0	10	-10	0	-30	0	0	10	10	0	-30	0	0	0	0	0	0	0	0	0	0	0	0	0	0	0	
0	1	0	-0	0	0	10	-10	0	-30	0	0	10	10	0	-30	0	0	0	0	0	0	0	0	0	0	0	0	0	0	0	
0	1	0	-0	0	0	10	-10	0	-30	0	0	10	10	0	-30	0	0	0	0	0	0	0	0	0	0	0	0	0	0	0	
0	1	0	-0	0	0	10	-10	0	-30	0	0	10	10	0	-30	0	0	0	0	0	0	0	0	0	0	0	0	0	0	0	
0	1	0	-0	0	0	10	-10	0	-30	0	0	10	10	0	-30	0	0	0	0	0	0	0	0	0	0	0	0	0	0	0	
0	1	0	-0	0	0	10	-10	0	-30	0	0	10	10	0	-30	0	0	0	0	0	0	0	0	0	0	0	0	0	0	0	
0	1	0	-0	0	0	10	-10	0	-30	0	0	10	10	0	-30	0	0	0	0	0	0	0	0	0	0	0	0	0	0	0	
0	1	0	-0	0	0	10	-10	0	-30	0	0	10	10	0	-30	0	0	0	0	0	0	0	0	0	0	0	0	0	0	0	
0	1	0	-0	0	0	10	-10	0	-30	0	0	10	10	0	-30	0	0	0	0	0	0	0	0	0	0	0	0	0	0	0	
0	1	0	-0	0	0	10	-10	0	-30	0	0	10	10	0	-30	0	0	0	0	0	0	0	0	0	0	0	0	0	0	0	
0	1	0	-0	0	0	10	-10	0	-30	0	0	10	10	0	-30	0	0	0	0	0	0	0	0	0	0	0	0	0	0	0	
0	1	0	-0	0	0	10	-10	0	-30	0	0	10	10	0	-30	0	0	0	0	0	0	0	0	0	0	0	0	0	0	0	
0	1	0	-0	0	0	10	-10	0	-30	0	0	10	10	0	-30	0	0	0	0	0	0	0	0	0	0	0	0	0	0	0	
0	1	0	-0	0	0	10	-10	0	-30	0	0	10	10	0	-30	0	0	0	0	0	0	0	0	0	0	0	0	0	0	0	
0	1	0	-0	0	0	10	-10	0	-30	0	0	10	10	0	-30	0	0	0	0	0	0	0	0	0	0	0	0	0	0	0	
0	1	0	-0	0	0	10	-10	0	-30	0	0	10	10	0	-30	0	0	0	0	0	0	0	0	0	0	0	0	0	0	0	
0	1	0	-0	0	0	10	-10	0	-30	0	0	10	10	0	-30	0	0	0	0	0	0	0	0	0	0	0	0	0	0	0	
0	1	0	-0	0	0	10	-10	0	-30	0	0	10	10	0	-30	0	0	0	0	0	0	0	0	0	0	0	0	0	0	0	
0	1	0	-0	0	0	10	-10	0	-30	0	0	10	10	0	-30	0	0	0	0	0	0	0	0	0	0	0	0	0	0	0	
0	1	0	-0	0	0	10	-10	0	-30	0	0	10	10	0	-30	0	0	0	0	0	0	0	0	0	0	0	0	0	0	0	
0	1	0	-0	0	0	10	-10	0	-30	0	0	10	10	0	-30	0	0	0	0	0	0	0	0	0	0	0	0	0	0	0	
0	1	0	-0	0	0	10	-10	0	-30	0	0	10	10	0	-30	0	0	0	0	0	0	0	0	0	0	0	0	0	0	0	
0	1	0	-0	0	0	10	-10	0	-30	0	0	10	10	0	-30	0	0	0	0	0	0	0	0	0	0	0	0	0	0	0	
0	1	0	-0	0	0	10	-10	0	-30	0	0	10	10	0	-30	0	0	0	0	0	0	0	0	0	0	0	0	0	0	0	
0	1	0	-0	0	0	10	-10	0	-30	0	0	10	10	0	-30	0	0	0	0	0	0	0	0	0	0	0	0	0	0	0	
0	1	0	-0	0	0	10	-10	0	-30	0	0	10	10	0	-30	0	0	0	0	0	0	0	0	0	0	0	0	0	0	0	
0	1	0	-0	0	0	10	-10	0	-30	0	0	10	10	0	-30	0	0	0	0	0	0	0	0	0	0	0	0	0	0	0	
0	1	0	-0	0	0	10	-10	0	-30	0	0	10	10	0	-30	0	0	0	0	0	0	0	0	0	0	0	0	0	0	0	
0	1	0	-0	0	0	10	-10	0	-30	0	0	10	10	0	-30	0	0	0	0	0	0	0	0	0	0	0	0	0	0	0	
0	1	0	-0	0	0	10	-10	0	-30	0	0	10	10	0	-30	0	0	0	0	0	0	0	0	0	0	0	0	0	0	0	
0	1	0	-0	0	0	10	-10	0	-30	0	0	10	10	0	-30	0	0	0	0	0	0	0	0	0	0	0	0	0	0	0	
0	1	0	-0	0	0	10	-10	0	-30	0	0	10	10	0	-30	0	0	0	0	0	0	0	0	0	0	0	0	0	0	0	
0	1	0	-0	0	0	10	-10	0	-30	0	0	10	10	0	-30	0	0	0	0	0	0	0	0	0	0	0	0	0	0	0	
0	1	0	-0	0	0	10	-10	0	-30	0	0	10	10	0	-30	0	0	0	0	0	0	0	0	0	0	0	0	0	0	0	
0	1	0	-0	0	0	10	-10	0	-30	0	0	10	10	0	-30	0	0	0	0	0	0	0	0	0	0	0	0	0	0	0	
0	1	0	-0	0	0	10	-10	0	-30	0	0	10	10	0	-30	0	0	0	0	0	0	0	0	0	0	0	0	0	0	0	
0	1	0	-0	0	0	10	-10	0	-30	0	0	10	10	0	-30	0	0	0	0	0	0	0	0	0	0	0	0	0	0	0	
0	1	0	-0	0	0	10	-10	0	-30	0	0	10	10	0	-30	0	0	0	0	0	0	0	0	0	0	0	0	0	0	0	
0	1	0	-0	0	0	10	-10	0	-30	0	0	10	10	0	-30	0	0	0	0	0	0	0	0	0	0	0	0	0	0	0	
0	1	0	-0	0	0	10	-10	0	-30	0	0	10	10	0	-30	0	0	0	0	0	0	0	0	0	0	0	0	0	0	0	
0	1	0	-0	0	0	10	-10	0	-30	0	0	10	10	0	-30	0	0	0	0	0	0	0	0	0	0	0	0	0	0	0	
0	1	0	-0	0	0	10	-10	0	-30	0	0	10	10	0	-30	0	0	0	0	0	0	0	0	0	0	0	0	0	0	0	
0	1	0	-0	0	0	10	-10	0	-30	0	0	10	10	0	-30	0	0	0	0	0	0	0	0	0	0	0	0	0	0	0	
0	1	0	-0	0	0	10	-10	0	-30	0	0	10	10	0	-30	0	0	0	0	0	0	0	0	0	0	0	0	0	0	0	
0	1	0	-0	0	0	10	-10	0	-30	0	0	10	10	0	-30	0	0	0	0	0	0	0	0	0	0	0	0	0	0	0	
0	1	0	-0	0	0	10	-10	0	-30	0	0	10	10	0	-30	0	0	0	0	0	0	0	0	0	0	0	0	0	0	0	
0	1	0	-0	0	0	10	-10	0	-30	0	0	10	10	0	-30	0	0	0	0	0	0	0	0	0	0	0	0	0	0	0	
0	1	0	-0	0	0	10	-10	0	-30	0	0	10	10	0	-30	0	0	0	0	0	0	0	0	0	0	0	0	0	0	0	
0	1	0	-0	0	0	10	-10	0	-30	0	0	10	10	0	-30	0	0	0	0	0	0	0	0	0	0	0	0	0	0	0	
0	1	0	-0	0	0	10	-10	0	-30	0	0	10	10	0	-30	0	0	0	0	0	0	0	0	0	0	0	0	0	0	0	
0	1	0	-0	0	0	10	-10	0	-30	0	0	10	10	0	-30	0	0	0	0	0	0	0	0	0	0	0	0	0	0	0	
0	1	0	-0	0	0	10	-10	0	-30	0	0	10	10	0	-30	0	0	0	0	0	0	0	0	0	0	0	0	0	0	0	
0	1	0	-0	0	0	10	-10	0	-30	0	0	10	10	0	-30	0	0	0	0	0	0	0	0	0	0	0	0	0	0	0	
0	1	0	-0	0	0	10	-10	0	-30	0	0	10	10	0	-30	0	0	0	0	0	0	0	0	0	0	0	0	0	0	0	
0	1	0	-0	0	0	10	-10	0	-30	0	0	10	10	0	-30	0	0	0	0	0	0	0	0	0	0	0	0	0	0	0	
0	1	0	-0	0	0	10	-10	0	-30	0	0	10	10	0	-30	0	0	0	0	0	0	0	0	0	0	0	0	0	0	0	
0	1	0	-0	0	0	10	-10	0	-30	0	0	10	10	0	-30	0	0	0	0	0	0	0	0	0	0	0	0	0	0	0	
0	1	0	-0	0	0	10	-10	0	-30	0	0	10	10	0	-30	0	0	0.3534	0	0	0	0	0	0	0	0	0	0	0	0	
0	1	0	-0	0	0	10	-10	0	-30	0	0	10	10	0	-30	0	0	0.706801	0	0	0	0	0	0	0	0	0	0	0	0	
0	1	0	-0	0	0	10	-10	0	-30	0	0	10	10	0	-30	0	0	1.41326	0	0	0	0	0	0	0	0	0	0	0	0	
0	1	0	-0	0	0	10	-10	0	-30	0	0	10	10	0	-30	0	0	2.11971	0	0	0	0	0	0	0	0	0	0	0	0	
0	1	0	-0	0	0	10	-10	0	-30	0	0	10	10	0	-30	0	0	2.82511	0	0	0	0	0	0	0	0	0	0	0	0	
0	1	0	-0	0	0	10	-10	0	-30	0	0	10	10	0	-30	0	0	3.53051	0	0	0	0	0	0	0	0	0	0	0	0	
0	1	0	-0	0	0	10	-10	0	-30	0	0	10	10	0	-30	0	0	4.23419	0	0	0	0	0	0	0	0	0	0	0	0	
0	1	0	-0	0	0	10	-10	0	-30	0	0	10	10	0	-30	0	0	4.93786	0	0	0	0	0	0	0	0	0	0	0	0	
0	1	0	-0	0	0	10	-10	0	-30	0	0	10	10	0	-30	0	0	5.63908	0	0	0	0	0	0	0	0	0	0	0	0	
0	1	0	-0	0	0	10	-10	0	-30	0	0	10	10	0	-30	0	0	6.34029	0	0	0	0	0	0	0	0	0	0	0	0	
0	1	0	-0	0	0	10	-10	0	-30	0	0	10	10	0	-30	0	0	7.03839	0	0	0	0	0	0	0	0	0	0	0	0	
0	1	0	-0	0	0	10	-10	0	-30	0	0	10	10	0	-30	0	0	7.73648	0	0	0	0	0	0	0	0	0	0	0	0	
0	1	0	-0	0	0	10	-10	0	-30	0	0	10	10	0	-30	0	0	8.43076	0	0	0	0	0	0	0	0	0	0	0	0	
0	1	0	-0	0	0	10	-10	0	-30	0	0	10	10	0	-30	0	0	9.12504	0	0	0	0	0	0	0	0	0	0	0	0	
0	1	0	-0	0	0	10	-10	0	-30	0	0	10	10	0	-30	0	0	9.81482	0	0	0	0	0	0	0	0	0	0	0	0	
0	1	0	-0	0	0	10	-10	0	-30	0	0	10	10	0	-30	0	0	10.5046	0	0	0	0	0	0	0	0	0	0	0	0	
0	1	0	-0	0	0	10	-10	0	-30	0	0	10	10	0	-30	0	0	11.1892	0	0	0	0	0	0	0	0	0	0	0	0	
0	1	0	-0	0	0	10	-10	0	-30	0	0	10	10	0	-30	0	0	11.8738	0	0	0	0	0	0	0	0	0	0	0	0	
0	1	0	-0	0	0	10	-10	0	-30	0	0	10	10	0	-30	0	0	12.5525	0	0	0	0	0	0	0	0	0	0	0	0	
0	1	0	-0	0	0	10	-10	0	-30	0	0	10	10	0	-30	0	0	13.2313	0	0	0	0	0	0	0	0	0	0	0	0	
0	1	0	-0	0	0	10	-10	0	-30	0	0	10	10	0	-30	0	0	13.9035	0	0	0	0	0	0	0	0	0	0	0	0	
0	1	0	-0	0	0	10	-10	0	-30	0	0	10	10	0	-30	0	0	14.5757	0	0	0	0	0	0	0	0	0	0	0	0	
0	1	0	-0	0	0	10	-10	0	-30	0	0	10	10	0	-30	0	0	15.2407	0	0	0	0	0	0	0	0	0	0	0	0	
0	1	0	-0	0	0	10	-10	0	-30	0	0	10	10	0	-30	0	0	15.9057	0	0	0	0	0	0	0	0	0	0	0	0	
0	1	0	-0	0	0	10	-10	0	-30	0	0	10	10	0	-30	0	0	16.5629	0	0	0	0	0	0	0	0	0	0	0	0	
0	1	0	-0	0	0	10	-10	0	-30	0	0	10	10	0	-30	0	0	17.22	0	0	0	0	0	0	0	0	0	0	0	0	
0	1	0	-0	0	0	10	-10	0	-30	0	0	10	10	0	-30	0	0	17.8687	0	0	0	0	0	0	0	0	0	0	0	0	
0	1	0	-0	0	0	10	-10	0	-30	0	0	10	10	0	-30	0	0	18.5174	0	0	0	0	0	0	0	0	0	0	0	0	
0	1	0	-0	0	0	10	-10	0	-30	0	0	10	10	0	-30	0	0	19.1569	0	0	0	0	0	0	0	0	0	0	0	0	
0	1	0	-0	0	0	10	-10	0	-30	0	0	10	10	0	-30	0	0	19.7964	0	0	0	0	0	0	0	0	0	0	0	0	
0	1	0	-0	0	0	10	-10	0	-30	0	0	10	10	0	-30	0	0	20.4262	0	0	0	0	0	0	0	0	0	0	0	0	
0	1	0	-0	0	0	10	-10	0	-30	0	0	10	10	0	-30	0	0	21.056	0	0	0	0	0	0	0	0	0	0	0	0	
0	1	0	-0	0	0	10	-10	0	-30	0	0	10	10	0	-30	0	0	21.6753	0	0	0	0	0	0	0	0	0	0	0	0	
0	1	0	-0	0	0	10	-10	0	-30	0	0	10	10	0	-30	0	0	22.2947	0	0	0	0	0	0	0	0	0	0	0	0	
0	1	0	-0	0	0	10	-10	0	-30	0	0	10	10	0	-30	0	0	22.9031	0	0	0	0	0	0	0	0	0	0	0	0	
0	1	0	-0	0	0	10	-10	0	-30	0	0	10	10	0	-30	0	0	23.5114	0	0	0	0	0	0	0	0	0	0	0	0	
0	1	0	-0	0	0	10	-10	0	-30	0	0	10	10	0	-30	0	0	24.1082	0	0	0	0	0	0	0	0	0	0	0	0	
0	1	0	-0	0	0	10	-10	0	-30	0	0	10	10	0	-30	0	0	24.705	0	0	0	0	0	0	0	0	0	0	0	0	
0	1	0	-0	0	0	10	-10	0	-30	0	0	10	10	0	-30	0	0	25.2896	0	0	0	0	0	0	0	0	0	0	0	0	
0	1	0	-0	0	0	10	-10	0	-30	0	0	10	10	0	-30	0	0	25.8741	0	0	0	0	0	0	0	0	0	0	0	0	
0	1	0	-0	0	0	10	-10	0	-30	0	0	10	10	0	-30	0	0	26.446	0	0	0	0	0	0	0	0	0	0	0	0	
0	1	0	-0	0	0	10	-10	0	-30	0	0	10	10	0	-30	0	0	27.0178	0	0	0	0	0	0	0	0	0	0	0	0	
0	1	0	-0	0	0	10	-10	0	-30	0	0	10	10	0	-30	0	0	27.5763	0	0	0	0	0	0	0	0	0	0	0	0	
0	1	0	-0	0	0	10	-10	0	-30	0	0	10	10	0	-30	0	0	28.1348	0	0	0	0	0	0	0	0	0	0	0	0	
0	1	0	-0	0	0	10	-10	0	-30	0	0	10	10	0	-30	0	0	28.6794	0	0	0	0	0	0	0	0	0	0	0	0	
0	1	0	-0	0	0	10	-10	0	-30	0	0	10	10	0	-30	0	0	29.2239	0	0	0	0	0	0	0	0	0	0	0	0	
0	1	0	-0	0	0	10	-10	0	-30	0	0	10	10	0	-30	0	0	29.7541	0	0	0	0	0	0	0	0	0	0	0	0	
0	1	0	-0	0	0	10	-10	0	-30	0	0	10	10	0	-30	0	0	30.2843	0	0	0	0	0	0	0	0	0	0	0	0	
0	1	0	-0	0	0	10	-10	0	-30	0	0	10	10	0	-30	0	0	30.7995	0	0	0	0	0	0	0	0	0	0	0	0	
0	1	0	-0	0	0	10	-10	0	-30	0	0	10	10	0	-30	0	0	31.3148	0	0	0	0	0	0	0	0	0	0	0	0	
0	1	0	-0	0	0	10	-10	0	-30	0	0	10	10	0	-30	0	0	31.8146	0	0	0	0	0	0	0	0	0	0	0	0	
0	1	0	-0	0	0	10	-10	0	-30	0	0	10	10	0	-30	0	0	32.3144	0	0	0	0	0	0	0	0	0	0	0	0	
0	1	0	-0	0	0	10	-10	0	-30	0	0	10	10	0	-30	0	0	32.7982	0	0	0	0	0	0	0	0	0	0	0	0	
0	1	0	-0	0	0	10	-10	0	-30	0	0	10	10	0	-30	0	0	33.282	0	0	0	0	0	0	0	0	0	0	0	0	
0	1	0	-0	0	0	10	-10	0	-30	0	0	10	10	0	-30	0	0	33.7494	0	0	0	0	0	0	0	0	0	0	0	0	
0	1	0	-0	0	0	10	-10	0	-30	0	0	10	10	0	-30	0	0	34.2169	0	0	0	0	0	0	0	0	0	0	0	0	
0	1	0	-0	0	0	10	-10	0	-30	0	0	10	10	0	-30	0	0	34.6674	0	0	0	0	0	0	0	0	0	0	0	0	
0	1	0	-0	0	0	10	-10	0	-30	0	0	10	10	0	-30	0	0	35.1179	0	0	0	0	0	0	0	0	0	0	0	0	
0	1	0	-0	0	0	10	-10	0	-30	0	0	10	10	0	-30	0	0	35.5511	0	0	0	0	0	0	0	0	0	0	0	0	
0	1	0	-0	0	0	10	-10	0	-30	0	0	10	10	0	-30	0	0	35.9844	0	0	0	0	0	0	0	0	0	0	0	0	
0	1	0	-0	0	0	10	-10	0	-30	0	0	10	10	0	-30	0	0	36.3998	0	0	0	0	0	0	0	0	0	0	0	0	
0	1	0	-0	0	0	10	-10	0	-30	0	0	10	10	0	-30	0	0	36.8152	0	0	0	0	0	0	0	0	0	0	0	0	
0	1	0	-0	0	0	10	-10	0	-30	0	0	10	10	0	-30	0	0	37.2125	0	0	0	0	0	0	0	0	0	0	0	0	
0	1	0	-0	0	0	10	-10	0	-30	0	0	10	10	0	-30	0	0	37.6098	0	0	0	0	0	0	0	0	0	0	0	0	
0	1	0	-0	0	0	10	-10	0	-30	0	0	10	10	0	-30	0	0	37.9885	0	0	0	0	0	0	0	0	0	0	0	0	
0	1	0	-0	0	0	10	-10	0	-30	0	0	10	10	0	-30	0	0	38.3672	0	0	0	0	0	0	0	0	0	0	0	0	
0	1	0	-0	0	0	10	-10	0	-30	0	0	10	10	0	-30	0	0	38.727	0	0	0	0	0	0	0	0	0	0	0	0	
0	1	0	-0	0	0	10	-10	0	-30	0	0	10	10	0	-30	0	0	39.0868	0	0	0	0	0	0	0	0	0	0	0	0	
0	1	0	-0	0	0	10	-10	0	-30	0	0	10	10	0	-30	0	0	39.4273	0	0	0	0	0	0	0	0	0	0	0	0	
0	1	0	-0	0	0	10	-10	0	-30	0	0	10	10	0	-30	0	0	39.7678	0	0	0	0	0	0	0	0	0	0	0	0	
0	1	0	-0	0	0	10	-10	0	-30	0	0	10	10	0	-30	0	0	40.0887	0	0	0	0	0	0	0	0	0	0	0	0	
0	1	0	-0	0	0	10	-10	0	-30	0	0	10	10	0	-30	0	0	40.4095	0	0	0	0	0	0	0	0	0	0	0	0	
0	1	0	-0	0	0	10	-10	0	-30	0	0	10	10	0	-30	0	0	40.7105	0	0	0	0	0	0	0	0	0	0	0	0	
0	1	0	-0	0	0	10	-10	0	-30	0	0	10	10	0	-30	0	0	41.0115	0	0	0	0	0	0	0	0	0	0	0	0	
0	1	0	-0	0	0	10	-10	0	-30	0	0	10	10	0	-30	0	0	41.2922	0	0	0	0	0	0	0	0	0	0	0	0	
0	1	0	-0	0	0	10	-10	0	-30	0	0	10	10	0	-30	0	0	41.5729	0	0	0	0	0	0	0	0	0	0	0	0	
0	1	0	-0	0	0	10	-10	0	-30	0	0	10	10	0	-30	0	0	41.8331	0	0	0	0	0	0	0	0	0	0	0	0	
0	1	0	-0	0	0	10	-10	0	-30	0	0	10	10	0	-30	0	0	42.0932	0	0	0	0	0	0	0	0	0	0	0	0	
0	1	0	-0	0	0	10	-10	0	-30	0	0	10	10	0	-30	0	0	42.3326	0	0	0	0	0	0	0	0	0	0	0	0	
0	1	0	-0	0	0	10	-10	0	-30	0	0	10	10	0	-30	0	0	42.5721	0	0	0	0	0	0	0	0	0	0	0	0	
0	1	0	-0	0	0	10	-10	0	-30	0	0	10	10	0	-30	0	0	42.7905	0	0	0	0	0	0	0	0	0	0	0	0	
0	1	0	-0	0	0	10	-10	0	-30	0	0	10	10	0	-30	0	0	43.009	0	0	0	0	0	0	0	0	0	0	0	0	
0	1	0	-0	0	0	10	-10	0	-30	0	0	10	10	0	-30	0	0	43.2061	0	0	0	0	0	0	0	0	0	0	0	0	
0	1	0	-0	0	0	10	-10	0	-30	0	0	10	10	0	-30	0	0	43.4033	0	0	0	0	0	0	0	0	0	0	0	0	
0	1	0	-0	0	0	10	-10	0	-30	0	0	10	10	0	-30	0	0	43.579	0	0	0	0	0	0	0	0	0	0	0	0	
0	1	0	-0	0	0	10	-10	0	-30	0	0	10	10	0	-30	0	0	43.7547	0	0	0	0	0	0	0	0	0	0	0	0	
0	1	0	-0	0	0	10	-10	0	-30	0	0	10	10	0	-30	0	0	43.909	0	0	0	0	0	0	0	0	0	0	0	0	
0	1	0	-0	0	0	10	-10	0	-30	0	0	10	10	0	-30	0	0	44.0633	0	0	0	0	0	0	0	0	0	0	0	0	
0	1	0	-0	0	0	10	-10	0	-30	0	0	10	10	0	-30	0	0	44.1957	0	0	0	0	0	0	0	0	0	0	0	0	
0	1	0	-0	0	0	10	-10	0	-30	0	0	10	10	0	-30	0	0	44.3281	0	0	0	0	0	0	0	0	0	0	0	0	
0	1	0	-0	0	0	10	-10	0	-30	0	0	10	10	0	-30	0	0	44.4386	0	0	0	0	0	0	0	0	0	0	0	0	
0	1	0	-0	0	0	10	-10	0	-30	0	0	10	10	0	-30	0	0	44.5491	0	0	0	0	0	0	0	0	0	0	0	0	
0	1	0	-0	0	0	10	-10	0	-30	0	0	10	10	0	-30	0	0	44.6378	0	0	0	0	0	0	0	0	0	0	0	0	
0	1	0	-0	0	0	10	-10	0	-30	0	0	10	10	0	-30	0	0	44.7265	0	0	0	0	0	0	0	0	0	0	0	0	
0	1	0	-0	0	0	10	-10	0	-30	0	0	10	10	0	-30	0	0	44.7929	0	0	0	0	0	0	0	0	0	0	0	0	
0	1	0	-0	0	0	10	-10	0	-30	0	0	10	10	0	-30	0	0	44.8594	0	0	0	0	0	0	0	0	0	0	0	0	
0	1	0	-0	0	0	10	-10	0	-30	0	0	10	10	0	-30	0	0	44.9038	0	0	0	0	0	0	0	0	0	0	0	0	
0	1	0	-0	0	0	10	-10	0	-30	0	0	10	10	0	-30	0	0	44.9482	0	0	0	0	0	0	0	0	0	0	0	0	
0	1	0	-0	0	0	10	-10	0	-30	0	0	10	10	0	-30	0	0	44.9704	0	0	0	0	0	0	0	0	0	0	0	0	
0	1	0	-0	0	0	10	-10	0	-30	0	0	10	10	0	-30	0	0	44.9926	0	0	0	0	0	0	0	0	0	0	0	0	
0	1	0	-0	0	0	10	-10	0	-30	0	0	10	10	0	-30	0	0	44.9926	-0.565309	-0.565309	0	0	0	0	0	0	0	0	0	0	
0	1	0	-0	0	0	10	-10	0	-30	0	0	10	10	0	-30	0	0	44.9926	-1.13062	-1.13062	0	0	0	0	0	0	0	0	0	0	
0	1	0	-0	0	0	10	-10	0	-30	0	0	10	10	0	-30	0	0	44.9703	-2.25897	-2.25897	0	0	0	0	0	0	0	0	0	0	
0	1	0	-0	0	0	10	-10	0	-30	0	0	10	10	0	-30	0	0	44.9481	-3.38733	-3.38733	0	0	0	0	0	0	0	0	0	0	
0	1	0	-0	0	0	10	-10	0	-30	0	0	10	10	0	-30	0	0	44.9038	-4.50901	-4.50901	0	0	0	0	0	0	0	0	0	0	
0	1	0	-0	0	0	10	-10	0	-30	0	0	10	10	0	-30	0	0	44.8595	-5.63069	-5.63069	0	0	0	0	0	0	0	0	0	0	
0	1	0	-0	0	0	10	-10	0	-30	0	0	10	10	0	-30	0	0	44.793	-6.74128	-6.74128	0	0	0	0	0	0	0	0	0	0	
0	1	0	-0	0	0	10	-10	0	-30	0	0	10	10	0	-30	0	0	44.7265	-7.85187	-7.85187	0	0	0	0	0	0	0	0	0	0	
0	1	0	-0	0	0	10	-10	0	-30	0	0	10	10	0	-30	0	0	44.6379	-8.94694	-8.94694	0	0	0	0	0	0	0	0	0	0	
0	1	0	-0	0	0	10	-10	0	-30	0	0	10	10	0	-30	0	0	44.5492	-10.042	-10.042	0	0	0	0	0	0	0	0	0	0	
0	1	0	-0	0	0	10	-10	0	-30	0	0	10	10	0	-30	0	0	44.4386	-11.1173	-11.1173	0	0	0	0	0	0	0	0	0	0	
0	1	0	-0	0	0	10	-10	0	-30	0	0	10	10	0	-30	0	0	44.3279	-12.1925	-12.1925	0	0	0	0	0	0	0	0	0	0	
0	1	0	-0	0	0	10	-10	0	-30	0	0	10	10	0	-30	0	0	44.1956	-13.2437	-13.2437	0	0	0	0	0	0	0	0	0	0	
0	1	0	-0	0	0	10	-10	0	-30	0	0	10	10	0	-30	0	0	44.0633	-14.295	-14.295	0	0	0	0	0	0	0	0	0	0	
0	1	0	-0	0	0	10	-10	0	-30	0	0	10	10	0	-30	0	0	43.9091	-15.318	-15.318	0	0	0	0	0	0	0	0	0	0	
0	1	0	-0	0	0	10	-10	0	-30	0	0	10	10	0	-30	0	0	43.7548	-16.341	-16.341	0	0	0	0	0	0	0	0	0	0	
0	1	0	-0	0	0	10	-10	0	-30	0	0	10	10	0	-30	0	0	43.5791	-17.3317	-17.3317	0	0	0	0	0	0	0	0	0	0	
0	1	0	-0	0	0	10	-10	0	-30	0	0	10	10	0	-30	0	0	43.4034	-18.3224	-18.3224	0	0	0	0	0	0	0	0	0	0	
0	1	0	-0	0	0	10	-10	0	-30	0	0	10	10	0	-30	0	0	43.2061	-19.2771	-19.2771	0	0	0	0	0	0	0	0	0	0	
0	1	0	-0	0	0	10	-10	0	-30	0	0	10	10	0	-30	0	0	43.0088	-20.2317	-20.2317	0	0	0	0	0	0	0	0	0	0	
0	1	0	-0	0	0	10	-10	0	-30	0	0	10	10	0	-30	0	0	42.7906	-21.1463	-21.1463	0	0	0	0	0	0	0	0	0	0	
0	1	0	-0	0	0	10	-10	0	-30	0	0	10	10	0	-30	0	0	42.5723	-22.061	-22.061	0	0	0	0	0	0	0	0	0	0	
0	1	0	-0	0	0	10	-10	0	-30	0	0	10	10	0	-30	0	0	42.3328	-22.9321	-22.9321	0	0	0	0	0	0	0	0	0	0	
0	1	0	-0	0	0	10	-10	0	-30	0	0	10	10	0	-30	0	0	42.0932	-23.8033	-23.8033	0	0	0	0	0	0	0	0	0	0	
0	1	0	-0	0	0	10	-10	0	-30	0	0	10	10	0	-30	0	0	41.833	-24.6275	-24.6275	0	0	0	0	0	0	0	0	0	0	
0	1	0	-0	0	0	10	-10	0	-30	0	0	10	10	0	-30	0	0	41.5728	-25.4516	-25.4516	0	0	0	0	0	0	0	0	0	0	
0	1	0	-0	0	0	10	-10	0	-30	0	0	10	10	0	-30	0	0	41.2922	-26.2256	-26.2256	0	0	0	0	0	0	0	0	0	0	
0	1	0	-0	0	0	10	-10	0	-30	0	0	10	10	0	-30	0	0	41.0115	-26.9995	-26.9995	0	0	0	0	0	0	0	0	0	0	
0	1	0	-0	0	0	10	-10	0	-30	0	0	10	10	0	-30	0	0	40.7105	-27.7202	-27.7202	0	0	0	0	0	0	0	0	0	0	
0	1	0	-0	0	0	10	-10	0	-30	0	0	10	10	0	-30	0	0	40.4096	-28.4409	-28.4409	0	0	0	0	0	0	0	0	0	0	
0	1	0	-0	0	0	10	-10	0	-30	0	0	10	10	0	-30	0	0	40.0887	-29.1054	-29.1054	0	0	0	0	0	0	0	0	0	0	
0	1	0	-0	0	0	10	-10	0	-30	0	0	10	10	0	-30	0	0	39.7679	-29.77	-29.77	0	0	0	0	0	0	0	0	0	0	
0	1	0	-0	0	0	10	-10	0	-30	0	0	10	10	0	-30	0	0	39.4273	-30.3758	-30.3758	0	0	0	0	0	0	0	0	0	0	
0	1	0	-0	0	0	10	-10	0	-30	0	0	10	10	0	-30	0	0	39.0868	-30.9816	-30.9816	0	0	0	0	0	0	0	0	0	0	
0	1	0	-0	0	0	10	-10	0	-30	0	0	10	10	0	-30	0	0	38.727	-31.5263	-31.5263	0	0	0	0	0	0	0	0	0	0	
0	1	0	-0	0	0	10	-10	0	-30	0	0	10	10	0	-30	0	0	38.3671	-32.0709	-32.0709	0	0	0	0	0	0	0	0	0	0	
0	1	0	-0	0	0	10	-10	0	-30	0	0	10	10	0	-30	0	0	37.9884	-32.5523	-32.5523	0	0	0	0	0	0	0	0	0	0	
0	1	0	-0	0	0	10	-10	0	-30	0	0	10	10	0	-30	0	0	37.6098	-33.0338	-33.0338	0	0	0	0	0	0	0	0	0	0	
0	1	0	-0	0	0	10	-10	0	-30	0	0	10	10	0	-30	0	0	37.2125	-33.4499	-33.4499	0	0	0	0	0	0	0	0	0	0	
0	1	0	-0	0	0	10	-10	0	-30	0	0	10	10	0	-30	0	0	36.8153	-33.8661	-33.8661	0	0	0	0	0	0	0	0	0	0	
0	1	0	-0	0	0	10	-10	0	-30	0	0	10	10	0	-30	0	0	36.3998	-34.2155	-34.2155	0	0	0	0	0	0	0	0	0	0	
0	1	0	-0	0	0	10	-10	0	-30	0	0	10	10	0	-30	0	0	35.9843	-34.5649	-34.5649	0	0	0	0	0	0	0	0	0	0	
0	1	0	-0	0	0	10	-10	0	-30	0	0	10	10	0	-30	0	0	35.5512	-34.8461	-34.8461	0	0	0	0	0	0	0	0	0	0	
0	1	0	-0	0	0	10	-10	0	-30	0	0	10	10	0	-30	0	0	35.1181	-35.1272	-35.1272	0	0	0	0	0	0	0	0	0	0	
0	1	0	-0	0	0	10	-10	0	-30	0	0	10	10	0	-30	0	0	34.6674	-35.3391	-35.3391	0	0	0	0	0	0	0	0	0	0	
0	1	0	-0	0	0	10	-10	0	-30	0	0	10	10	0	-30	0	0	34.2168	-35.5509	-35.5509	0	0	0	0	0	0	0	0	0	0	
0	1	0	-0	0	0	10	-10	0	-30	0	0	10	10	0	-30	0	0	33.7493	-35.6926	-35.6926	0	0	0	0	0	0	0	0	0	0	
0	1	0	-0	0	0	10	-10	0	-30	0	0	10	10	0	-30	0	0	33.2819	-35.8344	-35.8344	0	0	0	0	0	0	0	0	0	0	
0	1	0	-0	0	0	10	-10	0	-30	0	0	10	10	0	-30	0	0	32.7982	-35.9053	-35.9053	0	0	0	0	0	0	0	0	0	0	
0	1	0	-0	0	0	10	-10	0	-30	0	0	10	10	0	-30	0	0	32.3145	-35.9763	-35.9763	0	0	0	0	0	0	0	0	0	0	
0	1	0	-0	0	0	10	-10	0	-30	0	0	10	10	0	-30	0	0	31.8146	-35.9763	-35.9763	0	0	0	0	0	0	0	0	0	0	
0	1	0	-0	0	0	10	-10	0	-30	0	0	10	10	0	-30	0	0	31.3146	-35.9762	-35.9762	0	0	0	0	0	0	0	0	0	0	
0	1	0	-0	0	0	10	-10	0	-30	0	0	10	10	0	-30	0	0	30.7995	-35.9053	-35.9053	0	0	0	0	0	0	0	0	0	0	
0	1	0	-0	0	0	10	-10	0	-30	0	0	10	10	0	-30	0	0	30.2845	-35.8344	-35.8344	0	0	0	0	0	0	0	0	0	0	
0	1	0	-0	0	0	10	-10	0	-30	0	0	10	10	0	-30	0	0	29.7543	-35.6926	-35.6926	0	0	0	0	0	0	0	0	0	0	
0	1	0	-0	0	0	10	-10	0	-30	0	0	10	10	0	-30	0	0	29.2241	-35.5509	-35.5509	0	0	0	0	0	0	0	0	0	0	
0	1	0	-0	0	0	10	-10	0	-30	0	0	10	10	0	-30	0	0	28.6794	-35.3391	-35.3391	0	0	0	0	0	0	0	0	0	0	
0	1	0	-0	0	0	10	-10	0	-30	0	0	10	10	0	-30	0	0	28.1347	-35.1273	-35.1273	0	0	0	0	0	0	0	0	0	0	
0	1	0	-0	0	0	10	-10	0	-30	0	0	10	10	0	-30	0	0	27.5763	-34.8461	-34.8461	0	0	0	0	0	0	0	0	0	0	
0	1	0	-0	0	0	10	-10	0	-30	0	0	10	10	0	-30	0	0	27.0178	-34.5649	-34.5649	0	0	0	0	0	0	0	0	0	0	
0	1	0	-0	0	0	10	-10	0	-30	0	0	10	10	0	-30	0	0	26.446	-34.2155	-34.2155	0	0	0	0	0	0	0	0	0	0	
0	1	0	-0	0	0	10	-10	0	-30	0	0	10	10	0	-30	0	0	25.8741	-33.8662	-33.8662	0	0	0	0	0	0	0	0	0	0	
0	1	0	-0	0	0	10	-10	0	-30	0	0	10	10	0	-30	0	0	25.2896	-33.45	-33.45	0	0	0	0	0	0	0	0	0	0	
0	1	0	-0	0	0	10	-10	0	-30	0	0	10	10	0	-30	0	0	24.7052	-33.0338	-33.0338	0	0	0	0	0	0	0	0	0	0	
0	1	0	-0	0	0	10	-10	0	-30	0	0	10	10	0	-30	0	0	24.1083	-32.5524	-32.5524	0	0	0	0	0	0	0	0	0	0	
0	1	0	-0	0	0	10	-10	0	-30	0	0	10	10	0	-30	0	0	23.5114	-32.071	-32.071	0	0	0	0	0	0	0	0	0	0	
0	1	0	-0	0	0	10	-10	0	-30	0	0	10	10	0	-30	0	0	22.9031	-31.5263	-31.5263	0	0	0	0	0	0	0	0	0	0	
0	1	0	-0	0	0	10	-10	0	-30	0	0	10	10	0	-30	0	0	22.2948	-30.9816	-30.9816	0	0	0	0	0	0	0	0	0	0	
0	1	0	-0	0	0	10	-10	0	-30	0	0	10	10	0	-30	0	0	21.6753	-30.3758	-30.3758	0	0	0	0	0	0	0	0	0	0	
0	1	0	-0	0	0	10	-10	0	-30	0	0	10	10	0	-30	0	0	21.0558	-29.77	-29.77	0	0	0	0	0	0	0	0	0	0	
0	1	0	-0	0	0	10	-10	0	-30	0	0	10	10	0	-30	0	0	20.4262	-29.1055	-29.1055	0	0	0	0	0	0	0	0	0	0	
0	1	0	-0	0	0	10	-10	0	-30	0	0	10	10	0	-30	0	0	19.7966	-28.4409	-28.4409	0	0	0	0	0	0	0	0	0	0	
0	1	0	-0	0	0	10	-10	0	-30	0	0	10	10	0	-30	0	0	19.157	-27.7202	-27.7202	0	0	0	0	0	0	0	0	0	0	
0	1	0	-0	0	0	10	-10	0	-30	0	0	10	10	0	-30	0	0	18.5174	-26.9995	-26.9995	0	0	0	0	0	0	0	0	0	0	
0	1	0	-0	0	0	10	-10	0	-30	0	0	10	10	0	-30	0	0	17.8688	-26.2256	-26.2256	0	0	0	0	0	0	0	0	0	0	
0	1	0	-0	0	0	10	-10	0	-30	0	0	10	10	0	-30	0	0	17.2202	-25.4517	-25.4517	0	0	0	0	0	0	0	0	0	0	
0	1	0	-0	0	0	10	-10	0	-30	0	0	10	10	0	-30	0	0	16.5629	-24.6275	-24.6275	0	0	0	0	0	0	0	0	0	0	
0	1	0	-0	0	0	10	-10	0	-30	0	0	10	10	0	-30	0	0	15.9057	-23.8034	-23.8034	0	0	0	0	0	0	0	0	0	0	
0	1	0	-0	0	0	10	-10	0	-30	0	0	10	10	0	-30	0	0	15.2407	-22.9322	-22.9322	0	0	0	0	0	0	0	0	0	0	
0	1	0	-0	0	0	10	-10	0	-30	0	0	10	10	0	-30	0	0	14.5758	-22.0611	-22.0611	0	0	0	0	0	0	0	0	0	0	
0	1	0	-0	0	0	10	-10	0	-30	0	0	10	10	0	-30	0	0	13.9035	-21.1464	-21.1464	0	0	0	0	0	0	0	0	0	0	
0	1	0	-0	0	0	10	-10	0	-30	0	0	10	10	0	-30	0	0	13.2313	-20.2317	-20.2317	0	0	0	0	0	0	0	0	0	0	
0	1	0	-0	0	0	10	-10	0	-30	0	0	10	10	0	-30	0	0	12.5524	-19.277	-19.277	0	0	0	0	0	0	0	0	0	0	
0	1	0	-0	0	0	10	-10	0	-30	0	0	10	10	0	-30	0	0	11.8736	-18.3224	-18.3224	0	0	0	0	0	0	0	0	0	0	
0	1	0	-0	0	0	10	-10	0	-30	0	0	10	10	0	-30	0	0	11.1891	-17.3317	-17.3317	0	0	0	0	0	0	0	0	0	0	
0	1	0	-0	0	0	10	-10	0	-30	0	0	10	10	0	-30	0	0	10.5047	-16.3411	-16.3411	0	0	0	0	0	0	0	0	0	0	
0	1	0	-0	0	0	10	-10	0	-30	0	0	10	10	0	-30	0	0	9.81494	-15.3181	-15.3181	0	0	0	0	0	0	0	0	0	0	
0	1	0	-0	0	0	10	-10	0	-30	0	0	10	10	0	-30	0	0	9.12516	-14.295	-14.295	0	0	0	0	0	0	0	0	0	0	
0	1	0	-0	0	0	10	-10	0	-30	0	0	10	10	0	-30	0	0	8.43087	-13.2437	-13.2437	0	0	0	0	0	0	0	0	0	0	
0	1	0	-0	0	0	10	-10	0	-30	0	0	10	10	0	-30	0	0	7.73659	-12.1925	-12.1925	0	0	0	0	0	0	0	0	0	0	
0	1	0	-0	0	0	10	-10	0	-30	0	0	10	10	0	-30	0	0	7.0385	-11.1172	-11.1172	0	0	0	0	0	0	0	0	0	0	
0	1	0	-0	0	0	10	-10	0	-30	0	0	10	10	0	-30	0	0	6.34041	-10.042	-10.042	0	0	0	0	0	0	0	0	0	0	
0	1	0	-0	0	0	10	-10	0	-30	0	0	10	10	0	-30	0	0	5.63914	-8.94699	-8.94699	0	0	0	0	0	0	0	0	0	0	
0	1	0	-0	0	0	10	-10	0	-30	0	0	10	10	0	-30	0	0	4.93786	-7.85199	-7.85199	0	0	0	0	0	0	0	0	0	0	
0	1	0	-0	0	0	10	-10	0	-30	0	0	10	10	0	-30	0	0	4.23419	-6.74134	-6.74134	0	0	0	0	0	0	0	0	0	0	
0	1	0	-0	0	0	10	-10	0	-30	0	0	10	10	0	-30	0	0	3.53051	-5.63069	-5.63069	0	0	0	0	0	0	0	0	0	0	
0	1	0	-0	0	0	10	-10	0	-30	0	0	10	10	0	-30	0	0	2.82508	-4.50901	-4.50901	0	0	0	0	0	0	0	0	0	0	
0	1	0	-0	0	0	10	-10	0	-30	0	0	10	10	0	-30	0	0	2.11966	-3.38733	-3.38733	0	0	0	0	0	0	0	0	0	0	
0	1	0	-0	0	0	10	-10	0	-30	0	0	10	10	0	-30	0	0	1.41326	-2.25897	-2.25897	0	0	0	0	0	0	0	0	0	0	
0	1	0	-0	0	0	10	-10	0	-30	0	0	10	10	0	-30	0	0	0.706858	-1.13062	-1.13062	0	0	0	0	0	0	0	0	0	0	
0	1	0	-0	0	0	10	-10	0	-30	0	0	10	10	0	-30	0	0	0.353429	0	0	0	0	0	0	0	0	0	0	0	0	
0	1	0	-0	0	0	10	-10	0	-30	0	0	10	10	0	-30	0	0	0	1.13062	1.13062	0	0	0	0	0	0	0	0	0	0	
0	1	0	-0	0	0	10	-10	0	-30	0	0	10	10	0	-30	0	0	0	2.25897	2.25897	0	0	0	0	0	0	0	0	0	0	
0	1	0	-0	0	0	10	-10	0	-30	0	0	10	10	0	-30	0	0	0	3.38733	3.38733	0	0	0	0	0	0	0	0	0	0	
0	1	0	-0	0	0	10	-10	0	-30	0	0	10	10	0	-30	0	0	0	4.50901	4.50901	0	0	0	0	0	0	0	0	0	0	
0	1	0	-0	0	0	10	-10	0	-30	0	0	10	10	0	-30	0	0	0	5.63069	5.63069	0	0	0	0	0	0	0	0	0	0	
0	1	0	-0	0	0	10	-10	0	-30	0	0	10	10	0	-30	0	0	0	6.74128	6.74128	0	0	0	0	0	0	0	0	0	0	
0	1	0	-0	0	0	10	-10	0	-30	0	0	10	10	0	-30	0	0	0	7.85187	7.85187	0	0	0	0	0	0	0	0	0	0	
0	1	0	-0	0	0	10	-10	0	-30	0	0	10	10	0	-30	0	0	0	8.94694	8.94694	0	0	0	0	0	0	0	0	0	0	
0	1	0	-0	0	0	10	-10	0	-30	0	0	10	10	0	-30	0	0	0	10.042	10.042	0	0	0	0	0	0	0	0	0	0	
0	1	0	-0	0	0	10	-10	0	-30	0	0	10	10	0	-30	0	0	0	11.1172	11.1172	0	0	0	0	0	0	0	0	0	0	
0	1	0	-0	0	0	10	-10	0	-30	0	0	10	10	0	-30	0	0	0	12.1925	12.1925	0	0	0	0	0	0	0	0	0	0	
0	1	0	-0	0	0	10	-10	0	-30	0	0	10	10	0	-30	0	0	0	13.2437	13.2437	0	0	0	0	0	0	0	0	0	0	
0	1	0	-0	0	0	10	-10	0	-30	0	0	10	10	0	-30	0	0	0	14.295	14.295	0	0	0	0	0	0	0	0	0	0	
0	1	0	-0	0	0	10	-10	0	-30	0	0	10	10	0	-30	0	0	0	15.318	15.318	0	0	0	0	0	0	0	0	0	0	
0	1	0	-0	0	0	10	-10	0	-30	0	0	10	10	0	-30	0	0	0	16.341	16.341	0	0	0	0	0	0	0	0	0	0	
0	1	0	-0	0	0	10	-10	0	-30	0	0	10	10	0	-30	0	0	0	17.3317	17.3317	0	0	0	0	0	0	0	0	0	0	
0	1	0	-0	0	0	10	-10	0	-30	0	0	10	10	0	-30	0	0	0	18.3225	18.3225	0	0	0	0	0	0	0	0	0	0	
0	1	0	-0	0	0	10	-10	0	-30	0	0	10	10	0	-30	0	0	0	19.2771	19.2771	0	0	0	0	0	0	0	0	0	0	
0	1	0	-0	0	0	10	-10	0	-30	0	0	10	10	0	-30	0	0	0	20.2317	20.2317	0	0	0	0	0	0	0	0	0	0	
0	1	0	-0	0	0	10	-10	0	-30	0	0	10	10	0	-30	0	0	0	21.1463	21.1463	0	0	0	0	0	0	0	0	0	0	
0	1	0	-0	0	0	10	-10	0	-30	0	0	10	10	0	-30	0	0	0	22.0609	22.0609	0	0	0	0	0	0	0	0	0	0	
0	1	0	-0	0	0	10	-10	0	-30	0	0	10	10	0	-30	0	0	0	22.9321	22.9321	0	0	0	0	0	0	0	0	0	0	
0	1	0	-0	0	0	10	-10	0	-30	0	0	10	10	0	-30	0	0	0	23.8032	23.8032	0	0	0	0	0	0	0	0	0	0	
0	1	0	-0	0	0	10	-10	0	-30	0	0	10	10	0	-30	0	0	0	24.6275	24.6275	0	0	0	0	0	0	0	0	0	0	
0	1	0	-0	0	0	10	-10	0	-30	0	0	10	10	0	-30	0	0	0	25.4517	25.4517	0	0	0	0	0	0	0	0	0	0	
0	1	0	-0	0	0	10	-10	0	-30	0	0	10	10	0	-30	0	0	0	26.2256	26.2256	0	0	0	0	0	0	0	0	0	0	
0	1	0	-0	0	0	10	-10	0	-30	0	0	10	10	0	-30	0	0	0	26.9995	26.9995	0	0	0	0	0	0	0	0	0	0	
0	1	0	-0	0	0	10	-10	0	-30	0	0	10	10	0	-30	0	0	0	27.7202	27.7202	0	0	0	0	0	0	0	0	0	0	
0	1	0	-0	0	0	10	-10	0	-30	0	0	10	10	0	-30	0	0	0	28.4409	28.4409	0	0	0	0	0	0	0	0	0	0	
0	1	0	-0	0	0	10	-10	0	-30	0	0	10	10	0	-30	0	0	0	29.1055	29.1055	0	0	0	0	0	0	0	0	0	0	
0	1	0	-0	0	0	10	-10	0	-30	0	0	10	10	0	-30	0	0	0	29.77	29.77	0	0	0	0	0	0	0	0	0	0	
0	1	0	-0	0	0	10	-10	0	-30	0	0	10	10	0	-30	0	0	0	30.3758	30.3758	0	0	0	0	0	0	0	0	0	0	
0	1	0	-0	0	0	10	-10	0	-30	0	0	10	10	0	-30	0	0	0	30.9815	30.9815	0	0	0	0	0	0	0	0	0	0	
0	1	0	-0	0	0	10	-10	0	-30	0	0	10	10	0	-30	0	0	0	31.5263	31.5263	0	0	0	0	0	0	0	0	0	0	
0	1	0	-0	0	0	10	-10	0	-30	0	0	10	10	0	-30	0	0	0	32.071	32.071	0	0	0	0	0	0	0	0	0	0	
0	1	0	-0	0	0	10	-10	0	-30	0	0	10	10	0	-30	0	0	0	32.5524	32.5524	0	0	0	0	0	0	0	0	0	0	
0	1	0	-0	0	0	10	-10	0	-30	0	0	10	10	0	-30	0	0	0	33.0338	33.0338	0	0	0	0	0	0	0	0	0	0	
0	1	0	-0	0	0	10	-10	0	-30	0	0	10	10	0	-30	0	0	0	33.4499	33.4499	0	0	0	0	0	0	0	0	0	0	
0	1	0	-0	0	0	10	-10	0	-30	0	0	10	10	0	-30	0	0	0	33.8661	33.8661	0	0	0	0	0	0	0	0	0	0	
0	1	0	-0	0	0	10	-10	0	-30	0	0	10	10	0	-30	0	0	0	34.2155	34.2155	0	0	0	0	0	0	0	0	0	0	
0	1	0	-0	0	0	10	-10	0	-30	0	0	10	10	0	-30	0	0	0	34.5649	34.5649	0	0	0	0	0	0	0	0	0	0	
0	1	0	-0	0	0	10	-10	0	-30	0	0	10	10	0	-30	0	0	0	34.8461	34.8461	0	0	0	0	0	0	0	0	0	0	
0	1	0	-0	0	0	10	-10	0	-30	0	0	10	10	0	-30	0	0	0	35.1272	35.1272	0	0	0	0	0	0	0	0	0	0	
0	1	0	-0	0	0	10	-10	0	-30	0	0	10	10	0	-30	0	0	0	35.3391	35.3391	0	0	0	0	0	0	0	0	0	0	
0	1	0	-0	0	0	10	-10	0	-30	0	0	10	10	0	-30	0	0	0	35.5509	35.5509	0	0	0	0	0	0	0	0	0	0	
0	1	0	-0	0	0	10	-10	0	-30	0	0	10	10	0	-30	0	0	0	35.6926	35.6926	0	0	0	0	0	0	0	0	0	0	
0	1	0	-0	0	0	10	-10	0	-30	0	0	10	10	0	-30	0	0	0	35.8344	35.8344	0	0	0	0	0	0	0	0	0	0	
0	1	0	-0	0	0	10	-10	0	-30	0	0	10	10	0	-30	0	0	0	35.9053	35.9053	0	0	0	0	0	0	0	0	0	0	
0	1	0	-0	0	0	10	-10	0	-30	0	0	10	10	0	-30	0	0	0	35.9763	35.9763	0	0	0	0	0	0	0	0	0	0	
0	1	0	-0	0	0	10	-10	0	-30	0	0	10	10	0	-30	0	0	0	35.9763	35.9763	0	0	0	0	0	0	0	0	0	0	
0	1	0	-0	0	0	10	-10	0	-30	0	0	10	10	0	-30	0	0	0	35.9762	35.9762	0	0	0	0	0	0	0	0	0	0	
0	1	0	-0	0	0	10	-10	0	-30	0	0	10	10	0	-30	0	0	0	35.9053	35.9053	0	0	0	0	0	0	0	0	0	0	
0	1	0	-0	0	0	10	-10	0	-30	0	0	10	10	0	-30	0	0	0	35.8344	35.8344	0	0	0	0	0	0	0	0	0	0	
0	1	0	-0	0	0	10	-10	0	-30	0	0	10	10	0	-30	0	0	0	35.6926	35.6926	0	0	0	0	0	0	0	0	0	0	
0	1	0	-0	0	0	10	-10	0	-30	0	0	10	10	0	-30	0	0	0	35.5509	35.5509	0	0	0	0	0	0	0	0	0	0	
0	1	0	-0	0	0	10	-10	0	-30	0	0	10	10	0	-30	0	0	0	35.3391	35.3391	0	0	0	0	0	0	0	0	0	0	
0	1	0	-0	0	0	10	-10	0	-30	0	0	10	10	0	-30	0	0	0	35.1273	35.1273	0	0	0	0	0	0	0	0	0	0	
0	1	0	-0	0	0	10	-10	0	-30	0	0	10	10	0	-30	0	0	0	34.8461	34.8461	0	0	0	0	0	0	0	0	0	0	
0	1	0	-0	0	0	10	-10	0	-30	0	0	10	10	0	-30	0	0	0	34.5649	34.5649	0	0	0	0	0	0	0	0	0	0	
0	1	0	-0	0	0	10	-10	0	-30	0	0	10	10	0	-30	0	0	0	34.2155	34.2155	0	0	0	0	0	0	0	0	0	0	
0	1	0	-0	0	0	10	-10	0	-30	0	0	10	10	0	-30	0	0	0	33.8662	33.8662	0	0	0	0	0	0	0	0	0	0	
0	1	0	-0	0	0	10	-10	0	-30	0	0	10	10	0	-30	0	0	0	33.4499	33.4499	0	0	0	0	0	0	0	0	0	0	
0	1	0	-0	0	0	10	-10	0	-30	0	0	10	10	0	-30	0	0	0	33.0337	33.0337	0	0	0	0	0	0	0	0	0	0	
0	1	0	-0	0	0	10	-10	0	-30	0	0	10	10	0	-30	0	0	0	32.5523	32.5523	0	0	0	0	0	0	0	0	0	0	
0	1	0	-0	0	0	10	-10	0	-30	0	0	10	10	0	-30	0	0	0	32.071	32.071	0	0	0	0	0	0	0	0	0	0	
0	1	0	-0	0	0	10	-10	0	-30	0	0	10	10	0	-30	0	0	0	31.5263	31.5263	0	0	0	0	0	0	0	0	0	0	
0	1	0	-0	0	0	10	-10	0	-30	0	0	10	10	0	-30	0	0	0	30.9816	30.9816	0	0	0	0	0	0	0	0	0	0	
0	1	0	-0	0	0	10	-10	0	-30	0	0	10	10	0	-30	0	0	0	30.3758	30.3758	0	0	0	0	0	0	0	0	0	0	
0	1	0	-0	0	0	10	-10	0	-30	0	0	10	10	0	-30	0	0	0	29.77	29.77	0	0	0	0	0	0	0	0	0	0	
0	1	0	-0	0	0	10	-10	0	-30	0	0	10	10	0	-30	0	0	0	29.1055	29.1055	0	0	0	0	0	0	0	0	0	0	
0	1	0	-0	0	0	10	-10	0	-30	0	0	10	10	0	-30	0	0	0	28.4409	28.4409	0	0	0	0	0	0	0	0	0	0	
0	1	0	-0	0	0	10	-10	0	-30	0	0	10	10	0	-30	0	0	0	27.7202	27.7202	0	0	0	0	0	0	0	0	0	0	
0	1	0	-0	0	0	10	-10	0	-30	0	0	10	10	0	-30	0	0	0	26.9995	26.9995	0	0	0	0	0	0	0	0	0	0	
0	1	0	-0	0	0	10	-10	0	-30	0	0	10	10	0	-30	0	0	0	26.2256	26.2256	0	0	0	0	0	0	0	0	0	0	
0	1	0	-0	0	0	10	-10	0	-30	0	0	10	10	0	-30	0	0	0	25.4517	25.4517	0	0	0	0	0	0	0	0	0	0	
0	1	0	-0	0	0	10	-10	0	-30	0	0	10	10	0	-30	0	0	0	24.6275	24.6275	0	0	0	0	0	0	0	0	0	0	
0	1	0	-0	0	0	10	-10	0	-30	0	0	10	10	0	-30	0	0	0	23.8034	23.8034	0	0	0	0	0	0	0	0	0	0	
0	1	0	-0	0	0	10	-10	0	-30	0	0	10	10	0	-30	0	0	0	22.9322	22.9322	0	0	0	0	0	0	0	0	0	0	
0	1	0	-0	0	0	10	-10	0	-30	0	0	10	10	0	-30	0	0	0	22.0611	22.0611	0	0	0	0	0	0	0	0	0	0	
0	1	0	-0	0	0	10	-10	0	-30	0	0	10	10	0	-30	0	0	0	21.1464	21.1464	0	0	0	0	0	0	0	0	0	0	
0	1	0	-0	0	0	10	-10	0	-30	0	0	10	10	0	-30	0	0	0	20.2317	20.2317	0	0	0	0	0	0	0	0	0	0	
0	1	0	-0	0	0	10	-10	0	-30	0	0	10	10	0	-30	0	0	0	19.2771	19.2771	0	0	0	0	0	0	0	0	0	0	
0	1	0	-0	0	0	10	-10	0	-30	0	0	10	10	0	-30	0	0	0	18.3224	18.3224	0	0	0	0	0	0	0	0	0	0	
0	1	0	-0	0	0	10	-10	0	-30	0	0	10	10	0	-30	0	0	0	17.3317	17.3317	0	0	0	0	0	0	0	0	0	0	
0	1	0	-0	0	0	10	-10	0	-30	0	0	10	10	0	-30	0	0	0	16.341	16.341	0	0	0	0	0	0	0	0	0	0	
0	1	0	-0	0	0	10	-10	0	-30	0	0	10	10	0	-30	0	0	0	15.318	15.318	0	0	0	0	0	0	0	0	0	0	
0	1	0	-0	0	0	10	-10	0	-30	0	0	10	10	0	-30	0	0	0	14.295	14.295	0	0	0	0	0	0	0	0	0	0	
0	1	0	-0	0	0	10	-10	0	-30	0	0	10	10	0	-30	0	0	0	13.2438	13.2438	0	0	0	0	0	0	0	0	0	0	
0	1	0	-0	0	0	10	-10	0	-30	0	0	10	10	0	-30	0	0	0	12.1926	12.1926	0	0	0	0	0	0	0	0	0	0	
0	1	0	-0	0	0	10	-10	0	-30	0	0	10	10	0	-30	0	0	0	11.1173	11.1173	0	0	0	0	0	0	0	0	0	0	
0	1	0	-0	0	0	10	-10	0	-30	0	0	10	10	0	-30	0	0	0	10.042	10.042	0	0	0	0	0	0	0	0	0	0	
0	1	0	-0	0	0	10	-10	0	-30	0	0	10	10	0	-30	0	0	0	8.94697	8.94697	0	0	0	0	0	0	0	0	0	0	
0	1	0	-0	0	0	10	-10	0	-30	0	0	10	10	0	-30	0	0	0	7.85193	7.85193	0	0	0	0	0	0	0	0	0	0	
0	1	0	-0	0	0	10	-10	0	-30	0	0	10	10	0	-30	0	0	0	6.74134	6.74134	0	0	0	0	0	0	0	0	0	0	
0	1	0	-0	0	0	10	-10	0	-30	0	0	10	10	0	-30	0	0	0	5.63074	5.63074	0	0	0	0	0	0	0	0	0	0	
0	1	0	-0	0	0	10	-10	0	-30	0	0	10	10	0	-30	0	0	0	4.50906	4.50906	0	0	0	0	0	0	0	0	0	0	
0	1	0	-0	0	0	10	-10	0	-30	0	0	10	10	0	-30	0	0	0	3.38738	3.38738	0	0	0	0	0	0	0	0	0	0	
0	1	0	-0	0	0	10	-10	0	-30	0	0	10	10	0	-30	0	0	0	2.259	2.259	0	0	0	0	0	0	0	0	0	0	
0	1	0	-0	0	0	10	-10	0	-30	0	0	10	10	0	-30	0	0	0	1.13062	1.13062	0	0	0	0	0	0	0	0	0	0	
0	1	0	-0	0	0	10	-10	0	-30	0	0	10	10	0	-30	0	0	0	0	0	0	0	0	0	0	0	0	0	0	0	
0	1	0	-0	0	0	10	-10	0	-30	0	0	10	10	0	-30	0	0	0	-1.13062	-1.13062	0	0	0	0	0	0	0	0	0	0	
0	1	0	-0	0	0	10	-10	0	-30	0	0	10	10	0	-30	0	0	0	-2.25897	-2.25897	0	0	0	0	0	0	0	0	0	0	
0	1	0	-0	0	0	10	-10	0	-30	0	0	10	10	0	-30	0	0	0	-3.38733	-3.38733	0	0	0	0	0	0	0	0	0	0	
0	1	0	-0	0	0	10	-10	0	-30	0	0	10	10	0	-30	0	0	0	-4.50901	-4.50901	0	0	0	0	0	0	0	0	0	0	
0	1	0	-0	0	0	10	-10	0	-30	0	0	10	10	0	-30	0	0	0	-5.63069	-5.63069	0	0	0	0	0	0	0	0	0	0	
0	1	0	-0	0	0	10	-10	0	-30	0	0	10	10	0	-30	0	0	0	-6.74128	-6.74128	0	0	0	0	0	0	0	0	0	0	
0	1	0	-0	0	0	10	-10	0	-30	0	0	10	10	0	-30	0	0	0	-7.85187	-7.85187	0	0	0	0	0	0	0	0	0	0	
0	1	0	-0	0	0	10	-10	0	-30	0	0	10	10	0	-30	0	0	0	-8.94694	-8.94694	0	0	0	0	0	0	0	0	0	0	
0	1	0	-0	0	0	10	-10	0	-30	0	0	10	10	0	-30	0	0	0	-10.042	-10.042	0	0	0	0	0	0	0	0	0	0	
0	1	0	-0	0	0	10	-10	0	-30	0	0	10	10	0	-30	0	0	0	-11.1173	-11.1173	0	0	0	0	0	0	0	0	0	0	
0	1	0	-0	0	0	10	-10	0	-30	0	0	10	10	0	-30	0	0	0	-12.1925	-12.1925	0	0	0	0	0	0	0	0	0	0	
0	1	0	-0	0	0	10	-10	0	-30	0	0	10	10	0	-30	0	0	0	-13.2437	-13.2437	0	0	0	0	0	0	0	0	0	0	
0	1	0	-0	0	0	10	-10	0	-30	0	0	10	10	0	-30	0	0	0	-14.295	-14.295	0	0	0	0	0	0	0	0	0	0	
0	1	0	-0	0	0	10	-10	0	-30	0	0	10	10	0	-30	0	0	0	-15.318	-15.318	0	0	0	0	0	0	0	0	0	0	
0	1	0	-0	0	0	10	-10	0	-30	0	0	10	10	0	-30	0	0	0	-16.341	-16.341	0	0	0	0	0	0	0	0	0	0	
0	1	0	-0	0	0	10	-10	0	-30	0	0	10	10	0	-30	0	0	0	-17.3317	-17.3317	0	0	0	0	0	0	0	0	0	0	
0	1	0	-0	0	0	10	-10	0	-30	0	0	10	10	0	-30	0	0	0	-18.3224	-18.3224	0	0	0	0	0	0	0	0	0	0	
0	1	0	-0	0	0	10	-10	0	-30	0	0	10	10	0	-30	0	0	0	-19.2771	-19.2771	0	0	0	0	0	0	0	0	0	0	
0	1	0	-0	0	0	10	-10	0	-30	0	0	10	10	0	-30	0	0	0	-20.2317	-20.2317	0	0	0	0	0	0	0	0	0	0	
0	1	0	-0	0	0	10	-10	0	-30	0	0	10	10	0	-30	0	0	0	-21.1463	-21.1463	0	0	0	0	0	0	0	0	0	0	
0	1	0	-0	0	0	10	-10	0	-30	0	0	10	10	0	-30	0	0	0	-22.061	-22.061	0	0	0	0	0	0	0	0	0	0	
0	1	0	-0	0	0	10	-10	0	-30	0	0	10	10	0	-30	0	0	0	-22.9321	-22.9321	0	0	0	0	0	0	0	0	0	0	
0	1	0	-0	0	0	10	-10	0	-30	0	0	10	10	0	-30	0	0	0	-23.8033	-23.8033	0	0	0	0	0	0	0	0	0	0	
0	1	0	-0	0	0	10	-10	0	-30	0	0	10	10	0	-30	0	0	0	-24.6275	-24.6275	0	0	0	0	0	0	0	0	0	0	
0	1	0	-0	0	0	10	-10	0	-30	0	0	10	10	0	-30	0	0	0	-25.4516	-25.4516	0	0	0	0	0	0	0	0	0	0	
0	1	0	-0	0	0	10	-10	0	-30	0	0	10	10	0	-30	0	0	0	-26.2256	-26.2256	0	0	0	0	0	0	0	0	0	0	
0	1	0	-0	0	0	10	-10	0	-30	0	0	10	10	0	-30	0	0	0	-26.9995	-26.9995	0	0	0	0	0	0	0	0	0	0	
0	1	0	-0	0	0	10	-10	0	-30	0	0	10	10	0	-30	0	0	0	-27.7202	-27.7202	0	0	0	0	0	0	0	0	0	0	
0	1	0	-0	0	0	10	-10	0	-30	0	0	10	10	0	-30	0	0	0	-28.4409	-28.4409	0	0	0	0	0	0	0	0	0	0	
0	1	0	-0	0	0	10	-10	0	-30	0	0	10	10	0	-30	0	0	0	-29.1054	-29.1054	0	0	0	0	0	0	0	0	0	0	
0	1	0	-0	0	0	10	-10	0	-30	0	0	10	10	0	-30	0	0	0	-29.77	-29.77	0	0	0	0	0	0	0	0	0	0	
0	1	0	-0	0	0	10	-10	0	-30	0	0	10	10	0	-30	0	0	0	-30.3758	-30.3758	0	0	0	0	0	0	0	0	0	0	
0	1	0	-0	0	0	10	-10	0	-30	0	0	10	10	0	-30	0	0	0	-30.9816	-30.9816	0	0	0	0	0	0	0	0	0	0	
0	1	0	-0	0	0	10	-10	0	-30	0	0	10	10	0	-30	0	0	0	-31.5263	-31.5263	0	0	0	0	0	0	0	0	0	0	
0	1	0	-0	0	0	10	-10	0	-30	0	0	10	10	0	-30	0	0	0	-32.0709	-32.0709	0	0	0	0	0	0	0	0	0	0	
0	1	0	-0	0	0	10	-10	0	-30	0	0	10	10	0	-30	0	0	0	-32.5523	-32.5523	0	0	0	0	0	0	0	0	0	0	
0	1	0	-0	0	0	10	-10	0	-30	0	0	10	10	0	-30	0	0	0	-33.0338	-33.0338	0	0	0	0	0	0	0	0	0	0	
0	1	0	-0	0	0	10	-10	0	-30	0	0	10	10	0	-30	0	0	0	-33.4499	-33.4499	0	0	0	0	0	0	0	0	0	0	
0	1	0	-0	0	0	10	-10	0	-30	0	0	10	10	0	-30	0	0	0	-33.8661	-33.8661	0	0	0	0	0	0	0	0	0	0	
0	1	0	-0	0	0	10	-10	0	-30	0	0	10	10	0	-30	0	0	0	-34.2155	-34.2155	0	0	0	0	0	0	0	0	0	0	
0	1	0	-0	0	0	10	-10	0	-30	0	0	10	10	0	-30	0	0	0	-34.5649	-34.5649	0	0	0	0	0	0	0	0	0	0	
0	1	0	-0	0	0	10	-10	0	-30	0	0	10	10	0	-30	0	0	0	-34.8461	-34.8461	0	0	0	0	0	0	0	0	0	0	
0	1	0	-0	0	0	10	-10	0	-30	0	0	10	10	0	-30	0	0	0	-35.1272	-35.1272	0	0	0	0	0	0	0	0	0	0	
0	1	0	-0	0	0	10	-10	0	-30	0	0	10	10	0	-30	0	0	0	-35.3391	-35.3391	0	0	0	0	0	0	0	0	0	0	
0	1	0	-0	0	0	10	-10	0	-30	0	0	10	10	0	-30	0	0	0	-35.5509	-35.5509	0	0	0	0	0	0	0	0	0	0	
0	1	0	-0	0	0	10	-10	0	-30	0	0	10	10	0	-30	0	0	0	-35.6926	-35.6926	0	0	0	0	0	0	0	0	0	0	
0	1	0	-0	0	0	10	-10	0	-30	0	0	10	10	0	-30	0	0	0	-35.8344	-35.8344	0	0	0	0	0	0	0	0	0	0	
0	1	0	-0	0	0	10	-10	0	-30	0	0	10	10	0	-30	0	0	0	-35.9053	-35.9053	0	0	0	0	0	0	0	0	0	0	
0	1	0	-0	0	0	10	-10	0	-30	0	0	10	10	0	-30	0	0	0	-35.9763	-35.9763	0	0	0	0	0	0	0	0	0	0	
0	1	0	-0	0	0	10	-10	0	-30	0	0	10	10	0	-30	0	0	0	-35.9763	-35.9763	0	0	0	0	0	0	0	0	0	0	
0	1	0	-0	0	0	10	-10	0	-30	0	0	10	10	0	-30	0	0	0	-35.9762	-35.9762	0	0	0	0	0	0	0	0	0	0	
0	1	0	-0	0	0	10	-10	0	-30	0	0	10	10	0	-30	0	0	0	-35.9053	-35.9053	0	0	0	0	0	0	0	0	0	0	
0	1	0	-0	0	0	10	-10	0	-30	0	0	10	10	0	-30	0	0	0	-35.8344	-35.8344	0	0	0	0	0	0	0	0	0	0	
0	1	0	-0	0	0	10	-10	0	-30	0	0	10	10	0	-30	0	0	0	-35.6926	-35.6926	0	0	0	0	0	0	0	0	0	0	
0	1	0	-0	0	0	10	-10	0	-30	0	0	10	10	0	-30	0	0	0	-35.5509	-35.5509	0	0	0	0	0	0	0	0	0	0	
0	1	0	-0	0	0	10	-10	0	-30	0	0	10	10	0	-30	0	0	0	-35.3391	-35.3391	0	0	0	0	0	0	0	0	0	0	
0	1	0	-0	0	0	10	-10	0	-30	0	0	10	10	0	-30	0	0	0	-35.1273	-35.1273	0	0	0	0	0	0	0	0	0	0	
0	1	0	-0	0	0	10	-10	0	-30	0	0	10	10	0	-30	0	0	0	-34.8461	-34.8461	0	0	0	0	0	0	0	0	0	0	
0	1	0	-0	0	0	10	-10	0	-30	0	0	10	10	0	-30	0	0	0	-34.5649	-34.5649	0	0	0	0	0	0	0	0	0	0	
0	1	0	-0	0	0	10	-10	0	-30	0	0	10	10	0	-30	0	0	0	-34.2155	-34.2155	0	0	0	0	0	0	0	0	0	0	
0	1	0	-0	0	0	10	-10	0	-30	0	0	10	10	0	-30	0	0	0	-33.8662	-33.8662	0	0	0	0	0	0	0	0	0	0	
0	1	0	-0	0	0	10	-10	0	-30	0	0	10	10	0	-30	0	0	0	-33.45	-33.45	0	0	0	0	0	0	0	0	0	0	
0	1	0	-0	0	0	10	-10	0	-30	0	0	10	10	0	-30	0	0	0	-33.0338	-33.0338	0	0	0	0	0	0	0	0	0	0	
0	1	0	-0	0	0	10	-10	0	-30	0	0	10	10	0	-30	0	0	0	-32.5524	-32.5524	0	0	0	0	0	0	0	0	0	0	
0	1	0	-0	0	0	10	-10	0	-30	0	0	10	10	0	-30	0	0	0	-32.071	-32.071	0	0	0	0	0	0	0	0	0	0	
0	1	0	-0	0	0	10	-10	0	-30	0	0	10	10	0	-30	0	0	0	-31.5263	-31.5263	0	0	0	0	0	0	0	0	0	0	
0	1	0	-0	0	0	10	-10	0	-30	0	0	10	10	0	-30	0	0	0	-30.9816	-30.9816	0	0	0	0	0	0	0	0	0	0	
0	1	0	-0	0	0	10	-10	0	-30	0	0	10	10	0	-30	0	0	0	-30.3758	-30.3758	0	0	0	0	0	0	0	0	0	0	
0	1	0	-0	0	0	10	-10	0	-30	0	0	10	10	0	-30	0	0	0	-29.77	-29.77	0	0	0	0	0	0	0	0	0	0	
0	1	0	-0	0	0	10	-10	0	-30	0	0	10	10	0	-30	0	0	0	-29.1055	-29.1055	0	0	0	0	0	0	0	0	0	0	
0	1	0	-0	0	0	10	-10	0	-30	0	0	10	10	0	-30	0	0	0	-28.4409	-28.4409	0	0	0	0	0	0	0	0	0	0	
0	1	0	-0	0	0	10	-10	0	-30	0	0	10	10	0	-30	0	0	0	-27.7202	-27.7202	0	0	0	0	0	0	0	0	0	0	
0	1	0	-0	0	0	10	-10	0	-30	0	0	10	10	0	-30	0	0	0	-26.9995	-26.9995	0	0	0	0	0	0	0	0	0	0	
0	1	0	-0	0	0	10	-10	0	-30	0	0	10	10	0	-30	0	0	0	-26.2256	-26.2256	0	0	0	0	0	0	0	0	0	0	
0	1	0	-0	0	0	10	-10	0	-30	0	0	10	10	0	-30	0	0	0	-25.4517	-25.4517	0	0	0	0	0	0	0	0	0	0	
0	1	0	-0	0	0	10	-10	0	-30	0	0	10	10	0	-30	0	0	0	-24.6275	-24.6275	0	0	0	0	0	0	0	0	0	0	
0	1	0	-0	0	0	10	-10	0	-30	0	0	10	10	0	-30	0	0	0	-23.8034	-23.8034	0	0	0	0	0	0	0	0	0	0	
0	1	0	-0	0	0	10	-10	0	-30	0	0	10	10	0	-30	0	0	0	-22.9322	-22.9322	0	0	0	0	0	0	0	0	0	0	
0	1	0	-0	0	0	10	-10	0	-30	0	0	10	10	0	-30	0	0	0	-22.0611	-22.0611	0	0	0	0	0	0	0	0	0	0	
0	1	0	-0	0	0	10	-10	0	-30	0	0	10	10	0	-30	0	0	0	-21.1464	-21.1464	0	0	0	0	0	0	0	0	0	0	
0	1	0	-0	0	0	10	-10	0	-30	0	0	10	10	0	-30	0	0	0	-20.2317	-20.2317	0	0	0	0	0	0	0	0	0	0	
0	1	0	-0	0	0	10	-10	0	-30	0	0	10	10	0	-30	0	0	0	-19.277	-19.277	0	0	0	0	0	0	0	0	0	0	
0	1	0	-0	0	0	10	-10	0	-30	0	0	10	10	0	-30	0	0	0	-18.3224	-18.3224	0	0	0	0	0	0	0	0	0	0	
0	1	0	-0	0	0	10	-10	0	-30	0	0	10	10	0	-30	0	0	0	-17.3317	-17.3317	0	0	0	0	0	0	0	0	0	0	
0	1	0	-0	0	0	10	-10	0	-30	0	0	10	10	0	-30	0	0	0	-16.3411	-16.3411	0	0	0	0	0	0	0	0	0	0	
0	1	0	-0	0	0	10	-10	0	-30	0	0	10	10	0	-30	0	0	0	-15.3181	-15.3181	0	0	0	0	0	0	0	0	0	0	
0	1	0	-0	0	0	10	-10	0	-30	0	0	10	10	0	-30	0	0	0	-14.295	-14.295	0	0	0	0	0	0	0	0	0	0	
0	1	0	-0	0	0	10	-10	0	-30	0	0	10	10	0	-30	0	0	0	-13.2437	-13.2437	0	0	0	0	0	0	0	0	0	0	
0	1	0	-0	0	0	10	-10	0	-30	0	0	10	10	0	-30	0	0	0	-12.1925	-12.1925	0	0	0	0	0	0	0	0	0	0	
0	1	0	-0	0	0	10	-10	0	-30	0	0	10	10	0	-30	0	0	0	-11.1172	-11.1172	0	0	0	0	0	0	0	0	0	0	
0	1	0	-0	0	0	10	-10	0	-30	0	0	10	10	0	-30	0	0	0	-10.042	-10.042	0	0	0	0	0	0	0	0	0	0	
0	1	0	-0	0	0	10	-10	0	-30	0	0	10	10	0	-30	0	0	0	-8.94699	-8.94699	0	0	0	0	0	0	0	0	0	0	
0	1	0	-0	0	0	10	-10	0	-30	0	0	10	10	0	-30	0	0	0	-7.85199	-7.85199	0	0	0	0	0	0	0	0	0	0	
0	1	0	-0	0	0	10	-10	0	-30	0	0	10	10	0	-30	0	0	0	-6.74134	-6.74134	0	0	0	0	0	0	0	0	0	0	
0	1	0	-0	0	0	10	-10	0	-30	0	0	10	10	0	-30	0	0	0	-5.63069	-5.63069	0	0	0	0	0	0	0	0	0	0	
0	1	0	-0	0	0	10	-10	0	-30	0	0	10	10	0	-30	0	0	0	-4.50901	-4.50901	0	0	0	0	0	0	0	0	0	0	
0	1	0	-0	0	0	10	-10	0	-30	0	0	10	10	0	-30	0	0	0	-3.38733	-3.38733	0	0	0	0	0	0	0	0	0	0	
0	1	0	-0	0	0	10	-10	0	-30	0	0	10	10	0	-30	0	0	0	-2.25897	-2.25897	0	0	0	0	0	0	0	0	0	0	
0	1	0	-0	0	0	10	-10	0	-30	0	0	10	10	0	-30	0	0	0	-1.13062	-1.13062	0	0	0	0	0	0	0	0	0	0	
0	1	0	-0	0	0	10	-10	0	-30	0	0	10	10	0	-30	0	0	-0.353429	0	0	0	0	0	0	0	0	0	0	0	0	
0	1	0	-0	0	0	10	-10	0	-30	0	0	10	10	0	-30	0	0	-0.706858	1.13062	1.13062	0	0	0	0	0	0	0	0	0	0	
0	1	0	-0	0	0	10	-10	0	-30	0	0	10	10	0	-30	0	0	-1.41326	2.25897	2.25897	0	0	0	0	0	0	0	0	0	0	
0	1	0	-0	0	0	10	-10	0	-30	0	0	10	10	0	-30	0	0	-2.11966	3.38733	3.38733	0	0	0	0	0	0	0	0	0	0	
0	1	0	-0	0	0	10	-10	0	-30	0	0	10	10	0	-30	0	0	-2.82508	4.50901	4.50901	0	0	0	0	0	0	0	0	0	0	
0	1	0	-0	0	0	10	-10	0	-30	0	0	10	10	0	-30	0	0	-3.53051	5.63069	5.63069	0	0	0	0	0	0	0	0	0	0	
0	1	0	-0	0	0	10	-10	0	-30	0	0	10	10	0	-30	0	0	-4.23419	6.74128	6.74128	0	0	0	0	0	0	0	0	0	0	
0	1	0	-0	0	0	10	-10	0	-30	0	0	10	10	0	-30	0	0	-4.93786	7.85187	7.85187	0	0	0	0	0	0	0	0	0	0	
0	1	0	-0	0	0	10	-10	0	-30	0	0	10	10	0	-30	0	0	-5.63914	8.94694	8.94694	0	0	0	0	0	0	0	0	0	0	
0	1	0	-0	0	0	10	-10	0	-30	0	0	10	10	0	-30	0	0	-6.34041	10.042	10.042	0	0	0	0	0	0	0	0	0	0	
0	1	0	-0	0	0	10	-10	0	-30	0	0	10	10	0	-30	0	0	-7.03839	11.1172	11.1172	0	0	0	0	0	0	0	0	0	0	
0	1	0	-0	0	0	10	-10	0	-30	0	0	10	10	0	-30	0	0	-7.73636	12.1925	12.1925	0	0	0	0	0	0	0	0	0	0	
0	1	0	-0	0	0	10	-10	0	-30	0	0	10	10	0	-30	0	0	-8.43076	13.2437	13.2437	0	0	0	0	0	0	0	0	0	0	
0	1	0	-0	0	0	10	-10	0	-30	0	0	10	10	0	-30	0	0	-9.12516	14.295	14.295	0	0	0	0	0	0	0	0	0	0	
0	1	0	-0	0	0	10	-10	0	-30	0	0	10	10	0	-30	0	0	-9.81482	15.318	15.318	0	0	0	0	0	0	0	0	0	0	
0	1	0	-0	0	0	10	-10	0	-30	0	0	10	10	0	-30	0	0	-10.5045	16.341	16.341	0	0	0	0	0	0	0	0	0	0	
0	1	0	-0	0	0	10	-10	0	-30	0	0	10	10	0	-30	0	0	-11.1891	17.3317	17.3317	0	0	0	0	0	0	0	0	0	0	
0	1	0	-0	0	0	10	-10	0	-30	0	0	10	10	0	-30	0	0	-11.8738	18.3225	18.3225	0	0	0	0	0	0	0	0	0	0	
0	1	0	-0	0	0	10	-10	0	-30	0	0	10	10	0	-30	0	0	-12.5526	19.2771	19.2771	0	0	0	0	0	0	0	0	0	0	
0	1	0	-0	0	0	10	-10	0	-30	0	0	10	10	0	-30	0	0	-13.2313	20.2317	20.2317	0	0	0	0	0	0	0	0	0	0	
0	1	0	-0	0	0	10	-10	0	-30	0	0	10	10	0	-30	0	0	-13.9035	21.1463	21.1463	0	0	0	0	0	0	0	0	0	0	
0	1	0	-0	0	0	10	-10	0	-30	0	0	10	10	0	-30	0	0	-14.5758	22.0609	22.0609	0	0	0	0	0	0	0	0	0	0	
0	1	0	-0	0	0	10	-10	0	-30	0	0	10	10	0	-30	0	0	-15.2407	22.9321	22.9321	0	0	0	0	0	0	0	0	0	0	
0	1	0	-0	0	0	10	-10	0	-30	0	0	10	10	0	-30	0	0	-15.9057	23.8032	23.8032	0	0	0	0	0	0	0	0	0	0	
0	1	0	-0	0	0	10	-10	0	-30	0	0	10	10	0	-30	0	0	-16.5628	24.6275	24.6275	0	0	0	0	0	0	0	0	0	0	
0	1	0	-0	0	0	10	-10	0	-30	0	0	10	10	0	-30	0	0	-17.22	25.4517	25.4517	0	0	0	0	0	0	0	0	0	0	
0	1	0	-0	0	0	10	-10	0	-30	0	0	10	10	0	-30	0	0	-17.8687	26.2256	26.2256	0	0	0	0	0	0	0	0	0	0	
0	1	0	-0	0	0	10	-10	0	-30	0	0	10	10	0	-30	0	0	-18.5174	26.9995	26.9995	0	0	0	0	0	0	0	0	0	0	
0	1	0	-0	0	0	10	-10	0	-30	0	0	10	10	0	-30	0	0	-19.1569	27.7202	27.7202	0	0	0	0	0	0	0	0	0	0	
0	1	0	-0	0	0	10	-10	0	-30	0	0	10	10	0	-30	0	0	-19.7964	28.4409	28.4409	0	0	0	0	0	0	0	0	0	0	
0	1	0	-0	0	0	10	-10	0	-30	0	0	10	10	0	-30	0	0	-20.4262	29.1055	29.1055	0	0	0	0	0	0	0	0	0	0	
0	1	0	-0	0	0	10	-10	0	-30	0	0	10	10	0	-30	0	0	-21.056	29.77	29.77	0	0	0	0	0	0	0	0	0	0	
0	1	0	-0	0	0	10	-10	0	-30	0	0	10	10	0	-30	0	0	-21.6754	30.3758	30.3758	0	0	0	0	0	0	0	0	0	0	
0	1	0	-0	0	0	10	-10	0	-30	0	0	10	10	0	-30	0	0	-22.2948	30.9815	30.9815	0	0	0	0	0	0	0	0	0	0	
0	1	0	-0	0	0	10	-10	0	-30	0	0	10	10	0	-30	0	0	-22.9031	31.5263	31.5263	0	0	0	0	0	0	0	0	0	0	
0	1	0	-0	0	0	10	-10	0	-30	0	0	10	10	0	-30	0	0	-23.5114	32.071	32.071	0	0	0	0	0	0	0	0	0	0	
0	1	0	-0	0	0	10	-10	0	-30	0	0	10	10	0	-30	0	0	-24.1082	32.5524	32.5524	0	0	0	0	0	0	0	0	0	0	
0	1	0	-0	0	0	10	-10	0	-30	0	0	10	10	0	-30	0	0	-24.705	33.0338	33.0338	0	0	0	0	0	0	0	0	0	0	
0	1	0	-0	0	0	10	-10	0	-30	0	0	10	10	0	-30	0	0	-25.2896	33.4499	33.4499	0	0	0	0	0	0	0	0	0	0	
0	1	0	-0	0	0	10	-10	0	-30	0	0	10	10	0	-30	0	0	-25.8743	33.8661	33.8661	0	0	0	0	0	0	0	0	0	0	
0	1	0	-0	0	0	10	-10	0	-30	0	0	10	10	0	-30	0	0	-26.446	34.2155	34.2155	0	0	0	0	0	0	0	0	0	0	
0	1	0	-0	0	0	10	-10	0	-30	0	0	10	10	0	-30	0	0	-27.0178	34.5649	34.5649	0	0	0	0	0	0	0	0	0	0	
0	1	0	-0	0	0	10	-10	0	-30	0	0	10	10	0	-30	0	0	-27.5763	34.8461	34.8461	0	0	0	0	0	0	0	0	0	0	
0	1	0	-0	0	0	10	-10	0	-30	0	0	10	10	0	-30	0	0	-28.1347	35.1272	35.1272	0	0	0	0	0	0	0	0	0	0	
0	1	0	-0	0	0	10	-10	0	-30	0	0	10	10	0	-30	0	0	-28.6793	35.3391	35.3391	0	0	0	0	0	0	0	0	0	0	
0	1	0	-0	0	0	10	-10	0	-30	0	0	10	10	0	-30	0	0	-29.2238	35.5509	35.5509	0	0	0	0	0	0	0	0	0	0	
0	1	0	-0	0	0	10	-10	0	-30	0	0	10	10	0	-30	0	0	-29.7541	35.6926	35.6926	0	0	0	0	0	0	0	0	0	0	
0	1	0	-0	0	0	10	-10	0	-30	0	0	10	10	0	-30	0	0	-30.2843	35.8344	35.8344	0	0	0	0	0	0	0	0	0	0	
0	1	0	-0	0	0	10	-10	0	-30	0	0	10	10	0	-30	0	0	-30.7996	35.9053	35.9053	0	0	0	0	0	0	0	0	0	0	
0	1	0	-0	0	0	10	-10	0	-30	0	0	10	10	0	-30	0	0	-31.3148	35.9763	35.9763	0	0	0	0	0	0	0	0	0	0	
0	1	0	-0	0	0	10	-10	0	-30	0	0	10	10	0	-30	0	0	-31.8146	35.9763	35.9763	0	0	0	0	0	0	0	0	0	0	
0	1	0	-0	0	0	10	-10	0	-30	0	0	10	10	0	-30	0	0	-32.3144	35.9762	35.9762	0	0	0	0	0	0	0	0	0	0	
0	1	0	-0	0	0	10	-10	0	-30	0	0	10	10	0	-30	0	0	-32.7983	35.9053	35.9053	0	0	0	0	0	0	0	0	0	0	
0	1	0	-0	0	0	10	-10	0	-30	0	0	10	10	0	-30	0	0	-33.2821	35.8344	35.8344	0	0	0	0	0	0	0	0	0	0	
0	1	0	-0	0	0	10	-10	0	-30	0	0	10	10	0	-30	0	0	-33.7494	35.6926	35.6926	0	0	0	0	0	0	0	0	0	0	
0	1	0	-0	0	0	10	-10	0	-30	0	0	10	10	0	-30	0	0	-34.2168	35.5509	35.5509	0	0	0	0	0	0	0	0	0	0	
0	1	0	-0	0	0	10	-10	0	-30	0	0	10	10	0	-30	0	0	-34.6673	35.3391	35.3391	0	0	0	0	0	0	0	0	0	0	
0	1	0	-0	0	0	10	-10	0	-30	0	0	10	10	0	-30	0	0	-35.1179	35.1273	35.1273	0	0	0	0	0	0	0	0	0	0	
0	1	0	-0	0	0	10	-10	0	-30	0	0	10	10	0	-30	0	0	-35.5512	34.8461	34.8461	0	0	0	0	0	0	0	0	0	0	
0	1	0	-0	0	0	10	-10	0	-30	0	0	10	10	0	-30	0	0	-35.9845	34.5649	34.5649	0	0	0	0	0	0	0	0	0	0	
0	1	0	-0	0	0	10	-10	0	-30	0	0	10	10	0	-30	0	0	-36.3998	34.2155	34.2155	0	0	0	0	0	0	0	0	0	0	
0	1	0	-0	0	0	10	-10	0	-30	0	0	10	10	0	-30	0	0	-36.8151	33.8662	33.8662	0	0	0	0	0	0	0	0	0	0	
0	1	0	-0	0	0	10	-10	0	-30	0	0	10	10	0	-30	0	0	-37.2124	33.4499	33.4499	0	0	0	0	0	0	0	0	0	0	
0	1	0	-0	0	0	10	-10	0	-30	0	0	10	10	0	-30	0	0	-37.6098	33.0337	33.0337	0	0	0	0	0	0	0	0	0	0	
0	1	0	-0	0	0	10	-10	0	-30	0	0	10	10	0	-30	0	0	-37.9885	32.5523	32.5523	0	0	0	0	0	0	0	0	0	0	
0	1	0	-0	0	0	10	-10	0	-30	0	0	10	10	0	-30	0	0	-38.3673	32.071	32.071	0	0	0	0	0	0	0	0	0	0	
0	1	0	-0	0	0	10	-10	0	-30	0	0	10	10	0	-30	0	0	-38.7271	31.5263	31.5263	0	0	0	0	0	0	0	0	0	0	
0	1	0	-0	0	0	10	-10	0	-30	0	0	10	10	0	-30	0	0	-39.0868	30.9816	30.9816	0	0	0	0	0	0	0	0	0	0	
0	1	0	-0	0	0	10	-10	0	-30	0	0	10	10	0	-30	0	0	-39.4273	30.3758	30.3758	0	0	0	0	0	0	0	0	0	0	
0	1	0	-0	0	0	10	-10	0	-30	0	0	10	10	0	-30	0	0	-39.7679	29.77	29.77	0	0	0	0	0	0	0	0	0	0	
0	1	0	-0	0	0	10	-10	0	-30	0	0	10	10	0	-30	0	0	-40.0886	29.1055	29.1055	0	0	0	0	0	0	0	0	0	0	
0	1	0	-0	0	0	10	-10	0	-30	0	0	10	10	0	-30	0	0	-40.4093	28.4409	28.4409	0	0	0	0	0	0	0	0	0	0	
0	1	0	-0	0	0	10	-10	0	-30	0	0	10	10	0	-30	0	0	-40.7104	27.7202	27.7202	0	0	0	0	0	0	0	0	0	0	
0	1	0	-0	0	0	10	-10	0	-30	0	0	10	10	0	-30	0	0	-41.0115	26.9995	26.9995	0	0	0	0	0	0	0	0	0	0	
0	1	0	-0	0	0	10	-10	0	-30	0	0	10	10	0	-30	0	0	-41.2922	26.2256	26.2256	0	0	0	0	0	0	0	0	0	0	
0	1	0	-0	0	0	10	-10	0	-30	0	0	10	10	0	-30	0	0	-41.5728	25.4517	25.4517	0	0	0	0	0	0	0	0	0	0	
0	1	0	-0	0	0	10	-10	0	-30	0	0	10	10	0	-30	0	0	-41.8331	24.6275	24.6275	0	0	0	0	0	0	0	0	0	0	
0	1	0	-0	0	0	10	-10	0	-30	0	0	10	10	0	-30	0	0	-42.0934	23.8034	23.8034	0	0	0	0	0	0	0	0	0	0	
0	1	0	-0	0	0	10	-10	0	-30	0	0	10	10	0	-30	0	0	-42.3328	22.9322	22.9322	0	0	0	0	0	0	0	0	0	0	
0	1	0	-0	0	0	10	-10	0	-30	0	0	10	10	0	-30	0	0	-42.5721	22.0611	22.0611	0	0	0	0	0	0	0	0	0	0	
0	1	0	-0	0	0	10	-10	0	-30	0	0	10	10	0	-30	0	0	-42.7905	21.1464	21.1464	0	0	0	0	0	0	0	0	0	0	
0	1	0	-0	0	0	10	-10	0	-30	0	0	10	10	0	-30	0	0	-43.0089	20.2317	20.2317	0	0	0	0	0	0	0	0	0	0	
0	1	0	-0	0	0	10	-10	0	-30	0	0	10	10	0	-30	0	0	-43.2061	19.2771	19.2771	0	0	0	0	0	0	0	0	0	0	
0	1	0	-0	0	0	10	-10	0	-30	0	0	10	10	0	-30	0	0	-43.4033	18.3224	18.3224	0	0	0	0	0	0	0	0	0	0	
0	1	0	-0	0	0	10	-10	0	-30	0	0	10	10	0	-30	0	0	-43.579	17.3317	17.3317	0	0	0	0	0	0	0	0	0	0	
0	1	0	-0	0	0	10	-10	0	-30	0	0	10	10	0	-30	0	0	-43.7547	16.341	16.341	0	0	0	0	0	0	0	0	0	0	
0	1	0	-0	0	0	10	-10	0	-30	0	0	10	10	0	-30	0	0	-43.909	15.318	15.318	0	0	0	0	0	0	0	0	0	0	
0	1	0	-0	0	0	10	-10	0	-30	0	0	10	10	0	-30	0	0	-44.0633	14.295	14.295	0	0	0	0	0	0	0	0	0	0	
0	1	0	-0	0	0	10	-10	0	-30	0	0	10	10	0	-30	0	0	-44.1957	13.2438	13.2438	0	0	0	0	0	0	0	0	0	0	
0	1	0	-0	0	0	10	-10	0	-30	0	0	10	10	0	-30	0	0	-44.3281	12.1926	12.1926	0	0	0	0	0	0	0	0	0	0	
0	1	0	-0	0	0	10	-10	0	-30	0	0	10	10	0	-30	0	0	-44.4386	11.1173	11.1173	0	0	0	0	0	0	0	0	0	0	
0	1	0	-0	0	0	10	-10	0	-30	0	0	10	10	0	-30	0	0	-44.5491	10.042	10.042	0	0	0	0	0	0	0	0	0	0	
0	1	0	-0	0	0	10	-10	0	-30	0	0	10	10	0	-30	0	0	-44.6378	8.94697	8.94697	0	0	0	0	0	0	0	0	0	0	
0	1	0	-0	0	0	10	-10	0	-30	0	0	10	10	0	-30	0	0	-44.7265	7.85193	7.85193	0	0	0	0	0	0	0	0	0	0	
0	1	0	-0	0	0	10	-10	0	-30	0	0	10	10	0	-30	0	0	-44.7929	6.74134	6.74134	0	0	0	0	0	0	0	0	0	0	
0	1	0	-0	0	0	10	-10	0	-30	0	0	10	10	0	-30	0	0	-44.8594	5.63074	5.63074	0	0	0	0	0	0	0	0	0	0	
0	1	0	-0	0	0	10	-10	0	-30	0	0	10	10	0	-30	0	0	-44.9038	4.50906	4.50906	0	0	0	0	0	0	0	0	0	0	
0	1	0	-0	0	0	10	-10	0	-30	0	0	10	10	0	-30	0	0	-44.9482	3.38738	3.38738	0	0	0	0	0	0	0	0	0	0	
0	1	0	-0	0	0	10	-10	0	-30	0	0	10	10	0	-30	0	0	-44.9704	2.259	2.259	0	0	0	0	0	0	0	0	0	0	
0	1	0	-0	0	0	10	-10	0	-30	0	0	10	10	0	-30	0	0	-44.9926	1.13062	1.13062	0	0	0	0	0	0	0	0	0	0	
0	1	0	-0	0	0	10	-10	0	-30	0	0	10	10	0	-30	0	0	-44.9926	0.565309	0.565309	0	0	0	0	0	0	0	0	0	0	
0	1	0	-0	0	0	10	-10	0	-30	0	0	10	10	0	-30	0	0	-44.9926	0	0	0	0	0	0	0	0	0	0	0	0	
0	1	0	-0	0	0	10	-10	0	-30	0	0	10	10	0	-30	0	0	-44.9703	0	0	0	0	0	0	0	0	0	0	0	0	
0	1	0	-0	0	0	10	-10	0	-30	0	0	10	10	0	-30	0	0	-44.9481	0	0	0	0	0	0	0	0	0	0	0	0	
0	1	0	-0	0	0	10	-10	0	-30	0	0	10	10	0	-30	0	0	-44.9038	0	0	0	0	0	0	0	0	0	0	0	0	
0	1	0	-0	0	0	10	-10	0	-30	0	0	10	10	0	-30	0	0	-44.8595	0	0	0	0	0	0	0	0	0	0	0	0	
0	1	0	-0	0	0	10	-10	0	-30	0	0	10	10	0	-30	0	0	-44.793	0	0	0	0	0	0	0	0	0	0	0	0	
0	1	0	-0	0	0	10	-10	0	-30	0	0	10	10	0	-30	0	0	-44.7265	0	0	0	0	0	0	0	0	0	0	0	0	
0	1	0	-0	0	0	10	-10	0	-30	0	0	10	10	0	-30	0	0	-44.6379	0	0	0	0	0	0	0	0	0	0	0	0	
0	1	0	-0	0	0	10	-10	0	-30	0	0	10	10	0	-30	0	0	-44.5492	0	0	0	0	0	0	0	0	0	0	0	0	
0	1	0	-0	0	0	10	-10	0	-30	0	0	10	10	0	-30	0	0	-44.4386	0	0	0	0	0	0	0	0	0	0	0	0	
0	1	0	-0	0	0	10	-10	0	-30	0	0	10	10	0	-30	0	0	-44.3279	0	0	0	0	0	0	0	0	0	0	0	0	
0	1	0	-0	0	0	10	-10	0	-30	0	0	10	10	0	-30	0	0	-44.1956	0	0	0	0	0	0	0	0	0	0	0	0	
0	1	0	-0	0	0	10	-10	0	-30	0	0	10	10	0	-30	0	0	-44.0633	0	0	0	0	0	0	0	0	0	0	0	0	
0	1	0	-0	0	0	10	-10	0	-30	0	0	10	10	0	-30	0	0	-43.9091	0	0	0	0	0	0	0	0	0	0	0	0	
0	1	0	-0	0	0	10	-10	0	-30	0	0	10	10	0	-30	0	0	-43.7548	0	0	0	0	0	0	0	0	0	0	0	0	
0	1	0	-0	0	0	10	-10	0	-30	0	0	10	10	0	-30	0	0	-43.5791	0	0	0	0	0	0	0	0	0	0	0	0	
0	1	0	-0	0	0	10	-10	0	-30	0	0	10	10	0	-30	0	0	-43.4034	0	0	0	0	0	0	0	0	0	0	0	0	
0	1	0	-0	0	0	10	-10	0	-30	0	0	10	10	0	-30	0	0	-43.2061	0	0	0	0	0	0	0	0	0	0	0	0	
0	1	0	-0	0	0	10	-10	0	-30	0	0	10	10	0	-30	0	0	-43.0088	0	0	0	0	0	0	0	0	0	0	0	0	
0	1	0	-0	0	0	10	-10	0	-30	0	0	10	10	0	-30	0	0	-42.7906	0	0	0	0	0	0	0	0	0	0	0	0	
0	1	0	-0	0	0	10	-10	0	-30	0	0	10	10	0	-30	0	0	-42.5723	0	0	0	0	0	0	0	0	0	0	0	0	
0	1	0	-0	0	0	10	-10	0	-30	0	0	10	10	0	-30	0	0	-42.3328	0	0	0	0	0	0	0	0	0	0	0	0	
0	1	0	-0	0	0	10	-10	0	-30	0	0	10	10	0	-30	0	0	-42.0932	0	0	0	0	0	0	0	0	0	0	0	0	
0	1	0	-0	0	0	10	-10	0	-30	0	0	10	10	0	-30	0	0	-41.833	0	0	0	0	0	0	0	0	0	0	0	0	
0	1	0	-0	0	0	10	-10	0	-30	0	0	10	10	0	-30	0	0	-41.5728	0	0	0	0	0	0	0	0	0	0	0	0	
0	1	0	-0	0	0	10	-10	0	-30	0	0	10	10	0	-30	0	0	-41.2922	0	0	0	0	0	0	0	0	0	0	0	0	
0	1	0	-0	0	0	10	-10	0	-30	0	0	10	10	0	-30	0	0	-41.0116	0	0	0	0	0	0	0	0	0	0	0	0	
0	1	0	-0	0	0	10	-10	0	-30	0	0	10	10	0	-30	0	0	-40.7105	0	0	0	0	0	0	0	0	0	0	0	0	
0	1	0	-0	0	0	10	-10	0	-30	0	0	10	10	0	-30	0	0	-40.4094	0	0	0	0	0	0	0	0	0	0	0	0	
0	1	0	-0	0	0	10	-10	0	-30	0	0	10	10	0	-30	0	0	-40.0887	0	0	0	0	0	0	0	0	0	0	0	0	
0	1	0	-0	0	0	10	-10	0	-30	0	0	10	10	0	-30	0	0	-39.7679	0	0	0	0	0	0	0	0	0	0	0	0	
0	1	0	-0	0	0	10	-10	0	-30	0	0	10	10	0	-30	0	0	-39.4273	0	0	0	0	0	0	0	0	0	0	0	0	
0	1	0	-0	0	0	10	-10	0	-30	0	0	10	10	0	-30	0	0	-39.0868	0	0	0	0	0	0	0	0	0	0	0	0	
0	1	0	-0	0	0	10	-10	0	-30	0	0	10	10	0	-30	0	0	-38.727	0	0	0	0	0	0	0	0	0	0	0	0	
0	1	0	-0	0	0	10	-10	0	-30	0	0	10	10	0	-30	0	0	-38.3673	0	0	0	0	0	0	0	0	0	0	0	0	
0	1	0	-0	0	0	10	-10	0	-30	0	0	10	10	0	-30	0	0	-37.9885	0	0	0	0	0	0	0	0	0	0	0	0	
0	1	0	-0	0	0	10	-10	0	-30	0	0	10	10	0	-30	0	0	-37.6098	0	0	0	0	0	0	0	0	0	0	0	0	
0	1	0	-0	0	0	10	-10	0	-30	0	0	10	10	0	-30	0	0	-37.2125	0	0	0	0	0	0	0	0	0	0	0	0	
0	1	0	-0	0	0	10	-10	0	-30	0	0	10	10	0	-30	0	0	-36.8152	0	0	0	0	0	0	0	0	0	0	0	0	
0	1	0	-0	0	0	10	-10	0	-30	0	0	10	10	0	-30	0	0	-36.3998	0	0	0	0	0	0	0	0	0	0	0	0	
0	1	0	-0	0	0	10	-10	0	-30	0	0	10	10	0	-30	0	0	-35.9843	0	0	0	0	0	0	0	0	0	0	0	0	
0	1	0	-0	0	0	10	-10	0	-30	0	0	10	10	0	-30	0	0	-35.5511	0	0	0	0	0	0	0	0	0	0	0	0	
0	1	0	-0	0	0	10	-10	0	-30	0	0	10	10	0	-30	0	0	-35.118	0	0	0	0	0	0	0	0	0	0	0	0	
0	1	0	-0	0	0	10	-10	0	-30	0	0	10	10	0	-30	0	0	-34.6674	0	0	0	0	0	0	0	0	0	0	0	0	
0	1	0	-0	0	0	10	-10	0	-30	0	0	10	10	0	-30	0	0	-34.2169	0	0	0	0	0	0	0	0	0	0	0	0	
0	1	0	-0	0	0	10	-10	0	-30	0	0	10	10	0	-30	0	0	-33.7494	0	0	0	0	0	0	0	0	0	0	0	0	
0	1	0	-0	0	0	10	-10	0	-30	0	0	10	10	0	-30	0	0	-33.282	0	0	0	0	0	0	0	0	0	0	0	0	
0	1	0	-0	0	0	10	-10	0	-30	0	0	10	10	0	-30	0	0	-32.7982	0	0	0	0	0	0	0	0	0	0	0	0	
0	1	0	-0	0	0	10	-10	0	-30	0	0	10	10	0	-30	0	0	-32.3145	0	0	0	0	0	0	0	0	0	0	0	0	
0	1	0	-0	0	0	10	-10	0	-30	0	0	10	10	0	-30	0	0	-31.8146	0	0	0	0	0	0	0	0	0	0	0	0	
0	1	0	-0	0	0	10	-10	0	-30	0	0	10	10	0	-30	0	0	-31.3147	0	0	0	0	0	0	0	0	0	0	0	0	
0	1	0	-0	0	0	10	-10	0	-30	0	0	10	10	0	-30	0	0	-30.7995	0	0	0	0	0	0	0	0	0	0	0	0	
0	1	0	-0	0	0	10	-10	0	-30	0	0	10	10	0	-30	0	0	-30.2844	0	0	0	0	0	0	0	0	0	0	0	0	
0	1	0	-0	0	0	10	-10	0	-30	0	0	10	10	0	-30	0	0	-29.7542	0	0	0	0	0	0	0	0	0	0	0	0	
0	1	0	-0	0	0	10	-10	0	-30	0	0	10	10	0	-30	0	0	-29.224	0	0	0	0	0	0	0	0	0	0	0	0	
0	1	0	-0	0	0	10	-10	0	-30	0	0	10	10	0	-30	0	0	-28.6794	0	0	0	0	0	0	0	0	0	0	0	0	
0	1	0	-0	0	0	10	-10	0	-30	0	0	10	10	0	-30	0	0	-28.1347	0	0	0	0	0	0	0	0	0	0	0	0	
0	1	0	-0	0	0	10	-10	0	-30	0	0	10	10	0	-30	0	0	-27.5763	0	0	0	0	0	0	0	0	0	0	0	0	
0	1	0	-0	0	0	10	-10	0	-30	0	0	10	10	0	-30	0	0	-27.0178	0	0	0	0	0	0	0	0	0	0	0	0	
0	1	0	-0	0	0	10	-10	0	-30	0	0	10	10	0	-30	0	0	-26.446	0	0	0	0	0	0	0	0	0	0	0	0	
0	1	0	-0	0	0	10	-10	0	-30	0	0	10	10	0	-30	0	0	-25.8741	0	0	0	0	0	0	0	0	0	0	0	0	
0	1	0	-0	0	0	10	-10	0	-30	0	0	10	10	0	-30	0	0	-25.2896	0	0	0	0	0	0	0	0	0	0	0	0	
0	1	0	-0	0	0	10	-10	0	-30	0	0	10	10	0	-30	0	0	-24.7051	0	0	0	0	0	0	0	0	0	0	0	0	
0	1	0	-0	0	0	10	-10	0	-30	0	0	10	10	0	-30	0	0	-24.1083	0	0	0	0	0	0	0	0	0	0	0	0	
0	1	0	-0	0	0	10	-10	0	-30	0	0	10	10	0	-30	0	0	-23.5114	0	0	0	0	0	0	0	0	0	0	0	0	
0	1	0	-0	0	0	10	-10	0	-30	0	0	10	10	0	-30	0	0	-22.9031	0	0	0	0	0	0	0	0	0	0	0	0	
0	1	0	-0	0	0	10	-10	0	-30	0	0	10	10	0	-30	0	0	-22.2948	0	0	0	0	0	0	0	0	0	0	0	0	
0	1	0	-0	0	0	10	-10	0	-30	0	0	10	10	0	-30	0	0	-21.6753	0	0	0	0	0	0	0	0	0	0	0	0	
0	1	0	-0	0	0	10	-10	0	-30	0	0	10	10	0	-30	0	0	-21.0559	0	0	0	0	0	0	0	0	0	0	0	0	
0	1	0	-0	0	0	10	-10	0	-30	0	0	10	10	0	-30	0	0	-20.4263	0	0	0	0	0	0	0	0	0	0	0	0	
0	1	0	-0	0	0	10	-10	0	-30	0	0	10	10	0	-30	0	0	-19.7966	0	0	0	0	0	0	0	0	0	0	0	0	
0	1	0	-0	0	0	10	-10	0	-30	0	0	10	10	0	-30	0	0	-19.157	0	0	0	0	0	0	0	0	0	0	0	0	
0	1	0	-0	0	0	10	-10	0	-30	0	0	10	10	0	-30	0	0	-18.5173	0	0	0	0	0	0	0	0	0	0	0	0	
0	1	0	-0	0	0	10	-10	0	-30	0	0	10	10	0	-30	0	0	-17.8687	0	0	0	0	0	0	0	0	0	0	0	0	
0	1	0	-0	0	0	10	-10	0	-30	0	0	10	10	0	-30	0	0	-17.2201	0	0	0	0	0	0	0	0	0	0	0	0	
0	1	0	-0	0	0	10	-10	0	-30	0	0	10	10	0	-30	0	0	-16.5629	0	0	0	0	0	0	0	0	0	0	0	0	
0	1	0	-0	0	0	10	-10	0	-30	0	0	10	10	0	-30	0	0	-15.9057	0	0	0	0	0	0	0	0	0	0	0	0	
0	1	0	-0	0	0	10	-10	0	-30	0	0	10	10	0	-30	0	0	-15.2407	0	0	0	0	0	0	0	0	0	0	0	0	
0	1	0	-0	0	0	10	-10	0	-30	0	0	10	10	0	-30	0	0	-14.5758	0	0	0	0	0	0	0	0	0	0	0	0	
0	1	0	-0	0	0	10	-10	0	-30	0	0	10	10	0	-30	0	0	-13.9035	0	0	0	0	0	0	0	0	0	0	0	0	
0	1	0	-0	0	0	10	-10	0	-30	0	0	10	10	0	-30	0	0	-13.2313	0	0	0	0	0	0	0	0	0	0	0	0	
0	1	0	-0	0	0	10	-10	0	-30	0	0	10	10	0	-30	0	0	-12.5525	0	0	0	0	0	0	0	0	0	0	0	0	
0	1	0	-0	0	0	10	-10	0	-30	0	0	10	10	0	-30	0	0	-11.8737	0	0	0	0	0	0	0	0	0	0	0	0	
0	1	0	-0	0	0	10	-10	0	-30	0	0	10	10	0	-30	0	0	-11.1892	0	0	0	0	0	0	0	0	0	0	0	0	
0	1	0	-0	0	0	10	-10	0	-30	0	0	10	10	0	-30	0	0	-10.5047	0	0	0	0	0	0	0	0	0	0	0	0	
0	1	0	-0	0	0	10	-10	0	-30	0	0	10	10	0	-30	0	0	-9.81491	0	0	0	0	0	0	0	0	0	0	0	0	
0	1	0	-0	0	0	10	-10	0	-30	0	0	10	10	0	-30	0	0	-9.12516	0	0	0	0	0	0	0	0	0	0	0	0	
0	1	0	-0	0	0	10	-10	0	-30	0	0	10	10	0	-30	0	0	-8.43084	0	0	0	0	0	0	0	0	0	0	0	0	
0	1	0	-0	0	0	10	-10	0	-30	0	0	10	10	0	-30	0	0	-7.73653	0	0	0	0	0	0	0	0	0	0	0	0	
0	1	0	-0	0	0	10	-10	0	-30	0	0	10	10	0	-30	0	0	-7.03841	0	0	0	0	0	0	0	0	0	0	0	0	
0	1	0	-0	0	0	10	-10	0	-30	0	0	10	10	0	-30	0	0	-6.34029	0	0	0	0	0	0	0	0	0	0	0	0	
0	1	0	-0	0	0	10	-10	0	-30	0	0	10	10	0	-30	0	0	-5.63908	0	0	0	0	0	0	0	0	0	0	0	0	
0	1	0	-0	0	0	10	-10	0	-30	0	0	10	10	0	-30	0	0	-4.93786	0	0	0	0	0	0	0	0	0	0	0	0	
0	1	0	-0	0	0	10	-10	0	-30	0	0	10	10	0	-30	0	0	-4.23419	0	0	0	0	0	0	0	0	0	0	0	0	
0	1	0	-0	0	0	10	-10	0	-30	0	0	10	10	0	-30	0	0	-3.53051	0	0	0	0	0	0	0	0	0	0	0	0	
0	1	0	-0	0	0	10	-10	0	-30	0	0	10	10	0	-30	0	0	-2.82514	0	0	0	0	0	0	0	0	0	0	0	0	
0	1	0	-0	0	0	10	-10	0	-30	0	0	10	10	0	-30	0	0	-2.11977	0	0	0	0	0	0	0	0	0	0	0	0	
0	1	0	-0	0	0	10	-10	0	-30	0	0	10	10	0	-30	0	0	-1.41326	0	0	0	0	0	0	0	0	0	0	0	0	
0	1	0	-0	0	0	10	-10	0	-30	0	0	10	10	0	-30	0	0	-0.706743	0	0	0	0	0	0	0	0	0	0	0	0	
0	1	0	-0	0	0	10	-10	0	-30	0	0	10	10	0	-30	0	0	-0.353372	-0.565309	-0.565309	0	0	0	0	0	0	0	0	0	0	
0	1	0	-0	0	0	10	-10	0	-30	0	0	10	10	0	-30	0	0	0	-1.13062	-1.13062	0	0	0	0	0	0	0	0	0	0	
0	1	0	-0	0	0	10	-10	0	-30	0	0	10	10	0	-30	0	0	0	-2.25897	-2.25897	0	0	0	0	0	0	0	0	0	0	
0	1	0	-0	0	0	10	-10	0	-30	0	0	10	10	0	-30	0	0	0	-3.38733	-3.38733	0	0	0	0	0	0	0	0	0	0	
0	1	0	-0	0	0	10	-10	0	-30	0	0	10	10	0	-30	0	0	0	-4.50901	-4.50901	0	0	0	0	0	0	0	0	0	0	
0	1	0	-0	0	0	10	-10	0	-30	0	0	10	10	0	-30	0	0	0	-5.63069	-5.63069	0	0	0	0	0	0	0	0	0	0	
0	1	0	-0	0	0	10	-10	0	-30	0	0	10	10	0	-30	0	0	0	-6.74128	-6.74128	0	0	0	0	0	0	0	0	0	0	
0	1	0	-0	0	0	10	-10	0	-30	0	0	10	10	0	-30	0	0	0	-7.85187	-7.85187	0	0	0	0	0	0	0	0	0	0	
0	1	0	-0	0	0	10	-10	0	-30	0	0	10	10	0	-30	0	0	0	-8.94694	-8.94694	0	0	0	0	0	0	0	0	0	0	
0	1	0	-0	0	0	10	-10	0	-30	0	0	10	10	0	-30	0	0	0	-10.042	-10.042	0	0	0	0	0	0	0	0	0	0	
0	1	0	-0	0	0	10	-10	0	-30	0	0	10	10	0	-30	0	0	0	-11.1173	-11.1173	0	0	0	0	0	0	0	0	0	0	
0	1	0	-0	0	0	10	-10	0	-30	0	0	10	10	0	-30	0	0	0	-12.1925	-12.1925	0	0	0	0	0	0	0	0	0	0	
0	1	0	-0	0	0	10	-10	0	-30	0	0	10	10	0	-30	0	0	0	-13.2437	-13.2437	0	0	0	0	0	0	0	0	0	0	
0	1	0	-0	0	0	10	-10	0	-30	0	0	10	10	0	-30	0	0	0	-14.295	-14.295	0	0	0	0	0	0	0	0	0	0	
0	1	0	-0	0	0	10	-10	0	-30	0	0	10	10	0	-30	0	0	0	-15.318	-15.318	0	0	0	0	0	0	0	0	0	0	
0	1	0	-0	0	0	10	-10	0	-30	0	0	10	10	0	-30	0	0	0	-16.341	-16.341	0	0	0	0	0	0	0	0	0	0	
0	1	0	-0	0	0	10	-10	0	-30	0	0	10	10	0	-30	0	0	0	-17.3317	-17.3317	0	0	0	0	0	0	0	0	0	0	
0	1	0	-0	0	0	10	-10	0	-30	0	0	10	10	0	-30	0	0	0	-18.3224	-18.3224	0	0	0	0	0	0	0	0	0	0	
0	1	0	-0	0	0	10	-10	0	-30	0	0	10	10	0	-30	0	0	0	-19.2771	-19.2771	0	0	0	0	0	0	0	0	0	0	
0	1	0	-0	0	0	10	-10	0	-30	0	0	10	10	0	-30	0	0	0	-20.2317	-20.2317	0	0	0	0	0	0	0	0	0	0	
0	1	0	-0	0	0	10	-10	0	-30	0	0	10	10	0	-30	0	0	0	-21.1463	-21.1463	0	0	0	0	0	0	0	0	0	0	
0	1	0	-0	0	0	10	-10	0	-30	0	0	10	10	0	-30	0	0	0	-22.061	-22.061	0	0	0	0	0	0	0	0	0	0	
0	1	0	-0	0	0	10	-10	0	-30	0	0	10	10	0	-30	0	0	0	-22.9321	-22.9321	0	0	0	0	0	0	0	0	0	0	
0	1	0	-0	0	0	10	-10	0	-30	0	0	10	10	0	-30	0	0	0	-23.8033	-23.8033	0	0	0	0	0	0	0	0	0	0	
0	1	0	-0	0	0	10	-10	0	-30	0	0	10	10	0	-30	0	0	0	-24.6275	-24.6275	0	0	0	0	0	0	0	0	0	0	
0	1	0	-0	0	0	10	-10	0	-30	0	0	10	10	0	-30	0	0	0	-25.4516	-25.4516	0	0	0	0	0	0	0	0	0	0	
0	1	0	-0	0	0	10	-10	0	-30	0	0	10	10	0	-30	0	0	0	-26.2256	-26.2256	0	0	0	0	0	0	0	0	0	0	
0	1	0	-0	0	0	10	-10	0	-30	0	0	10	10	0	-30	0	0	0	-26.9995	-26.9995	0	0	0	0	0	0	0	0	0	0	
0	1	0	-0	0	0	10	-10	0	-30	0	0	10	10	0	-30	0	0	0	-27.7202	-27.7202	0	0	0	0	0	0	0	0	0	0	
0	1	0	-0	0	0	10	-10	0	-30	0	0	10	10	0	-30	0	0	0	-28.4409	-28.4409	0	0	0	0	0	0	0	0	0	0	
0	1	0	-0	0	0	10	-10	0	-30	0	0	10	10	0	-30	0	0	0	-29.1054	-29.1054	0	0	0	0	0	0	0	0	0	0	
0	1	0	-0	0	0	10	-10	0	-30	0	0	10	10	0	-30	0	0	0	-29.77	-29.77	0	0	0	0	0	0	0	0	0	0	
0	1	0	-0	0	0	10	-10	0	-30	0	0	10	10	0	-30	0	0	0	-30.3758	-30.3758	0	0	0	0	0	0	0	0	0	0	
0	1	0	-0	0	0	10	-10	0	-30	0	0	10	10	0	-30	0	0	0	-30.9816	-30.9816	0	0	0	0	0	0	0	0	0	0	
0	1	0	-0	0	0	10	-10	0	-30	0	0	10	10	0	-30	0	0	0	-31.5263	-31.5263	0	0	0	0	0	0	0	0	0	0	
0	1	0	-0	0	0	10	-10	0	-30	0	0	10	10	0	-30	0	0	0	-32.0709	-32.0709	0	0	0	0	0	0	0	0	0	0	
0	1	0	-0	0	0	10	-10	0	-30	0	0	10	10	0	-30	0	0	0	-32.5523	-32.5523	0	0	0	0	0	0	0	0	0	0	
0	1	0	-0	0	0	10	-10	0	-30	0	0	10	10	0	-30	0	0	0	-33.0338	-33.0338	0	0	0	0	0	0	0	0	0	0	
0	1	0	-0	0	0	10	-10	0	-30	0	0	10	10	0	-30	0	0	0	-33.4499	-33.4499	0	0	0	0	0	0	0	0	0	0	
0	1	0	-0	0	0	10	-10	0	-30	0	0	10	10	0	-30	0	0	0	-33.8661	-33.8661	0	0	0	0	0	0	0	0	0	0	
0	1	0	-0	0	0	10	-10	0	-30	0	0	10	10	0	-30	0	0	0	-34.2155	-34.2155	0	0	0	0	0	0	0	0	0	0	
0	1	0	-0	0	0	10	-10	0	-30	0	0	10	10	0	-30	0	0	0	-34.5649	-34.5649	0	0	0	0	0	0	0	0	0	0	
0	1	0	-0	0	0	10	-10	0	-30	0	0	10	10	0	-30	0	0	0	-34.8461	-34.8461	0	0	0	0	0	0	0	0	0	0	
0	1	0	-0	0	0	10	-10	0	-30	0	0	10	10	0	-30	0	0	0	-35.1272	-35.1272	0	0	0	0	0	0	0	0	0	0	
0	1	0	-0	0	0	10	-10	0	-30	0	0	10	10	0	-30	0	0	0	-35.3391	-35.3391	0	0	0	0	0	0	0	0	0	0	
0	1	0	-0	0	0	10	-10	0	-30	0	0	10	10	0	-30	0	0	0	-35.5509	-35.5509	0	0	0	0	0	0	0	0	0	0	
0	1	0	-0	0	0	10	-10	0	-30	0	0	10	10	0	-30	0	0	0	-35.6926	-35.6926	0	0	0	0	0	0	0	0	0	0	
0	1	0	-0	0	0	10	-10	0	-30	0	0	10	10	0	-30	0	0	0	-35.8344	-35.8344	0	0	0	0	0	0	0	0	0	0	
0	1	0	-0	0	0	10	-10	0	-30	0	0	10	10	0	-30	0	0	0	-35.9053	-35.9053	0	0	0	0	0	0	0	0	0	0	
0	1	0	-0	0	0	10	-10	0	-30	0	0	10	10	0	-30	0	0	0	-35.9763	-35.9763	0	0	0	0	0	0	0	0	0	0	
0	1	0	-0	0	0	10	-10	0	-30	0	0	10	10	0	-30	0	0	0	-35.9763	-35.9763	0	0	0	0	0	0	0	0	0	0	
0	1	0	-0	0	0	10	-10	0	-30	0	0	10	10	0	-30	0	0	0	-35.9762	-35.9762	0	0	0	0	0	0	0	0	0	0	
0	1	0	-0	0	0	10	-10	0	-30	0	0	10	10	0	-30	0	0	0	-35.9053	-35.9053	0	0	0	0	0	0	0	0	0	0	
0	1	0	-0	0	0	10	-10	0	-30	0	0	10	10	0	-30	0	0	0	-35.8344	-35.8344	0	0	0	0	0	0	0	0	0	0	
0	1	0	-0	0	0	10	-10	0	-30	0	0	10	10	0	-30	0	0	0	-35.6926	-35.6926	0	0	0	0	0	0	0	0	0	0	
0	1	0	-0	0	0	10	-10	0	-30	0	0	10	10	0	-30	0	0	0	-35.5509	-35.5509	0	0	0	0	0	0	0	0	0	0	
0	1	0	-0	0	0	10	-10	0	-30	0	0	10	10	0	-30	0	0	0	-35.3391	-35.3391	0	0	0	0	0	0	0	0	0	0	
0	1	0	-0	0	0	10	-10	0	-30	0	0	10	10	0	-30	0	0	0	-35.1273	-35.1273	0	0	0	0	0	0	0	0	0	0	
0	1	0	-0	0	0	10	-10	0	-30	0	0	10	10	0	-30	0	0	0	-34.8461	-34.8461	0	0	0	0	0	0	0	0	0	0	
0	1	0	-0	0	0	10	-10	0	-30	0	0	10	10	0	-30	0	0	0	-34.5649	-34.5649	0	0	0	0	0	0	0	0	0	0	
0	1	0	-0	0	0	10	-10	0	-30	0	0	10	10	0	-30	0	0	0	-34.2155	-34.2155	0	0	0	0	0	0	0	0	0	0	
0	1	0	-0	0	0	10	-10	0	-30	0	0	10	10	0	-30	0	0	0	-33.8662	-33.8662	0	0	0	0	0	0	0	0	0	0	
0	1	0	-0	0	0	10	-10	0	-30	0	0	10	10	0	-30	0	0	0	-33.45	-33.45	0	0	0	0	0	0	0	0	0	0	
0	1	0	-0	0	0	10	-10	0	-30	0	0	10	10	0	-30	0	0	0	-33.0338	-33.0338	0	0	0	0	0	0	0	0	0	0	
0	1	0	-0	0	0	10	-10	0	-30	0	0	10	10	0	-30	0	0	0	-32.5524	-32.5524	0	0	0	0	0	0	0	0	0	0	
0	1	0	-0	0	0	10	-10	0	-30	0	0	10	10	0	-30	0	0	0	-32.071	-32.071	0	0	0	0	0	0	0	0	0	0	
0	1	0	-0	0	0	10	-10	0	-30	0	0	10	10	0	-30	0	0	0	-31.5263	-31.5263	0	0	0	0	0	0	0	0	0	0	
0	1	0	-0	0	0	10	-10	0	-30	0	0	10	10	0	-30	0	0	0	-30.9816	-30.9816	0	0	0	0	0	0	0	0	0	0	
0	1	0	-0	0	0	10	-10	0	-30	0	0	10	10	0	-30	0	0	0	-30.3758	-30.3758	0	0	0	0	0	0	0	0	0	0	
0	1	0	-0	0	0	10	-10	0	-30	0	0	10	10	0	-30	0	0	0	-29.77	-29.77	0	0	0	0	0	0	0	0	0	0	
0	1	0	-0	0	0	10	-10	0	-30	0	0	10	10	0	-30	0	0	0	-29.1055	-29.1055	0	0	0	0	0	0	0	0	0	0	
0	1	0	-0	0	0	10	-10	0	-30	0	0	10	10	0	-30	0	0	0	-28.4409	-28.4409	0	0	0	0	0	0	0	0	0	0	
0	1	0	-0	0	0	10	-10	0	-30	0	0	10	10	0	-30	0	0	0	-27.7202	-27.7202	0	0	0	0	0	0	0	0	0	0	
0	1	0	-0	0	0	10	-10	0	-30	0	0	10	10	0	-30	0	0	0	-26.9995	-26.9995	0	0	0	0	0	0	0	0	0	0	
0	1	0	-0	0	0	10	-10	0	-30	0	0	10	10	0	-30	0	0	0	-26.2256	-26.2256	0	0	0	0	0	0	0	0	0	0	
0	1	0	-0	0	0	10	-10	0	-30	0	0	10	10	0	-30	0	0	0	-25.4517	-25.4517	0	0	0	0	0	0	0	0	0	0	
0	1	0	-0	0	0	10	-10	0	-30	0	0	10	10	0	-30	0	0	0	-24.6275	-24.6275	0	0	0	0	0	0	0	0	0	0	
0	1	0	-0	0	0	10	-10	0	-30	0	0	10	10	0	-30	0	0	0	-23.8034	-23.8034	0	0	0	0	0	0	0	0	0	0	
0	1	0	-0	0	0	10	-10	0	-30	0	0	10	10	0	-30	0	0	0	-22.9322	-22.9322	0	0	0	0	0	0	0	0	0	0	
0	1	0	-0	0	0	10	-10	0	-30	0	0	10	10	0	-30	0	0	0	-22.0611	-22.0611	0	0	0	0	0	0	0	0	0	0	
0	1	0	-0	0	0	10	-10	0	-30	0	0	10	10	0	-30	0	0	0	-21.1464	-21.1464	0	0	0	0	0	0	0	0	0	0	
0	1	0	-0	0	0	10	-10	0	-30	0	0	10	10	0	-30	0	0	0	-20.2317	-20.2317	0	0	0	0	0	0	0	0	0	0	
0	1	0	-0	0	0	10	-10	0	-30	0	0	10	10	0	-30	0	0	0	-19.277	-19.277	0	0	0	0	0	0	0	0	0	0	
0	1	0	-0	0	0	10	-10	0	-30	0	0	10	10	0	-30	0	0	0	-18.3224	-18.3224	0	0	0	0	0	0	0	0	0	0	
0	1	0	-0	0	0	10	-10	0	-30	0	0	10	10	0	-30	0	0	0	-17.3317	-17.3317	0	0	0	0	0	0	0	0	0	0	
0	1	0	-0	0	0	10	-10	0	-30	0	0	10	10	0	-30	0	0	0	-16.3411	-16.3411	0	0	0	0	0	0	0	0	0	0	
0	1	0	-0	0	0	10	-10	0	-30	0	0	10	10	0	-30	0	0	0	-15.3181	-15.3181	0	0	0	0	0	0	0	0	0	0	
0	1	0	-0	0	0	10	-10	0	-30	0	0	10	10	0	-30	0	0	0	-14.295	-14.295	0	0	0	0	0	0	0	0	0	0	
0	1	0	-0	0	0	10	-10	0	-30	0	0	10	10	0	-30	0	0	0	-13.2437	-13.2437	0	0	0	0	0	0	0	0	0	0	
0	1	0	-0	0	0	10	-10	0	-30	0	0	10	10	0	-30	0	0	0	-12.1925	-12.1925	0	0	0	0	0	0	0	0	0	0	
0	1	0	-0	0	0	10	-10	0	-30	0	0	10	10	0	-30	0	0	0	-11.1172	-11.1172	0	0	0	0	0	0	0	0	0	0	
0	1	0	-0	0	0	10	-10	0	-30	0	0	10	10	0	-30	0	0	0	-10.042	-10.042	0	0	0	0	0	0	0	0	0	0	
0	1	0	-0	0	0	10	-10	0	-30	0	0	10	10	0	-30	0	0	0	-8.94699	-8.94699	0	0	0	0	0	0	0	0	0	0	
0	1	0	-0	0	0	10	-10	0	-30	0	0	10	10	0	-30	0	0	0	-7.85199	-7.85199	0	0	0	0	0	0	0	0	0	0	
0	1	0	-0	0	0	10	-10	0	-30	0	0	10	10	0	-30	0	0	0	-6.74134	-6.74134	0	0	0	0	0	0	0	0	0	0	
0	1	0	-0	0	0	10	-10	0	-30	0	0	10	10	0	-30	0	0	0	-5.63069	-5.63069	0	0	0	0	0	0	0	0	0	0	
0	1	0	-0	0	0	10	-10	0	-30	0	0	10	10	0	-30	0	0	0	-4.50901	-4.50901	0	0	0	0	0	0	0	0	0	0	
0	1	0	-0	0	0	10	-10	0	-30	0	0	10	10	0	-30	0	0	0	-3.38733	-3.38733	0	0	0	0	0	0	0	0	0	0	
0	1	0	-0	0	0	10	-10	0	-30	0	0	10	10	0	-30	0	0	0	-2.25897	-2.25897	0	0	0	0	0	0	0	0	0	0	
0	1	0	-0	0	0	10	-10	0	-30	0	0	10	10	0	-30	0	0	0	-1.13062	-1.13062	0	0	0	0	0	0	0	0	0	0	
0	1	0	-0	0	0	10	-10	0	-30	0	0	10	10	0	-30	0	0	0	0	0	0	0	0	0	0	0	0	0	0	0	
0	1	0	-0	0	0	10	-10	0	-30	0	0	10	10	0	-30	0	0	0	1.13062	1.13062	0	0	0	0	0	0	0	0	0	0	
0	1	0	-0	0	0	10	-10	0	-30	0	0	10	10	0	-30	0	0	0	2.25897	2.25897	0	0	0	0	0	0	0	0	0	0	
0	1	0	-0	0	0	10	-10	0	-30	0	0	10	10	0	-30	0	0	0	3.38733	3.38733	0	0	0	0	0	0	0	0	0	0	
0	1	0	-0	0	0	10	-10	0	-30	0	0	10	10	0	-30	0	0	0	4.50901	4.50901	0	0	0	0	0	0	0	0	0	0	
0	1	0	-0	0	0	10	-10	0	-30	0	0	10	10	0	-30	0	0	0	5.63069	5.63069	0	0	0	0	0	0	0	0	0	0	
0	1	0	-0	0	0	10	-10	0	-30	0	0	10	10	0	-30	0	0	0	6.74128	6.74128	0	0	0	0	0	0	0	0	0	0	
0	1	0	-0	0	0	10	-10	0	-30	0	0	10	10	0	-30	0	0	0	7.85187	7.85187	0	0	0	0	0	0	0	0	0	0	
0	1	0	-0	0	0	10	-10	0	-30	0	0	10	10	0	-30	0	0	0	8.94694	8.94694	0	0	0	0	0	0	0	0	0	0	
0	1	0	-0	0	0	10	-10	0	-30	0	0	10	10	0	-30	0	0	0	10.042	10.042	0	0	0	0	0	0	0	0	0	0	
0	1	0	-0	0	0	10	-10	0	-30	0	0	10	10	0	-30	0	0	0	11.1172	11.1172	0	0	0	0	0	0	0	0	0	0	
0	1	0	-0	0	0	10	-10	0	-30	0	0	10	10	0	-30	0	0	0	12.1925	12.1925	0	0	0	0	0	0	0	0	0	0	
0	1	0	-0	0	0	10	-10	0	-30	0	0	10	10	0	-30	0	0	0	13.2437	13.2437	0	0	0	0	0	0	0	0	0	0	
0	1	0	-0	0	0	10	-10	0	-30	0	0	10	10	0	-30	0	0	0	14.295	14.295	0	0	0	0	0	0	0	0	0	0	
0	1	0	-0	0	0	10	-10	0	-30	0	0	10	10	0	-30	0	0	0	15.318	15.318	0	0	0	0	0	0	0	0	0	0	
0	1	0	-0	0	0	10	-10	0	-30	0	0	10	10	0	-30	0	0	0	16.341	16.341	0	0	0	0	0	0	0	0	0	0	
0	1	0	-0	0	0	10	-10	0	-30	0	0	10	10	0	-30	0	0	0	17.3317	17.3317	0	0	0	0	0	0	0	0	0	0	
0	1	0	-0	0	0	10	-10	0	-30	0	0	10	10	0	-30	0	0	0	18.3225	18.3225	0	0	0	0	0	0	0	0	0	0	
0	1	0	-0	0	0	10	-10	0	-30	0	0	10	10	0	-30	0	0	0	19.2771	19.2771	0	0	0	0	0	0	0	0	0	0	
0	1	0	-0	0	0	10	-10	0	-30	0	0	10	10	0	-30	0	0	0	20.2317	20.2317	0	0	0	0	0	0	0	0	0	0	
0	1	0	-0	0	0	10	-10	0	-30	0	0	10	10	0	-30	0	0	0	21.1463	21.1463	0	0	0	0	0	0	0	0	0	0	
0	1	0	-0	0	0	10	-10	0	-30	0	0	10	10	0	-30	0	0	0	22.0609	22.0609	0	0	0	0	0	0	0	0	0	0	
0	1	0	-0	0	0	10	-10	0	-30	0	0	10	10	0	-30	0	0	0	22.9321	22.9321	0	0	0	0	0	0	0	0	0	0	
0	1	0	-0	0	0	10	-10	0	-30	0	0	10	10	0	-30	0	0	0	23.8032	23.8032	0	0	0	0	0	0	0	0	0	0	
0	1	0	-0	0	0	10	-10	0	-30	0	0	10	10	0	-30	0	0	0	24.6275	24.6275	0	0	0	0	0	0	0	0	0	0	
0	1	0	-0	0	0	10	-10	0	-30	0	0	10	10	0	-30	0	0	0	25.4517	25.4517	0	0	0	0	0	0	0	0	0	0	
0	1	0	-0	0	0	10	-10	0	-30	0	0	10	10	0	-30	0	0	0	26.2256	26.2256	0	0	0	0	0	0	0	0	0	0	
0	1	0	-0	0	0	10	-10	0	-30	0	0	10	10	0	-30	0	0	0	26.9995	26.9995	0	0	0	0	0	0	0	0	0	0	
0	1	0	-0	0	0	10	-10	0	-30	0	0	10	10	0	-30	0	0	0	27.7202	27.7202	0	0	0	0	0	0	0	0	0	0	
0	1	0	-0	0	0	10	-10	0	-30	0	0	10	10	0	-30	0	0	0	28.4409	28.4409	0	0	0	0	0	0	0	0	0	0	
0	1	0	-0	0	0	10	-10	0	-30	0	0	10	10	0	-30	0	0	0	29.1055	29.1055	0	0	0	0	0	0	0	0	0	0	
0	1	0	-0	0	0	10	-10	0	-30	0	0	10	10	0	-30	0	0	0	29.77	29.77	0	0	0	0	0	0	0	0	0	0	
0	1	0	-0	0	0	10	-10	0	-30	0	0	10	10	0	-30	0	0	0	30.3758	30.3758	0	0	0	0	0	0	0	0	0	0	
0	1	0	-0	0	0	10	-10	0	-30	0	0	10	10	0	-30	0	0	0	30.9815	30.9815	0	0	0	0	0	0	0	0	0	0	
0	1	0	-0	0	0	10	-10	0	-30	0	0	10	10	0	-30	0	0	0	31.5263	31.5263	0	0	0	0	0	0	0	0	0	0	
0	1	0	-0	0	0	10	-10	0	-30	0	0	10	10	0	-30	0	0	0	32.071	32.071	0	0	0	0	0	0	0	0	0	0	
0	1	0	-0	0	0	10	-10	0	-30	0	0	10	10	0	-30	0	0	0	32.5524	32.5524	0	0	0	0	0	0	0	0	0	0	
0	1	0	-0	0	0	10	-10	0	-30	0	0	10	10	0	-30	0	0	0	33.0338	33.0338	0	0	0	0	0	0	0	0	0	0	
0	1	0	-0	0	0	10	-10	0	-30	0	0	10	10	0	-30	0	0	0	33.4499	33.4499	0	0	0	0	0	0	0	0	0	0	
0	1	0	-0	0	0	10	-10	0	-30	0	0	10	10	0	-30	0	0	0	33.8661	33.8661	0	0	0	0	0	0	0	0	0	0	
0	1	0	-0	0	0	10	-10	0	-30	0	0	10	10	0	-30	0	0	0	34.2155	34.2155	0	0	0	0	0	0	0	0	0	0	
0	1	0	-0	0	0	10	-10	0	-30	0	0	10	10	0	-30	0	0	0	34.5649	34.5649	0	0	0	0	0	0	0	0	0	0	
0	1	0	-0	0	0	10	-10	0	-30	0	0	10	10	0	-30	0	0	0	34.8461	34.8461	0	0	0	0	0	0	0	0	0	0	
0	1	0	-0	0	0	10	-10	0	-30	0	0	10	10	0	-30	0	0	0	35.1272	35.1272	0	0	0	0	0	0	0	0	0	0	
0	1	0	-0	0	0	10	-10	0	-30	0	0	10	10	0	-30	0	0	0	35.3391	35.3391	0	0	0	0	0	0	0	0	0	0	
0	1	0	-0	0	0	10	-10	0	-30	0	0	10	10	0	-30	0	0	0	35.5509	35.5509	0	0	0	0	0	0	0	0	0	0	
0	1	0	-0	0	0	10	-10	0	-30	0	0	10	10	0	-30	0	0	0	35.6926	35.6926	0	0	0	0	0	0	0	0	0	0	
0	1	0	-0	0	0	10	-10	0	-30	0	0	10	10	0	-30	0	0	0	35.8344	35.8344	0	0	0	0	0	0	0	0	0	0	
0	1	0	-0	0	0	10	-10	0	-30	0	0	10	10	0	-30	0	0	0	35.9053	35.9053	0	0	0	0	0	0	0	0	0	0	
0	1	0	-0	0	0	10	-10	0	-30	0	0	10	10	0	-30	0	0	0	35.9763	35.9763	0	0	0	0	0	0	0	0	0	0	
0	1	0	-0	0	0	10	-10	0	-30	0	0	10	10	0	-30	0	0	0	35.9763	35.9763	0	0	0	0	0	0	0	0	0	0	
0	1	0	-0	0	0	10	-10	0	-30	0	0	10	10	0	-30	0	0	0	35.9762	35.9762	0	0	0	0	0	0	0	0	0	0	
0	1	0	-0	0	0	10	-10	0	-30	0	0	10	10	0	-30	0	0	0	35.9053	35.9053	0	0	0	0	0	0	0	0	0	0	
0	1	0	-0	0	0	10	-10	0	-30	0	0	10	10	0	-30	0	0	0	35.8344	35.8344	0	0	0	0	0	0	0	0	0	0	
0	1	0	-0	0	0	10	-10	0	-30	0	0	10	10	0	-30	0	0	0	35.6926	35.6926	0	0	0	0	0	0	0	0	0	0	
0	1	0	-0	0	0	10	-10	0	-30	0	0	10	10	0	-30	0	0	0	35.5509	35.5509	0	0	0	0	0	0	0	0	0	0	
0	1	0	-0	0	0	10	-10	0	-30	0	0	10	10	0	-30	0	0	0	35.3391	35.3391	0	0	0	0	0	0	0	0	0	0	
0	1	0	-0	0	0	10	-10	0	-30	0	0	10	10	0	-30	0	0	0	35.1273	35.1273	0	0	0	0	0	0	0	0	0	0	
0	1	0	-0	0	0	10	-10	0	-30	0	0	10	10	0	-30	0	0	0	34.8461	34.8461	0	0	0	0	0	0	0	0	0	0	
0	1	0	-0	0	0	10	-10	0	-30	0	0	10	10	0	-30	0	0	0	34.5649	34.5649	0	0	0	0	0	0	0	0	0	0	
0	1	0	-0	0	0	10	-10	0	-30	0	0	10	10	0	-30	0	0	0	34.2155	34.2155	0	0	0	0	0	0	0	0	0	0	
0	1	0	-0	0	0	10	-10	0	-30	0	0	10	10	0	-30	0	0	0	33.8662	33.8662	0	0	0	0	0	0	0	0	0	0	
0	1	0	-0	0	0	10	-10	0	-30	0	0	10	10	0	-30	0	0	0	33.4499	33.4499	0	0	0	0	0	0	0	0	0	0	
0	1	0	-0	0	0	10	-10	0	-30	0	0	10	10	0	-30	0	0	0	33.0337	33.0337	0	0	0	0	0	0	0	0	0	0	
0	1	0	-0	0	0	10	-10	0	-30	0	0	10	10	0	-30	0	0	0	32.5523	32.5523	0	0	0	0	0	0	0	0	0	0	
0	1	0	-0	0	0	10	-10	0	-30	0	0	10	10	0	-30	0	0	0	32.071	32.071	0	0	0	0	0	0	0	0	0	0	
0	1	0	-0	0	0	10	-10	0	-30	0	0	10	10	0	-30	0	0	0	31.5263	31.5263	0	0	0	0	0	0	0	0	0	0	
0	1	0	-0	0	0	10	-10	0	-30	0	0	10	10	0	-30	0	0	0	30.9816	30.9816	0	0	0	0	0	0	0	0	0	0	
0	1	0	-0	0	0	10	-10	0	-30	0	0	10	10	0	-30	0	0	0	30.3758	30.3758	0	0	0	0	0	0	0	0	0	0	
0	1	0	-0	0	0	10	-10	0	-30	0	0	10	10	0	-30	0	0	0	29.77	29.77	0	0	0	0	0	0	0	0	0	0	
0	1	0	-0	0	0	10	-10	0	-30	0	0	10	10	0	-30	0	0	0	29.1055	29.1055	0	0	0	0	0	0	0	0	0	0	
0	1	0	-0	0	0	10	-10	0	-30	0	0	10	10	0	-30	0	0	0	28.4409	28.4409	0	0	0	0	0	0	0	0	0	0	
0	1	0	-0	0	0	10	-10	0	-30	0	0	10	10	0	-30	0	0	0	27.7202	27.7202	0	0	0	0	0	0	0	0	0	0	
0	1	0	-0	0	0	10	-10	0	-30	0	0	10	10	0	-30	0	0	0	26.9995	26.9995	0	0	0	0	0	0	0	0	0	0	
0	1	0	-0	0	0	10	-10	0	-30	0	0	10	10	0	-30	0	0	0	26.2256	26.2256	0	0	0	0	0	0	0	0	0	0	
0	1	0	-0	0	0	10	-10	0	-30	0	0	10	10	0	-30	0	0	0	25.4517	25.4517	0	0	0	0	0	0	0	0	0	0	
0	1	0	-0	0	0	10	-10	0	-30	0	0	10	10	0	-30	0	0	0	24.6275	24.6275	0	0	0	0	0	0	0	0	0	0	
0	1	0	-0	0	0	10	-10	0	-30	0	0	10	10	0	-30	0	0	0	23.8034	23.8034	0	0	0	0	0	0	0	0	0	0	
0	1	0	-0	0	0	10	-10	0	-30	0	0	10	10	0	-30	0	0	0	22.9322	22.9322	0	0	0	0	0	0	0	0	0	0	
0	1	0	-0	0	0	10	-10	0	-30	0	0	10	10	0	-30	0	0	0	22.0611	22.0611	0	0	0	0	0	0	0	0	0	0	
0	1	0	-0	0	0	10	-10	0	-30	0	0	10	10	0	-30	0	0	0	21.1464	21.1464	0	0	0	0	0	0	0	0	0	0	
0	1	0	-0	0	0	10	-10	0	-30	0	0	10	10	0	-30	0	0	0	20.2317	20.2317	0	0	0	0	0	0	0	0	0	0	
0	1	0	-0	0	0	10	-10	0	-30	0	0	10	10	0	-30	0	0	0	19.2771	19.2771	0	0	0	0	0	0	0	0	0	0	
0	1	0	-0	0	0	10	-10	0	-30	0	0	10	10	0	-30	0	0	0	18.3224	18.3224	0	0	0	0	0	0	0	0	0	0	
0	1	0	-0	0	0	10	-10	0	-30	0	0	10	10	0	-30	0	0	0	17.3317	17.3317	0	0	0	0	0	0	0	0	0	0	
0	1	0	-0	0	0	10	-10	0	-30	0	0	10	10	0	-30	0	0	0	16.341	16.341	0	0	0	0	0	0	0	0	0	0	
0	1	0	-0	0	0	10	-10	0	-30	0	0	10	10	0	-30	0	0	0	15.318	15.318	0	0	0	0	0	0	0	0	0	0	
0	1	0	-0	0	0	10	-10	0	-30	0	0	10	10	0	-30	0	0	0	14.295	14.295	0	0	0	0	0	0	0	0	0	0	
0	1	0	-0	0	0	10	-10	0	-30	0	0	10	10	0	-30	0	0	0	13.2438	13.2438	0	0	0	0	0	0	0	0	0	0	
0	1	0	-0	0	0	10	-10	0	-30	0	0	10	10	0	-30	0	0	0	12.1926	12.1926	0	0	0	0	0	0	0	0	0	0	
0	1	0	-0	0	0	10	-10	0	-30	0	0	10	10	0	-30	0	0	0	11.1173	11.1173	0	0	0	0	0	0	0	0	0	0	
0	1	0	-0	0	0	10	-10	0	-30	0	0	10	10	0	-30	0	0	0	10.042	10.042	0	0	0	0	0	0	0	0	0	0	
0	1	0	-0	0	0	10	-10	0	-30	0	0	10	10	0	-30	0	0	0	8.94697	8.94697	0	0	0	0	0	0	0	0	0	0	
0	1	0	-0	0	0	10	-10	0	-30	0	0	10	10	0	-30	0	0	0	7.85193	7.85193	0	0	0	0	0	0	0	0	0	0	
0	1	0	-0	0	0	10	-10	0	-30	0	0	10	10	0	-30	0	0	0	6.74134	6.74134	0	0	0	0	0	0	0	0	0	0	
0	1	0	-0	0	0	10	-10	0	-30	0	0	10	10	0	-30	0	0	0	5.63074	5.63074	0	0	0	0	0	0	0	0	0	0	
0	1	0	-0	0	0	10	-10	0	-30	0	0	10	10	0	-30	0	0	0	4.50906	4.50906	0	0	0	0	0	0	0	0	0	0	
0	1	0	-0	0	0	10	-10	0	-30	0	0	10	10	0	-30	0	0	0	3.38738	3.38738	0	0	0	0	0	0	0	0	0	0	
0	1	0	-0	0	0	10	-10	0	-30	0	0	10	10	0	-30	0	0	0	2.259	2.259	0	0	0	0	0	0	0	0	0	0	
0	1	0	-0	0	0	10	-10	0	-30	0	0	10	10	0	-30	0	0	0	1.13062	1.13062	0	0	0	0	0	0	0	0	0	0	
0	1	0	-0	0	0	10	-10	0	-30	0	0	10	10	0	-30	0	0	0	0	0	0	0	0	0	0	0	0	0	0	0	
0	1	0	-0	0	0	10	-10	0	-30	0	0	10	10	0	-30	0	0	0	-1.13062	-1.13062	0	0	0	0	0	0	0	0	0	0	
0	1	0	-0	0	0	10	-10	0	-30	0	0	10	10	0	-30	0	0	0	-2.25897	-2.25897	0	0	0	0	0	0	0	0	0	0	
0	1	0	-0	0	0	10	-10	0	-30	0	0	10	10	0	-30	0	0	0	-3.38733	-3.38733	0	0	0	0	0	0	0	0	0	0	
0	1	0	-0	0	0	10	-10	0	-30	0	0	10	10	0	-30	0	0	0	-4.50901	-4.50901	0	0	0	0	0	0	0	0	0	0	
0	1	0	-0	0	0	10	-10	0	-30	0	0	10	10	0	-30	0	0	0	-5.63069	-5.63069	0	0	0	0	0	0	0	0	0	0	
0	1	0	-0	0	0	10	-10	0	-30	0	0	10	10	0	-30	0	0	0	-6.74128	-6.74128	0	0	0	0	0	0	0	0	0	0	
0	1	0	-0	0	0	10	-10	0	-30	0	0	10	10	0	-30	0	0	0	-7.85187	-7.85187	0	0	0	0	0	0	0	0	0	0	
0	1	0	-0	0	0	10	-10	0	-30	0	0	10	10	0	-30	0	0	0	-8.94694	-8.94694	0	0	0	0	0	0	0	0	0	0	
0	1	0	-0	0	0	10	-10	0	-30	0	0	10	10	0	-30	0	0	0	-10.042	-10.042	0	0	0	0	0	0	0	0	0	0	
0	1	0	-0	0	0	10	-10	0	-30	0	0	10	10	0	-30	0	0	0	-11.1173	-11.1173	0	0	0	0	0	0	0	0	0	0	
0	1	0	-0	0	0	10	-10	0	-30	0	0	10	10	0	-30	0	0	0	-12.1925	-12.1925	0	0	0	0	0	0	0	0	0	0	
0	1	0	-0	0	0	10	-10	0	-30	0	0	10	10	0	-30	0	0	0	-13.2437	-13.2437	0	0	0	0	0	0	0	0	0	0	
0	1	0	-0	0	0	10	-10	0	-30	0	0	10	10	0	-30	0	0	0	-14.295	-14.295	0	0	0	0	0	0	0	0	0	0	
0	1	0	-0	0	0	10	-10	0	-30	0	0	10	10	0	-30	0	0	0	-15.318	-15.318	0	0	0	0	0	0	0	0	0	0	
0	1	0	-0	0	0	10	-10	0	-30	0	0	10	10	0	-30	0	0	0	-16.341	-16.341	0	0	0	0	0	0	0	0	0	0	
0	1	0	-0	0	0	10	-10	0	-30	0	0	10	10	0	-30	0	0	0	-17.3317	-17.3317	0	0	0	0	0	0	0	0	0	0	
0	1	0	-0	0	0	10	-10	0	-30	0	0	10	10	0	-30	0	0	0	-18.3224	-18.3224	0	0	0	0	0	0	0	0	0	0	
0	1	0	-0	0	0	10	-10	0	-30	0	0	10	10	0	-30	0	0	0	-19.2771	-19.2771	0	0	0	0	0	0	0	0	0	0	
0	1	0	-0	0	0	10	-10	0	-30	0	0	10	10	0	-30	0	0	0	-20.2317	-20.2317	0	0	0	0	0	0	0	0	0	0	
0	1	0	-0	0	0	10	-10	0	-30	0	0	10	10	0	-30	0	0	0	-21.1463	-21.1463	0	0	0	0	0	0	0	0	0	0	
0	1	0	-0	0	0	10	-10	0	-30	0	0	10	10	0	-30	0	0	0	-22.061	-22.061	0	0	0	0	0	0	0	0	0	0	
0	1	0	-0	0	0	10	-10	0	-30	0	0	10	10	0	-30	0	0	0	-22.9321	-22.9321	0	0	0	0	0	0	0	0	0	0	
0	1	0	-0	0	0	10	-10	0	-30	0	0	10	10	0	-30	0	0	0	-23.8033	-23.8033	0	0	0	0	0	0	0	0	0	0	
0	1	0	-0	0	0	10	-10	0	-30	0	0	10	10	0	-30	0	0	0	-24.6275	-24.6275	0	0	0	0	0	0	0	0	0	0	
0	1	0	-0	0	0	10	-10	0	-30	0	0	10	10	0	-30	0	0	0	-25.4516	-25.4516	0	0	0	0	0	0	0	0	0	0	
0	1	0	-0	0	0	10	-10	0	-30	0	0	10	10	0	-30	0	0	0	-26.2256	-26.2256	0	0	0	0	0	0	0	0	0	0	
0	1	0	-0	0	0	10	-10	0	-30	0	0	10	10	0	-30	0	0	0	-26.9995	-26.9995	0	0	0	0	0	0	0	0	0	0	
0	1	0	-0	0	0	10	-10	0	-30	0	0	10	10	0	-30	0	0	0	-27.7202	-27.7202	0	0	0	0	0	0	0	0	0	0	
0	1	0	-0	0	0	10	-10	0	-30	0	0	10	10	0	-30	0	0	0	-28.4409	-28.4409	0	0	0	0	0	0	0	0	0	0	
0	1	0	-0	0	0	10	-10	0	-30	0	0	10	10	0	-30	0	0	0	-29.1054	-29.1054	0	0	0	0	0	0	0	0	0	0	
0	1	0	-0	0	0	10	-10	0	-30	0	0	10	10	0	-30	0	0	0	-29.77	-29.77	0	0	0	0	0	0	0	0	0	0	
0	1	0	-0	0	0	10	-10	0	-30	0	0	10	10	0	-30	0	0	0	-30.3758	-30.3758	0	0	0	0	0	0	0	0	0	0	
0	1	0	-0	0	0	10	-10	0	-30	0	0	10	10	0	-30	0	0	0	-30.9816	-30.9816	0	0	0	0	0	0	0	0	0	0	
0	1	0	-0	0	0	10	-10	0	-30	0	0	10	10	0	-30	0	0	0	-31.5263	-31.5263	0	0	0	0	0	0	0	0	0	0	
0	1	0	-0	0	0	10	-10	0	-30	0	0	10	10	0	-30	0	0	0	-32.0709	-32.0709	0	0	0	0	0	0	0	0	0	0	
0	1	0	-0	0	0	10	-10	0	-30	0	0	10	10	0	-30	0	0	0	-32.5523	-32.5523	0	0	0	0	0	0	0	0	0	0	
0	1	0	-0	0	0	10	-10	0	-30	0	0	10	10	0	-30	0	0	0	-33.0338	-33.0338	0	0	0	0	0	0	0	0	0	0	
0	1	0	-0	0	0	10	-10	0	-30	0	0	10	10	0	-30	0	0	0	-33.4499	-33.4499	0	0	0	0	0	0	0	0	0	0	
0	1	0	-0	0	0	10	-10	0	-30	0	0	10	10	0	-30	0	0	0	-33.8661	-33.8661	0	0	0	0	0	0	0	0	0	0	
0	1	0	-0	0	0	10	-10	0	-30	0	0	10	10	0	-30	0	0	0	-34.2155	-34.2155	0	0	0	0	0	0	0	0	0	0	
0	1	0	-0	0	0	10	-10	0	-30	0	0	10	10	0	-30	0	0	0	-34.5649	-34.5649	0	0	0	0	0	0	0	0	0	0	
0	1	0	-0	0	0	10	-10	0	-30	0	0	10	10	0	-30	0	0	0	-34.8461	-34.8461	0	0	0	0	0	0	0	0	0	0	
0	1	0	-0	0	0	10	-10	0	-30	0	0	10	10	0	-30	0	0	0	-35.1272	-35.1272	0	0	0	0	0	0	0	0	0	0	
0	1	0	-0	0	0	10	-10	0	-30	0	0	10	10	0	-30	0	0	0	-35.3391	-35.3391	0	0	0	0	0	0	0	0	0	0	
0	1	0	-0	0	0	10	-10	0	-30	0	0	10	10	0	-30	0	0	0	-35.5509	-35.5509	0	0	0	0	0	0	0	0	0	0	
0	1	0	-0	0	0	10	-10	0	-30	0	0	10	10	0	-30	0	0	0	-35.6926	-35.6926	0	0	0	0	0	0	0	0	0	0	
0	1	0	-0	0	0	10	-10	0	-30	0	0	10	10	0	-30	0	0	0	-35.8344	-35.8344	0	0	0	0	0	0	0	0	0	0	
0	1	0	-0	0	0	10	-10	0	-30	0	0	10	10	0	-30	0	0	0	-35.9053	-35.9053	0	0	0	0	0	0	0	0	0	0	
0	1	0	-0	0	0	10	-10	0	-30	0	0	10	10	0	-30	0	0	0	-35.9763	-35.9763	0	0	0	0	0	0	0	0	0	0	
0	1	0	-0	0	0	10	-10	0	-30	0	0	10	10	0	-30	0	0	0	-35.9763	-35.9763	0	0	0	0	0	0	0	0	0	0	
0	1	0	-0	0	0	10	-10	0	-30	0	0	10	10	0	-30	0	0	0	-35.9762	-35.9762	0	0	0	0	0	0	0	0	0	0	
0	1	0	-0	0	0	10	-10	0	-30	0	0	10	10	0	-30	0	0	0	-35.9053	-35.9053	0	0	0	0	0	0	0	0	0	0	
0	1	0	-0	0	0	10	-10	0	-30	0	0	10	10	0	-30	0	0	0	-35.8344	-35.8344	0	0	0	0	0	0	0	0	0	0	
0	1	0	-0	0	0	10	-10	0	-30	0	0	10	10	0	-30	0	0	0	-35.6926	-35.6926	0	0	0	0	0	0	0	0	0	0	
0	1	0	-0	0	0	10	-10	0	-30	0	0	10	10	0	-30	0	0	0	-35.5509	-35.5509	0	0	0	0	0	0	0	0	0	0	
0	1	0	-0	0	0	10	-10	0	-30	0	0	10	10	0	-30	0	0	0	-35.3391	-35.3391	0	0	0	0	0	0	0	0	0	0	
0	1	0	-0	0	0	10	-10	0	-30	0	0	10	10	0	-30	0	0	0	-35.1273	-35.1273	0	0	0	0	0	0	0	0	0	0	
0	1	0	-0	0	0	10	-10	0	-30	0	0	10	10	0	-30	0	0	0	-34.8461	-34.8461	0	0	0	0	0	0	0	0	0	0	
0	1	0	-0	0	0	10	-10	0	-30	0	0	10	10	0	-30	0	0	0	-34.5649	-34.5649	0	0	0	0	0	0	0	0	0	0	
0	1	0	-0	0	0	10	-10	0	-30	0	0	10	10	0	-30	0	0	0	-34.2155	-34.2155	0	0	0	0	0	0	0	0	0	0	
0	1	0	-0	0	0	10	-10	0	-30	0	0	10	10	0	-30	0	0	0	-33.8662	-33.8662	0	0	0	0	0	0	0	0	0	0	
0	1	0	-0	0	0	10	-10	0	-30	0	0	10	10	0	-30	0	0	0	-33.45	-33.45	0	0	0	0	0	0	0	0	0	0	
0	1	0	-0	0	0	10	-10	0	-30	0	0	10	10	0	-30	0	0	0	-33.0338	-33.0338	0	0	0	0	0	0	0	0	0	0	
0	1	0	-0	0	0	10	-10	0	-30	0	0	10	10	0	-30	0	0	0	-32.5524	-32.5524	0	0	0	0	0	0	0	0	0	0	
0	1	0	-0	0	0	10	-10	0	-30	0	0	10	10	0	-30	0	0	0	-32.071	-32.071	0	0	0	0	0	0	0	0	0	0	
0	1	0	-0	0	0	10	-10	0	-30	0	0	10	10	0	-30	0	0	0	-31.5263	-31.5263	0	0	0	0	0	0	0	0	0	0	
0	1	0	-0	0	0	10	-10	0	-30	0	0	10	10	0	-30	0	0	0	-30.9816	-30.9816	0	0	0	0	0	0	0	0	0	0	
0	1	0	-0	0	0	10	-10	0	-30	0	0	10	10	0	-30	0	0	0	-30.3758	-30.3758	0	0	0	0	0	0	0	0	0	0	
0	1	0	-0	0	0	10	-10	0	-30	0	0	10	10	0	-30	0	0	0	-29.77	-29.77	0	0	0	0	0	0	0	0	0	0	
0	1	0	-0	0	0	10	-10	0	-30	0	0	10	10	0	-30	0	0	0	-29.1055	-29.1055	0	0	0	0	0	0	0	0	0	0	
0	1	0	-0	0	0	10	-10	0	-30	0	0	10	10	0	-30	0	0	0	-28.4409	-28.4409	0	0	0	0	0	0	0	0	0	0	
0	1	0	-0	0	0	10	-10	0	-30	0	0	10	10	0	-30	0	0	0	-27.7202	-27.7202	0	0	0	0	0	0	0	0	0	0	
0	1	0	-0	0	0	10	-10	0	-30	0	0	10	10	0	-30	0	0	0	-26.9995	-26.9995	0	0	0	0	0	0	0	0	0	0	
0	1	0	-0	0	0	10	-10	0	-30	0	0	10	10	0	-30	0	0	0	-26.2256	-26.2256	0	0	0	0	0	0	0	0	0	0	
0	1	0	-0	0	0	10	-10	0	-30	0	0	10	10	0	-30	0	0	0	-25.4517	-25.4517	0	0	0	0	0	0	0	0	0	0	
0	1	0	-0	0	0	10	-10	0	-30	0	0	10	10	0	-30	0	0	0	-24.6275	-24.6275	0	0	0	0	0	0	0	0	0	0	
0	1	0	-0	0	0	10	-10	0	-30	0	0	10	10	0	-30	0	0	0	-23.8034	-23.8034	0	0	0	0	0	0	0	0	0	0	
0	1	0	-0	0	0	10	-10	0	-30	0	0	10	10	0	-30	0	0	0	-22.9322	-22.9322	0	0	0	0	0	0	0	0	0	0	
0	1	0	-0	0	0	10	-10	0	-30	0	0	10	10	0	-30	0	0	0	-22.0611	-22.0611	0	0	0	0	0	0	0	0	0	0	
0	1	0	-0	0	0	10	-10	0	-30	0	0	10	10	0	-30	0	0	0	-21.1464	-21.1464	0	0	0	0	0	0	0	0	0	0	
0	1	0	-0	0	0	10	-10	0	-30	0	0	10	10	0	-30	0	0	0	-20.2317	-20.2317	0	0	0	0	0	0	0	0	0	0	
0	1	0	-0	0	0	10	-10	0	-30	0	0	10	10	0	-30	0	0	0	-19.277	-19.277	0	0	0	0	0	0	0	0	0	0	
0	1	0	-0	0	0	10	-10	0	-30	0	0	10	10	0	-30	0	0	0	-18.3224	-18.3224	0	0	0	0	0	0	0	0	0	0	
0	1	0	-0	0	0	10	-10	0	-30	0	0	10	10	0	-30	0	0	0	-17.3317	-17.3317	0	0	0	0	0	0	0	0	0	0	
0	1	0	-0	0	0	10	-10	0	-30	0	0	10	10	0	-30	0	0	0	-16.3411	-16.3411	0	0	0	0	0	0	0	0	0	0	
0	1	0	-0	0	0	10	-10	0	-30	0	0	10	10	0	-30	0	0	0	-15.3181	-15.3181	0	0	0	0	0	0	0	0	0	0	
0	1	0	-0	0	0	10	-10	0	-30	0	0	10	10	0	-30	0	0	0	-14.295	-14.295	0	0	0	0	0	0	0	0	0	0	
0	1	0	-0	0	0	10	-10	0	-30	0	0	10	10	0	-30	0	0	0	-13.2437	-13.2437	0	0	0	0	0	0	0	0	0	0	
0	1	0	-0	0	0	10	-10	0	-30	0	0	10	10	0	-30	0	0	0	-12.1925	-12.1925	0	0	0	0	0	0	0	0	0	0	
0	1	0	-0	0	0	10	-10	0	-30	0	0	10	10	0	-30	0	0	0	-11.1172	-11.1172	0	0	0	0	0	0	0	0	0	0	
0	1	0	-0	0	0	10	-10	0	-30	0	0	10	10	0	-30	0	0	0	-10.042	-10.042	0	0	0	0	0	0	0	0	0	0	
0	1	0	-0	0	0	10	-10	0	-30	0	0	10	10	0	-30	0	0	0	-8.94699	-8.94699	0	0	0	0	0	0	0	0	0	0	
0	1	0	-0	0	0	10	-10	0	-30	0	0	10	10	0	-30	0	0	0	-7.85199	-7.85199	0	0	0	0	0	0	0	0	0	0	
0	1	0	-0	0	0	10	-10	0	-30	0	0	10	10	0	-30	0	0	0	-6.74134	-6.74134	0	0	0	0	0	0	0	0	0	0	
0	1	0	-0	0	0	10	-10	0	-30	0	0	10	10	0	-30	0	0	0	-5.63069	-5.63069	0	0	0	0	0	0	0	0	0	0	
0	1	0	-0	0	0	10	-10	0	-30	0	0	10	10	0	-30	0	0	0	-4.50901	-4.50901	0	0	0	0	0	0	0	0	0	0	
0	1	0	-0	0	0	10	-10	0	-30	0	0	10	10	0	-30	0	0	0	-3.38733	-3.38733	0	0	0	0	0	0	0	0	0	0	
0	1	0	-0	0	0	10	-10	0	-30	0	0	10	10	0	-30	0	0	0	-2.25897	-2.25897	0	0	0	0	0	0	0	0	0	0	
0	1	0	-0	0	0	10	-10	0	-30	0	0	10	10	0	-30	0	0	0	-1.13062	-1.13062	0	0	0	0	0	0	0	0	0	0	
0	1	0	-0	0	0	10	-10	0	-30	0	0	10	10	0	-30	0	0	0	0	0	0	0	0	0	0	0	0	0	0	0	
0	1	0	-0	0	0	10	-10	0	-30	0	0	10	10	0	-30	0	0	0	1.13062	1.13062	0	0	0	0	0	0	0	0	0	0	
0	1	0	-0	0	0	10	-10	0	-30	0	0	10	10	0	-30	0	0	0	2.25897	2.25897	0	0	0	0	0	0	0	0	0	0	
0	1	0	-0	0	0	10	-10	0	-30	0	0	10	10	0	-30	0	0	0	3.38733	3.38733	0	0	0	0	0	0	0	0	0	0	
0	1	0	-0	0	0	10	-10	0	-30	0	0	10	10	0	-30	0	0	0	4.50901	4.50901	0	0	0	0	0	0	0	0	0	0	
0	1	0	-0	0	0	10	-10	0	-30	0	0	10	10	0	-30	0	0	0	5.63069	5.63069	0	0	0	0	0	0	0	0	0	0	
0	1	0	-0	0	0	10	-10	0	-30	0	0	10	10	0	-30	0	0	0	6.74128	6.74128	0	0	0	0	0	0	0	0	0	0	
0	1	0	-0	0	0	10	-10	0	-30	0	0	10	10	0	-30	0	0	0	7.85187	7.85187	0	0	0	0	0	0	0	0	0	0	
0	1	0	-0	0	0	10	-10	0	-30	0	0	10	10	0	-30	0	0	0	8.94694	8.94694	0	0	0	0	0	0	0	0	0	0	
0	1	0	-0	0	0	10	-10	0	-30	0	0	10	10	0	-30	0	0	0	10.042	10.042	0	0	0	0	0	0	0	0	0	0	
0	1	0	-0	0	0	10	-10	0	-30	0	0	10	10	0	-30	0	0	0	11.1172	11.1172	0	0	0	0	0	0	0	0	0	0	
0	1	0	-0	0	0	10	-10	0	-30	0	0	10	10	0	-30	0	0	0	12.1925	12.1925	0	0	0	0	0	0	0	0	0	0	
0	1	0	-0	0	0	10	-10	0	-30	0	0	10	10	0	-30	0	0	0	13.2437	13.2437	0	0	0	0	0	0	0	0	0	0	
0	1	0	-0	0	0	10	-10	0	-30	0	0	10	10	0	-30	0	0	0	14.295	14.295	0	0	0	0	0	0	0	0	0	0	
0	1	0	-0	0	0	10	-10	0	-30	0	0	10	10	0	-30	0	0	0	15.318	15.318	0	0	0	0	0	0	0	0	0	0	
0	1	0	-0	0	0	10	-10	0	-30	0	0	10	10	0	-30	0	0	0	16.341	16.341	0	0	0	0	0	0	0	0	0	0	
0	1	0	-0	0	0	10	-10	0	-30	0	0	10	10	0	-30	0	0	0	17.3317	17.3317	0	0	0	0	0	0	0	0	0	0	
0	1	0	-0	0	0	10	-10	0	-30	0	0	10	10	0	-30	0	0	0	18.3225	18.3225	0	0	0	0	0	0	0	0	0	0	
0	1	0	-0	0	0	10	-10	0	-30	0	0	10	10	0	-30	0	0	0	19.2771	19.2771	0	0	0	0	0	0	0	0	0	0	
0	1	0	-0	0	0	10	-10	0	-30	0	0	10	10	0	-30	0	0	0	20.2317	20.2317	0	0	0	0	0	0	0	0	0	0	
0	1	0	-0	0	0	10	-10	0	-30	0	0	10	10	0	-30	0	0	0	21.1463	21.1463	0	0	0	0	0	0	0	0	0	0	
0	1	0	-0	0	0	10	-10	0	-30	0	0	10	10	0	-30	0	0	0	22.0609	22.0609	0	0	0	0	0	0	0	0	0	0	
0	1	0	-0	0	0	10	-10	0	-30	0	0	10	10	0	-30	0	0	0	22.9321	22.9321	0	0	0	0	0	0	0	0	0	0	
0	1	0	-0	0	0	10	-10	0	-30	0	0	10	10	0	-30	0	0	0	23.8032	23.8032	0	0	0	0	0	0	0	0	0	0	
0	1	0	-0	0	0	10	-10	0	-30	0	0	10	10	0	-30	0	0	0	24.6275	24.6275	0	0	0	0	0	0	0	0	0	0	
0	1	0	-0	0	0	10	-10	0	-30	0	0	10	10	0	-30	0	0	0	25.4517	25.4517	0	0	0	0	0	0	0	0	0	0	
0	1	0	-0	0	0	10	-10	0	-30	0	0	10	10	0	-30	0	0	0	26.2256	26.2256	0	0	0	0	0	0	0	0	0	0	
0	1	0	-0	0	0	10	-10	0	-30	0	0	10	10	0	-30	0	0	0	26.9995	26.9995	0	0	0	0	0	0	0	0	0	0	
0	1	0	-0	0	0	10	-10	0	-30	0	0	10	10	0	-30	0	0	0	27.7202	27.7202	0	0	0	0	0	0	0	0	0	0	
0	1	0	-0	0	0	10	-10	0	-30	0	0	10	10	0	-30	0	0	0	28.4409	28.4409	0	0	0	0	0	0	0	0	0	0	
0	1	0	-0	0	0	10	-10	0	-30	0	0	10	10	0	-30	0	0	0	29.1055	29.1055	0	0	0	0	0	0	0	0	0	0	
0	1	0	-0	0	0	10	-10	0	-30	0	0	10	10	0	-30	0	0	0	29.77	29.77	0	0	0	0	0	0	0	0	0	0	
0	1	0	-0	0	0	10	-10	0	-30	0	0	10	10	0	-30	0	0	0	30.3758	30.3758	0	0	0	0	0	0	0	0	0	0	
0	1	0	-0	0	0	10	-10	0	-30	0	0	10	10	0	-30	0	0	0	30.9815	30.9815	0	0	0	0	0	0	0	0	0	0	
0	1	0	-0	0	0	10	-10	0	-30	0	0	10	10	0	-30	0	0	0	31.5263	31.5263	0	0	0	0	0	0	0	0	0	0	
0	1	0	-0	0	0	10	-10	0	-30	0	0	10	10	0	-30	0	0	0	32.071	32.071	0	0	0	0	0	0	0	0	0	0	
0	1	0	-0	0	0	10	-10	0	-30	0	0	10	10	0	-30	0	0	0	32.5524	32.5524	0	0	0	0	0	0	0	0	0	0	
0	1	0	-0	0	0	10	-10	0	-30	0	0	10	10	0	-30	0	0	0	33.0338	33.0338	0	0	0	0	0	0	0	0	0	0	
0	1	0	-0	0	0	10	-10	0	-30	0	0	10	10	0	-30	0	0	0	33.4499	33.4499	0	0	0	0	0	0	0	0	0	0	
0	1	0	-0	0	0	10	-10	0	-30	0	0	10	10	0	-30	0	0	0	33.8661	33.8661	0	0	0	0	0	0	0	0	0	0	
0	1	0	-0	0	0	10	-10	0	-30	0	0	10	10	0	-30	0	0	0	34.2155	34.2155	0	0	0	0	0	0	0	0	0	0	
0	1	0	-0	0	0	10	-10	0	-30	0	0	10	10	0	-30	0	0	0	34.5649	34.5649	0	0	0	0	0	0	0	0	0	0	
0	1	0	-0	0	0	10	-10	0	-30	0	0	10	10	0	-30	0	0	0	34.8461	34.8461	0	0	0	0	0	0	0	0	0	0	
0	1	0	-0	0	0	10	-10	0	-30	0	0	10	10	0	-30	0	0	0	35.1272	35.1272	0	0	0	0	0	0	0	0	0	0	
0	1	0	-0	0	0	10	-10	0	-30	0	0	10	10	0	-30	0	0	0	35.3391	35.3391	0	0	0	0	0	0	0	0	0	0	
0	1	0	-0	0	0	10	-10	0	-30	0	0	10	10	0	-30	0	0	0	35.5509	35.5509	0	0	0	0	0	0	0	0	0	0	
0	1	0	-0	0	0	10	-10	0	-30	0	0	10	10	0	-30	0	0	0	35.6926	35.6926	0	0	0	0	0	0	0	0	0	0	
0	1	0	-0	0	0	10	-10	0	-30	0	0	10	10	0	-30	0	0	0	35.8344	35.8344	0	0	0	0	0	0	0	0	0	0	
0	1	0	-0	0	0	10	-10	0	-30	0	0	10	10	0	-30	0	0	0	35.9053	35.9053	0	0	0	0	0	0	0	0	0	0	
0	1	0	-0	0	0	10	-10	0	-30	0	0	10	10	0	-30	0	0	0	35.9763	35.9763	0	0	0	0	0	0	0	0	0	0	
0	1	0	-0	0	0	10	-10	0	-30	0	0	10	10	0	-30	0	0	0	35.9763	35.9763	0	0	0	0	0	0	0	0	0	0	
0	1	0	-0	0	0	10	-10	0	-30	0	0	10	10	0	-30	0	0	0	35.9762	35.9762	0	0	0	0	0	0	0	0	0	0	
0	1	0	-0	0	0	10	-10	0	-30	0	0	10	10	0	-30	0	0	0	35.9053	35.9053	0	0	0	0	0	0	0	0	0	0	
0	1	0	-0	0	0	10	-10	0	-30	0	0	10	10	0	-30	0	0	0	35.8344	35.8344	0	0	0	0	0	0	0	0	0	0	
0	1	0	-0	0	0	10	-10	0	-30	0	0	10	10	0	-30	0	0	0	35.6926	35.6926	0	0	0	0	0	0	0	0	0	0	
0	1	0	-0	0	0	10	-10	0	-30	0	0	10	10	0	-30	0	0	0	35.5509	35.5509	0	0	0	0	0	0	0	0	0	0	
0	1	0	-0	0	0	10	-10	0	-30	0	0	10	10	0	-30	0	0	0	35.3391	35.3391	0	0	0	0	0	0	0	0	0	0	
0	1	0	-0	0	0	10	-10	0	-30	0	0	10	10	0	-30	0	0	0	35.1273	35.1273	0	0	0	0	0	0	0	0	0	0	
0	1	0	-0	0	0	10	-10	0	-30	0	0	10	10	0	-30	0	0	0	34.8461	34.8461	0	0	0	0	0	0	0	0	0	0	
0	1	0	-0	0	0	10	-10	0	-30	0	0	10	10	0	-30	0	0	0	34.5649	34.5649	0	0	0	0	0	0	0	0	0	0	
0	1	0	-0	0	0	10	-10	0	-30	0	0	10	10	0	-30	0	0	0	34.2155	34.2155	0	0	0	0	0	0	0	0	0	0	
0	1	0	-0	0	0	10	-10	0	-30	0	0	10	10	0	-30	0	0	0	33.8662	33.8662	0	0	0	0	0	0	0	0	0	0	
0	1	0	-0	0	0	10	-10	0	-30	0	0	10	10	0	-30	0	0	0	33.4499	33.4499	0	0	0	0	0	0	0	0	0	0	
0	1	0	-0	0	0	10	-10	0	-30	0	0	10	10	0	-30	0	0	0	33.0337	33.0337	0	0	0	0	0	0	0	0	0	0	
0	1	0	-0	0	0	10	-10	0	-30	0	0	10	10	0	-30	0	0	0	32.5523	32.5523	0	0	0	0	0	0	0	0	0	0	
0	1	0	-0	0	0	10	-10	0	-30	0	0	10	10	0	-30	0	0	0	32.071	32.071	0	0	0	0	0	0	0	0	0	0	
0	1	0	-0	0	0	10	-10	0	-30	0	0	10	10	0	-30	0	0	0	31.5263	31.5263	0	0	0	0	0	0	0	0	0	0	
0	1	0	-0	0	0	10	-10	0	-30	0	0	10	10	0	-30	0	0	0	30.9816	30.9816	0	0	0	0	0	0	0	0	0	0	
0	1	0	-0	0	0	10	-10	0	-30	0	0	10	10	0	-30	0	0	0	30.3758	30.3758	0	0	0	0	0	0	0	0	0	0	
0	1	0	-0	0	0	10	-10	0	-30	0	0	10	10	0	-30	0	0	0	29.77	29.77	0	0	0	0	0	0	0	0	0	0	
0	1	0	-0	0	0	10	-10	0	-30	0	0	10	10	0	-30	0	0	0	29.1055	29.1055	0	0	0	0	0	0	0	0	0	0	
0	1	0	-0	0	0	10	-10	0	-30	0	0	10	10	0	-30	0	0	0	28.4409	28.4409	0	0	0	0	0	0	0	0	0	0	
0	1	0	-0	0	0	10	-10	0	-30	0	0	10	10	0	-30	0	0	0	27.7202	27.7202	0	0	0	0	0	0	0	0	0	0	
0	1	0	-0	0	0	10	-10	0	-30	0	0	10	10	0	-30	0	0	0	26.9995	26.9995	0	0	0	0	0	0	0	0	0	0	
0	1	0	-0	0	0	10	-10	0	-30	0	0	10	10	0	-30	0	0	0	26.2256	26.2256	0	0	0	0	0	0	0	0	0	0	
0	1	0	-0	0	0	10	-10	0	-30	0	0	10	10	0	-30	0	0	0	25.4517	25.4517	0	0	0	0	0	0	0	0	0	0	
0	1	0	-0	0	0	10	-10	0	-30	0	0	10	10	0	-30	0	0	0	24.6275	24.6275	0	0	0	0	0	0	0	0	0	0	
0	1	0	-0	0	0	10	-10	0	-30	0	0	10	10	0	-30	0	0	0	23.8034	23.8034	0	0	0	0	0	0	0	0	0	0	
0	1	0	-0	0	0	10	-10	0	-30	0	0	10	10	0	-30	0	0	0	22.9322	22.9322	0	0	0	0	0	0	0	0	0	0	
0	1	0	-0	0	0	10	-10	0	-30	0	0	10	10	0	-30	0	0	0	22.0611	22.0611	0	0	0	0	0	0	0	0	0	0	
0	1	0	-0	0	0	10	-10	0	-30	0	0	10	10	0	-30	0	0	0	21.1464	21.1464	0	0	0	0	0	0	0	0	0	0	
0	1	0	-0	0	0	10	-10	0	-30	0	0	10	10	0	-30	0	0	0	20.2317	20.2317	0	0	0	0	0	0	0	0	0	0	
0	1	0	-0	0	0	10	-10	0	-30	0	0	10	10	0	-30	0	0	0	19.2771	19.2771	0	0	0	0	0	0	0	0	0	0	
0	1	0	-0	0	0	10	-10	0	-30	0	0	10	10	0	-30	0	0	0	18.3224	18.3224	0	0	0	0	0	0	0	0	0	0	
0	1	0	-0	0	0	10	-10	0	-30	0	0	10	10	0	-30	0	0	0	17.3317	17.3317	0	0	0	0	0	0	0	0	0	0	
0	1	0	-0	0	0	10	-10	0	-30	0	0	10	10	0	-30	0	0	0	16.341	16.341	0	0	0	0	0	0	0	0	0	0	
0	1	0	-0	0	0	10	-10	0	-30	0	0	10	10	0	-30	0	0	0	15.318	15.318	0	0	0	0	0	0	0	0	0	0	
0	1	0	-0	0	0	10	-10	0	-30	0	0	10	10	0	-30	0	0	0	14.295	14.295	0	0	0	0	0	0	0	0	0	0	
0	1	0	-0	0	0	10	-10	0	-30	0	0	10	10	0	-30	0	0	0	13.2438	13.2438	0	0	0	0	0	0	0	0	0	0	
0	1	0	-0	0	0	10	-10	0	-30	0	0	10	10	0	-30	0	0	0	12.1926	12.1926	0	0	0	0	0	0	0	0	0	0	
0	1	0	-0	0	0	10	-10	0	-30	0	0	10	10	0	-30	0	0	0	11.1173	11.1173	0	0	0	0	0	0	0	0	0	0	
0	1	0	-0	0	0	10	-10	0	-30	0	0	10	10	0	-30	0	0	0	10.042	10.042	0	0	0	0	0	0	0	0	0	0	
0	1	0	-0	0	0	10	-10	0	-30	0	0	10	10	0	-30	0	0	0	8.94697	8.94697	0	0	0	0	0	0	0	0	0	0	
0	1	0	-0	0	0	10	-10	0	-30	0	0	10	10	0	-30	0	0	0	7.85193	7.85193	0	0	0	0	0	0	0	0	0	0	
0	1	0	-0	0	0	10	-10	0	-30	0	0	10	10	0	-30	0	0	0	6.74134	6.74134	0	0	0	0	0	0	0	0	0	0	
0	1	0	-0	0	0	10	-10	0	-30	0	0	10	10	0	-30	0	0	0	5.63074	5.63074	0	0	0	0	0	0	0	0	0	0	
0	1	0	-0	0	0	10	-10	0	-30	0	0	10	10	0	-30	0	0	0	4.50906	4.50906	0	0	0	0	0	0	0	0	0	0	
0	1	0	-0	0	0	10	-10	0	-30	0	0	10	10	0	-30	0	0	0	3.38738	3.38738	0	0	0	0	0	0	0	0	0	0	
0	1	0	-0	0	0	10	-10	0	-30	0	0	10	10	0	-30	0	0	0	2.259	2.259	0	0	0	0	0	0	0	0	0	0	
0	1	0	-0	0	0	10	-10	0	-30	0	0	10	10	0	-30	0	0	0	1.13062	1.13062	0	0	0	0	0	0	0	0	0	0	
0	1	0	-0	0	0	10	-10	0	-30	0	0	10	10	0	-30	0	0	0	0.565309	0.565309	0	0	0	0	0	0	0	0	0	0	
0	1	0	-0	0	0	10	-10	0	-30	0	0	10	10	0	-30	0	0	0	0	0	0	0	0	0	0	0	0	0	0	0	
0	1	0	-0	0	0	10	-10	0	-30	0	0	10	10	0	-30	0	0	0	0	0	0	0	0	0	0	0	0	0	0	0	
0	1	0	-0	0	0	10	-10	0	-30	0	0	10	10	0	-30	0	0	0	0	0	0	0	0	0	0	0	0	0	0	0	
0	1	0	-0	0	0	10	-10	0	-30	0	0	10	10	0	-30	0	0	0	0	0	0	0	0	0	0	0	0	0	0	0	
0	1	0	-0	0	0	10	-10	0	-30	0	0	10	10	0	-30	0	0	0	0	0	0	0	0	0	0	0	0	0	0	0	
0	1	0	-0	0	0	10	-10	0	-30	0	0	10	10	0	-30	0	0	0	0	0	0	0	0	0	0	0	0	0	0	0	
0	1	0	-0	0	0	10	-10	0	-30	0	0	10	10	0	-30	0	0	0	0	0	0	0	0	0	0	0	0	0	0	0	
0	1	0	-0	0	0	10	-10	0	-30	0	0	10	10	0	-30	0	0	0	0	0	0	0	0	0	0	0	0	0	0	0	
0	1	0	-0	0	0	10	-10	0	-30	0	0	10	10	0	-30	0	0	0	0	0	0	0	0	0	0	0	0	0	0	0	
0	1	0	-0	0	0	10	-10	0	-30	0	0	10	10	0	-30	0	0	0	0	0	0	0	0	0	0	0	0	0	0	0	
0	1	0	-0	0	0	10	-10	0	-30	0	0	10	10	0	-30	0	0	0	0	0	0	0	0	0	0	0	0	0	0	0	
0	1	0	-0	0	0	10	-10	0	-30	0	0	10	10	0	-30	0	0	0	0	0	0	0	0	0	0	0	0	0	0	0	
0	1	0	-0	0	0	10	-10	0	-30	0	0	10	10	0	-30	0	0	0	0	0	0	0	0	0	0	0	0	0	0	0	
0	1	0	-0	0	0	10	-10	0	-30	0	0	10	10	0	-30	0	0	0	0	0	0	0	0	0	0	0	0	0	0	0	
0	1	0	-0	0	0	10	-10	0	-30	0	0	10	10	0	-30	0	0	0	0	0	0	0	0	0	0	0	0	0	0	0	
