DATA LENGTH(steps) :
969
STEPLENGTH(sec):
0.005

dPCz,	PEL_Q0,	PEL_Qx,	PEL_Qy,	PEL_Qz,	WST,	RSP,	RSR,	RSY,	REB,	RWY,	RWP,	LSP,	LSR,	LSY,	LEB,	LWY,	LWP,	NKY,	NK1,	NK2,	RF1,	RF2,	RF3,	RF4,	RF5,	LF1,	LF2,	LF3,	LF4,	LF5,

0	1	0	-0	0	0	10	-10	0	-30	0	0	10	10	0	-30	0	0	0	0	0	0	0	0	0	0	0	0	0	0	0	
0	1	0	0	0	0	10	-10	0	-30	0	0	10	10	0	-30	0	0	0	0	0	0	0	0	0	0	0	0	0	0	0	
0	1	0	0	0	0	10	-10	0	-30	0	0	10	10	0	-30	0	0	0	0	0	0	0	0	0	0	0	0	0	0	0	
0	1	0	0	0	0	10	-10	0	-30	0	0	10	10	0	-30	0	0	0	0	0	0	0	0	0	0	0	0	0	0	0	
0	1	0	0	0	0	10	-10	0	-30	0	0	10	10	0	-30	0	0	0	0	0	0	0	0	0	0	0	0	0	0	0	
0	1	0	0	0	0	10	-10	0	-30	0	0	10	10	0	-30	0	0	0	0	0	0	0	0	0	0	0	0	0	0	0	
0	1	0	0	0	0	10	-10	0	-30	0	0	10	10	0	-30	0	0	0	0	0	0	0	0	0	0	0	0	0	0	0	
0	1	0	0	0	0	10	-10	0	-30	0	0	10	10	0	-30	0	0	0	0	0	0	0	0	0	0	0	0	0	0	0	
0	1	0	0	0	0	10	-10	0	-30	0	0	10	10	0	-30	0	0	0	0	0	0	0	0	0	0	0	0	0	0	0	
0	1	0	0	0	0	10	-10	0	-30	0	0	10	10	0	-30	0	0	0	0	0	0	0	0	0	0	0	0	0	0	0	
0	1	0	0	0	0	10	-10	0	-30	0	0	10	10	0	-30	0	0	0	0	0	0	0	0	0	0	0	0	0	0	0	
0	1	0	0	0	0	10	-10	0	-30	0	0	10	10	0	-30	0	0	0	0	0	0	0	0	0	0	0	0	0	0	0	
0	1	0	0	0	0	10	-10	0	-30	0	0	10	10	0	-30	0	0	0	0	0	0	0	0	0	0	0	0	0	0	0	
0	1	0	0	0	0	10	-10	0	-30	0	0	10	10	0	-30	0	0	0	0	0	0	0	0	0	0	0	0	0	0	0	
0	1	0	0	0	0	10	-10	0	-30	0	0	10	10	0	-30	0	0	0	0	0	0	0	0	0	0	0	0	0	0	0	
0	1	0	0	0	0	10	-10	0	-30	0	0	10	10	0	-30	0	0	0	0	0	0	0	0	0	0	0	0	0	0	0	
0	1	0	0	0	0	10	-10	0	-30	0	0	10	10	0	-30	0	0	0	0	0	0	0	0	0	0	0	0	0	0	0	
0	1	0	0	0	0	10	-10	0	-30	0	0	10	10	0	-30	0	0	0	0	0	0	0	0	0	0	0	0	0	0	0	
0	1	0	0	0	0	10	-10	0	-30	0	0	10	10	0	-30	0	0	0	0	0	0	0	0	0	0	0	0	0	0	0	
0	1	0	0	0	0	10	-10	0	-30	0	0	10	10	0	-30	0	0	0	0	0	0	0	0	0	0	0	0	0	0	0	
0	1	0	0	0	0	10	-10	0	-30	0	0	10	10	0	-30	0	0	0	0	0	0	0	0	0	0	0	0	0	0	0	
0	1	0	0	0	0	10	-10	0	-30	0	0	10	10	0	-30	0	0	0	0	0	0	0	0	0	0	0	0	0	0	0	
0	1	0	0	0	0	10	-10	0	-30	0	0	10	10	0	-30	0	0	0	0	0	0	0	0	0	0	0	0	0	0	0	
0	1	0	0	0	0	10	-10	0	-30	0	0	10	10	0	-30	0	0	0	0	0	0	0	0	0	0	0	0	0	0	0	
0	1	0	0	0	0	10	-10	0	-30	0	0	10	10	0	-30	0	0	0	0	0	0	0	0	0	0	0	0	0	0	0	
0	1	0	0	0	0	10	-10	0	-30	0	0	10	10	0	-30	0	0	0	0	0	0	0	0	0	0	0	0	0	0	0	
0	1	0	0	0	0	10	-10	0	-30	0	0	10	10	0	-30	0	0	0	0	0	0	0	0	0	0	0	0	0	0	0	
0	1	0	0	0	0	10	-10	0	-30	0	0	10	10	0	-30	0	0	0	0	0	0	0	0	0	0	0	0	0	0	0	
0	1	0	0	0	0	10	-10	0	-30	0	0	10	10	0	-30	0	0	0	0	0	0	0	0	0	0	0	0	0	0	0	
0	1	0	0	0	0	10	-10	0	-30	0	0	10	10	0	-30	0	0	0	0	0	0	0	0	0	0	0	0	0	0	0	
0	1	0	0	0	0	10	-10	0	-30	0	0	10	10	0	-30	0	0	0	0	0	0	0	0	0	0	0	0	0	0	0	
0	1	0	0	0	0	10	-10	0	-30	0	0	10	10	0	-30	0	0	0	0	0	0	0	0	0	0	0	0	0	0	0	
0	1	0	0	0	0	10	-10	0	-30	0	0	10	10	0	-30	0	0	0	0	0	0	0	0	0	0	0	0	0	0	0	
0	1	0	0	0	0	10	-10	0	-30	0	0	10	10	0	-30	0	0	0	0	0	0	0	0	0	0	0	0	0	0	0	
0	1	0	0	0	0	10	-10	0	-30	0	0	10	10	0	-30	0	0	0	0	0	0	0	0	0	0	0	0	0	0	0	
0	1	0	0	0	0	10	-10	0	-30	0	0	10	10	0	-30	0	0	0	0	0	0	0	0	0	0	0	0	0	0	0	
0	1	0	0	0	0	10	-10	0	-30	0	0	10	10	0	-30	0	0	0	0	0	0	0	0	0	0	0	0	0	0	0	
0	1	0	0	0	0	10	-10	0	-30	0	0	10	10	0	-30	0	0	0	0	0	0	0	0	0	0	0	0	0	0	0	
0	1	0	0	0	0	10	-10	0	-30	0	0	10	10	0	-30	0	0	0	0	0	0	0	0	0	0	0	0	0	0	0	
0	1	0	0	0	0	10	-10	0	-30	0	0	10	10	0	-30	0	0	0	0	0	0	0	0	0	0	0	0	0	0	0	
0	1	0	0	0	0	10	-10	0	-30	0	0	10	10	0	-30	0	0	0	0	0	0	0	0	0	0	0	0	0	0	0	
0	1	0	0	0	0	10	-10	0	-30	0	0	10	10	0	-30	0	0	0	0	0	0	0	0	0	0	0	0	0	0	0	
0	1	0	0	0	0	10	-10	0	-30	0	0	10	10	0	-30	0	0	0	0	0	0	0	0	0	0	0	0	0	0	0	
0	1	0	0	0	0	10	-10	0	-30	0	0	10	10	0	-30	0	0	0	0	0	0	0	0	0	0	0	0	0	0	0	
0	1	0	0	0	0	10	-10	0	-30	0	0	10	10	0	-30	0	0	0	0	0	0	0	0	0	0	0	0	0	0	0	
0	1	0	0	0	0	10	-10	0	-30	0	0	10	10	0	-30	0	0	0	0	0	0	0	0	0	0	0	0	0	0	0	
0	1	0	0	0	0	10	-10	0	-30	0	0	10	10	0	-30	0	0	0	0	0	0	0	0	0	0	0	0	0	0	0	
0	1	0	0	0	0	10	-10	0	-30	0	0	10	10	0	-30	0	0	0	0	0	0	0	0	0	0	0	0	0	0	0	
0	1	0	0	0	0	10	-10	0	-30	0	0	10	10	0	-30	0	0	0	0	0	0	0	0	0	0	0	0	0	0	0	
0	1	0	0	0	0	10	-10	0	-30	0	0	10	10	0	-30	0	0	0	0	0	0	0	0	0	0	0	0	0	0	0	
0	1	0	0	0	0	10	-10	0	-30	0	0	10	10	0	-30	0	0	0	0	0	0	0	0	0	0	0	0	0	0	0	
0	1	0	0	0	0	10	-10	0	-30	0	0	10	10	0	-30	0	0	0	0	0	0	0	0	0	0	0	0	0	0	0	
0	1	0	0	0	0	10	-10	0	-30	0	0	10	10	0	-30	0	0	0	0	0	0	0	0	0	0	0	0	0	0	0	
0	1	0	0	0	0	10	-10	0	-30	0	0	10	10	0	-30	0	0	0	0	0	0	0	0	0	0	0	0	0	0	0	
0	1	0	0	0	0	10	-10	0	-30	0	0	10	10	0	-30	0	0	0	0	0	0	0	0	0	0	0	0	0	0	0	
0	1	0	0	0	0	10	-10	0	-30	0	0	10	10	0	-30	0	0	0	0	0	0	0	0	0	0	0	0	0	0	0	
0	1	0	0	0	0	10	-10	0	-30	0	0	10	10	0	-30	0	0	0	0	0	0	0	0	0	0	0	0	0	0	0	
0	1	0	0	0	0	10	-10	0	-30	0	0	10	10	0	-30	0	0	0	0	0	0	0	0	0	0	0	0	0	0	0	
0	1	0	0	0	0	10	-10	0	-30	0	0	10	10	0	-30	0	0	0	0	0	0	0	0	0	0	0	0	0	0	0	
0	1	0	0	0	0	10	-10	0	-30	0	0	10	10	0	-30	0	0	0	0	0	0	0	0	0	0	0	0	0	0	0	
0	1	0	0	0	0	10	-10	0	-30	0	0	10	10	0	-30	0	0	0	0	0	0	0	0	0	0	0	0	0	0	0	
0	1	0	0	0	0	10	-10	0	-30	0	0	10	10	0	-30	0	0	0	0	0	0	0	0	0	0	0	0	0	0	0	
0	1	0	0	0	0	10	-10	0	-30	0	0	10	10	0	-30	0	0	0	0	0	0	0	0	0	0	0	0	0	0	0	
0	1	0	0	0	0	10	-10	0	-30	0	0	10	10	0	-30	0	0	0	0	0	0	0	0	0	0	0	0	0	0	0	
0	1	0	0	0	0	10	-10	0	-30	0	0	10	10	0	-30	0	0	0	0	0	0	0	0	0	0	0	0	0	0	0	
0	1	0	0	0	0	10	-10	0	-30	0	0	10	10	0	-30	0	0	0	0	0	0	0	0	0	0	0	0	0	0	0	
0	1	0	0	0	0	10	-10	0	-30	0	0	10	10	0	-30	0	0	0	0	0	0	0	0	0	0	0	0	0	0	0	
0	1	0	0	0	0	10	-10	0	-30	0	0	10	10	0	-30	0	0	0	0	0	0	0	0	0	0	0	0	0	0	0	
0	1	0	0	0	0	10	-10	0	-30	0	0	10	10	0	-30	0	0	0	0	0	0	0	0	0	0	0	0	0	0	0	
0	1	0	0	0	0	10	-10	0	-30	0	0	10	10	0	-30	0	0	0	0	0	0	0	0	0	0	0	0	0	0	0	
0	1	0	0	0	0	10	-10	0	-30	0	0	10	10	0	-30	0	0	0	0	0	0	0	0	0	0	0	0	0	0	0	
0	1	0	0	0	0	10	-10	0	-30	0	0	10	10	0	-30	0	0	0	0	0	0	0	0	0	0	0	0	0	0	0	
0	1	0	0	0	0	10	-10	0	-30	0	0	10	10	0	-30	0	0	0	0	0	0	0	0	0	0	0	0	0	0	0	
0	1	0	0	0	0	10	-10	0	-30	0	0	10	10	0	-30	0	0	0	0	0	0	0	0	0	0	0	0	0	0	0	
0	1	0	0	0	0	10	-10	0	-30	0	0	10	10	0	-30	0	0	0	0	0	0	0	0	0	0	0	0	0	0	0	
0	1	0	0	0	0	10	-10	0	-30	0	0	10	10	0	-30	0	0	0	0	0	0	0	0	0	0	0	0	0	0	0	
0	1	0	0	0	0	10	-10	0	-30	0	0	10	10	0	-30	0	0	0	0	0	0	0	0	0	0	0	0	0	0	0	
0	1	0	0	0	0	10	-10	0	-30	0	0	10	10	0	-30	0	0	0	0	0	0	0	0	0	0	0	0	0	0	0	
0	1	0	0	0	0	10	-10	0	-30	0	0	10	10	0	-30	0	0	0	0	0	0	0	0	0	0	0	0	0	0	0	
0	1	0	0	0	0	10	-10	0	-30	0	0	10	10	0	-30	0	0	0	0	0	0	0	0	0	0	0	0	0	0	0	
0	1	0	0	0	0	10	-10	0	-30	0	0	10	10	0	-30	0	0	0	0	0	0	0	0	0	0	0	0	0	0	0	
0	1	0	0	0	0	10	-10	0	-30	0	0	10	10	0	-30	0	0	0	0	0	0	0	0	0	0	0	0	0	0	0	
0	1	0	0	0	0	10	-10	0	-30	0	0	10	10	0	-30	0	0	0	0	0	0	0	0	0	0	0	0	0	0	0	
0	1	0	0	0	0	10	-10	0	-30	0	0	10	10	0	-30	0	0	0	0	0	0	0	0	0	0	0	0	0	0	0	
0	1	0	0	0	0	10	-10	0	-30	0	0	10	10	0	-30	0	0	0	0	0	0	0	0	0	0	0	0	0	0	0	
0	1	0	0	0	0	10	-10	0	-30	0	0	10	10	0	-30	0	0	0	0	0	0	0	0	0	0	0	0	0	0	0	
0	1	0	0	0	0	10	-10	0	-30	0	0	10	10	0	-30	0	0	0	0	0	0	0	0	0	0	0	0	0	0	0	
0	1	0	0	0	0	10	-10	0	-30	0	0	10	10	0	-30	0	0	0	0	0	0	0	0	0	0	0	0	0	0	0	
0	1	0	0	0	0	10	-10	0	-30	0	0	10	10	0	-30	0	0	0	0	0	0	0	0	0	0	0	0	0	0	0	
0	1	0	0	0	0	10	-10	0	-30	0	0	10	10	0	-30	0	0	0	0	0	0	0	0	0	0	0	0	0	0	0	
0	1	0	0	0	0	10	-10	0	-30	0	0	10	10	0	-30	0	0	0	0	0	0	0	0	0	0	0	0	0	0	0	
0	1	0	0	0	0	10	-10	0	-30	0	0	10	10	0	-30	0	0	0	0	0	0	0	0	0	0	0	0	0	0	0	
0	1	0	0	0	0	10	-10	0	-30	0	0	10	10	0	-30	0	0	0	0	0	0	0	0	0	0	0	0	0	0	0	
0	1	0	0	0	0	10	-10	0	-30	0	0	10	10	0	-30	0	0	0	0	0	0	0	0	0	0	0	0	0	0	0	
0	1	0	0	0	0	10	-10	0	-30	0	0	10	10	0	-30	0	0	0	0	0	0	0	0	0	0	0	0	0	0	0	
0	1	0	0	0	0	10	-10	0	-30	0	0	10	10	0	-30	0	0	0	0	0	0	0	0	0	0	0	0	0	0	0	
0	1	0	0	0	0	10	-10	0	-30	0	0	10	10	0	-30	0	0	0	0	0	0	0	0	0	0	0	0	0	0	0	
0	1	0	0	0	0	10	-10	0	-30	0	0	10	10	0	-30	0	0	0	0	0	0	0	0	0	0	0	0	0	0	0	
0	1	0	0	0	0	10	-10	0	-30	0	0	10	10	0	-30	0	0	0	0	0	0	0	0	0	0	0	0	0	0	0	
0	1	0	0	0	0	10	-10	0	-30	0	0	10	10	0	-30	0	0	0	0	0	0	0	0	0	0	0	0	0	0	0	
0	1	0	0	0	0	10	-10	0	-30	0	0	10	10	0	-30	0	0	0	0	0	0	0	0	0	0	0	0	0	0	0	
0	1	0	0	0	0	10	-10	0	-30	0	0	10	10	0	-30	0	0	0	0	0	0	0	0	0	0	0	0	0	0	0	
0	1	0	0	0	0	10	-10	0	-30	0	0	10	10	0	-30	0	0	0	0	0	0	0	0	0	0	0	0	0	0	0	
0	1	0	0	0	0	9.99926	-10.0058	-0.00584417	-30.0051	-0.00656037	0	10	10	0	-30	0	0	0	0	0	0	0	0	0	0	0	0	0	0	0	
0	1	0	0	0	0	9.99851	-10.0117	-0.0116883	-30.0102	-0.0131207	0	10	10	0	-30	0	0	0	0	0	0	0	0	0	0	0	0	0	0	0	
0	1	0	0	0	0	9.99634	-10.0292	-0.0291922	-30.0255	-0.0328305	0	10	10	0	-30	0	0	0	0	0	0	0	0	0	0	0	0	0	0	0	
0	1	0	0	0	0	9.99416	-10.0467	-0.0466961	-30.0409	-0.0525402	0	10	10	0	-30	0	0	0	0	0	0	0	0	0	0	0	0	0	0	0	
0	1	0	0	0	0	9.99052	-10.0759	-0.0758883	-30.0664	-0.0853707	0	10	10	0	-30	0	0	0	0	0	0	0	0	0	0	0	0	0	0	0	
0	1	0	0	0	0	9.98688	-10.1051	-0.10508	-30.0919	-0.118201	0	10	10	0	-30	0	0	0	0	0	0	0	0	0	0	0	0	0	0	0	
0	1	0	0	0	0	9.98178	-10.1459	-0.145904	-30.1277	-0.164152	0	10	10	0	-30	0	0	0	0	0	0	0	0	0	0	0	0	0	0	0	
0	1	0	0	0	0	9.97668	-10.1867	-0.186727	-30.1634	-0.210104	0	10	10	0	-30	0	0	0	0	0	0	0	0	0	0	0	0	0	0	0	
0	1	0	0	0	0	9.97012	-10.2392	-0.239181	-30.2093	-0.26909	0	10	10	0	-30	0	0	0	0	0	0	0	0	0	0	0	0	0	0	0	
0	1	0	0	0	0	9.96356	-10.2916	-0.291636	-30.2552	-0.328076	0	10	10	0	-30	0	0	0	0	0	0	0	0	0	0	0	0	0	0	0	
0	1	0	0	0	0	9.95554	-10.3557	-0.355692	-30.3112	-0.400154	0	10	10	0	-30	0	0	0	0	0	0	0	0	0	0	0	0	0	0	0	
0	1	0	0	0	0	9.94752	-10.4198	-0.419749	-30.3673	-0.472232	0	10	10	0	-30	0	0	0	0	0	0	0	0	0	0	0	0	0	0	0	
0	1	0	0	0	0	9.93807	-10.4954	-0.495351	-30.4334	-0.557287	0	10	10	0	-30	0	0	0	0	0	0	0	0	0	0	0	0	0	0	0	
0	1	0	0	0	0	9.92861	-10.571	-0.570952	-30.4996	-0.642343	0	10	10	0	-30	0	0	0	0	0	0	0	0	0	0	0	0	0	0	0	
0	1	0	0	0	0	9.91773	-10.6581	-0.658071	-30.5758	-0.740347	0	10	10	0	-30	0	0	0	0	0	0	0	0	0	0	0	0	0	0	0	
0	1	0	0	0	0	9.90684	-10.7452	-0.745189	-30.652	-0.838352	0	10	10	0	-30	0	0	0	0	0	0	0	0	0	0	0	0	0	0	0	
0	1	0	0	0	0	9.89452	-10.8438	-0.843766	-30.7383	-0.949248	0	10	10	0	-30	0	0	0	0	0	0	0	0	0	0	0	0	0	0	0	
0	1	0	0	0	0	9.8822	-10.9423	-0.942344	-30.8246	-1.06014	0	10	10	0	-30	0	0	0	0	0	0	0	0	0	0	0	0	0	0	0	
0	1	0	0	0	0	9.86845	-11.0523	-1.05232	-30.9208	-1.18387	0	10	10	0	-30	0	0	0	0	0	0	0	0	0	0	0	0	0	0	0	
0	1	0	0	0	0	9.8547	-11.1623	-1.1623	-31.017	-1.3076	0	10	10	0	-30	0	0	0	0	0	0	0	0	0	0	0	0	0	0	0	
0	1	0	0	0	0	9.83955	-11.2836	-1.28363	-31.1232	-1.44411	0	10	10	0	-30	0	0	0	0	0	0	0	0	0	0	0	0	0	0	0	
0	1	0	0	0	0	9.82439	-11.405	-1.40495	-31.2294	-1.58062	0	10	10	0	-30	0	0	0	0	0	0	0	0	0	0	0	0	0	0	0	
0	1	0	0	0	0	9.80781	-11.5376	-1.53756	-31.3454	-1.72979	0	10	10	0	-30	0	0	0	0	0	0	0	0	0	0	0	0	0	0	0	
0	1	0	0	0	0	9.79122	-11.6702	-1.67017	-31.4614	-1.87896	0	10	10	0	-30	0	0	0	0	0	0	0	0	0	0	0	0	0	0	0	
0	1	0	0	0	0	9.77326	-11.814	-1.81396	-31.5872	-2.0407	0	10	10	0	-30	0	0	0	0	0	0	0	0	0	0	0	0	0	0	0	
0	1	0	0	0	0	9.75529	-11.9577	-1.95774	-31.713	-2.20245	0	10	10	0	-30	0	0	0	0	0	0	0	0	0	0	0	0	0	0	0	
0	1	0	0	0	0	9.73593	-12.1126	-2.11264	-31.8486	-2.37671	0	10	10	0	-30	0	0	0	0	0	0	0	0	0	0	0	0	0	0	0	
0	1	0	0	0	0	9.71656	-12.2675	-2.26754	-31.9841	-2.55098	0	10	10	0	-30	0	0	0	0	0	0	0	0	0	0	0	0	0	0	0	
0	1	0	0	0	0	9.69582	-12.4334	-2.43344	-32.1293	-2.73762	0	10	10	0	-30	0	0	0	0	0	0	0	0	0	0	0	0	0	0	0	
0	1	0	0	0	0	9.67508	-12.5993	-2.59934	-32.2744	-2.92426	0	10	10	0	-30	0	0	0	0	0	0	0	0	0	0	0	0	0	0	0	
0	1	0	0	0	0	9.65296	-12.7762	-2.77618	-32.4292	-3.12319	0	10	10	0	-30	0	0	0	0	0	0	0	0	0	0	0	0	0	0	0	
0	1	0	0	0	0	9.63085	-12.953	-2.95302	-32.5839	-3.32212	0	10	10	0	-30	0	0	0	0	0	0	0	0	0	0	0	0	0	0	0	
0	1	0	0	0	0	9.60741	-13.1407	-3.14067	-32.7481	-3.53323	0	10	10	0	-30	0	0	0	0	0	0	0	0	0	0	0	0	0	0	0	
0	1	0	0	0	0	9.58398	-13.3283	-3.32831	-32.9123	-3.74434	0	10	10	0	-30	0	0	0	0	0	0	0	0	0	0	0	0	0	0	0	
0	1	0	0	0	0	9.55917	-13.5267	-3.52667	-33.0858	-3.9675	0	10	10	0	-30	0	0	0	0	0	0	0	0	0	0	0	0	0	0	0	
0	1	0	0	0	0	9.53436	-13.725	-3.72503	-33.2594	-4.19067	0	10	10	0	-30	0	0	0	0	0	0	0	0	0	0	0	0	0	0	0	
0	1	0	0	0	0	9.50823	-13.934	-3.93399	-33.4422	-4.42573	0	10	10	0	-30	0	0	0	0	0	0	0	0	0	0	0	0	0	0	0	
0	1	0	0	0	0	9.48211	-14.1429	-4.14294	-33.6251	-4.66078	0	10	10	0	-30	0	0	0	0	0	0	0	0	0	0	0	0	0	0	0	
0	1	0	0	0	0	9.45469	-14.3624	-4.36236	-33.8171	-4.90764	0	10	10	0	-30	0	0	0	0	0	0	0	0	0	0	0	0	0	0	0	
0	1	0	0	0	0	9.42728	-14.5818	-4.58177	-34.0091	-5.1545	0	10	10	0	-30	0	0	0	0	0	0	0	0	0	0	0	0	0	0	0	
0	1	0	0	0	0	9.39857	-14.8115	-4.81153	-34.2101	-5.41296	0	10	10	0	-30	0	0	0	0	0	0	0	0	0	0	0	0	0	0	0	
0	1	0	0	0	0	9.36987	-15.0413	-5.04128	-34.4111	-5.67142	0	10	10	0	-30	0	0	0	0	0	0	0	0	0	0	0	0	0	0	0	
0	1	0	0	0	0	9.33987	-15.2812	-5.28124	-34.6211	-5.9414	0	10	10	0	-30	0	0	0	0	0	0	0	0	0	0	0	0	0	0	0	
0	1	0	0	0	0	9.30988	-15.5212	-5.52119	-34.8311	-6.21138	0	10	10	0	-30	0	0	0	0	0	0	0	0	0	0	0	0	0	0	0	
0	1	0	0	0	0	9.27862	-15.7712	-5.77123	-35.0499	-6.49267	0	10	10	0	-30	0	0	0	0	0	0	0	0	0	0	0	0	0	0	0	
0	1	0	0	0	0	9.24737	-16.0213	-6.02127	-35.2686	-6.77397	0	10	10	0	-30	0	0	0	0	0	0	0	0	0	0	0	0	0	0	0	
0	1	0	0	0	0	9.21485	-16.2812	-6.28122	-35.4961	-7.0664	0	10	10	0	-30	0	0	0	0	0	0	0	0	0	0	0	0	0	0	0	
0	1	0	0	0	0	9.18234	-16.5412	-6.54117	-35.7235	-7.35884	0	10	10	0	-30	0	0	0	0	0	0	0	0	0	0	0	0	0	0	0	
0	1	0	0	0	0	9.14862	-16.8109	-6.81092	-35.9595	-7.66228	0	10	10	0	-30	0	0	0	0	0	0	0	0	0	0	0	0	0	0	0	
0	1	0	0	0	0	9.1149	-17.0806	-7.08067	-36.1956	-7.96572	0	10	10	0	-30	0	0	0	0	0	0	0	0	0	0	0	0	0	0	0	
0	1	0	0	0	0	9.08001	-17.36	-7.35999	-36.44	-8.27998	0	10	10	0	-30	0	0	0	0	0	0	0	0	0	0	0	0	0	0	0	
0	1	0	0	0	0	9.04511	-17.6393	-7.6393	-36.6844	-8.59425	0	10	10	0	-30	0	0	0	0	0	0	0	0	0	0	0	0	0	0	0	
0	1	0	0	0	0	9.00899	-17.9281	-7.9281	-36.9371	-8.91912	0	10	10	0	-30	0	0	0	0	0	0	0	0	0	0	0	0	0	0	0	
0	1	0	0	0	0	8.97286	-18.2169	-8.2169	-37.1898	-9.24399	0	10	10	0	-30	0	0	0	0	0	0	0	0	0	0	0	0	0	0	0	
0	1	0	0	0	0	8.93562	-18.515	-8.51495	-37.4506	-9.57931	0	10	10	0	-30	0	0	0	0	0	0	0	0	0	0	0	0	0	0	0	
0	1	0	0	0	0	8.89838	-18.813	-8.81301	-37.7114	-9.91463	0	10	10	0	-30	0	0	0	0	0	0	0	0	0	0	0	0	0	0	0	
0	1	0	0	0	0	8.85999	-19.1202	-9.1202	-37.9802	-10.2602	0	10	10	0	-30	0	0	0	0	0	0	0	0	0	0	0	0	0	0	0	
0	1	0	0	0	0	8.8216	-19.4274	-9.42739	-38.2489	-10.6058	0	10	10	0	-30	0	0	0	0	0	0	0	0	0	0	0	0	0	0	0	
0	1	0	0	0	0	8.78207	-19.7435	-9.74349	-38.5255	-10.9614	0	10	10	0	-30	0	0	0	0	0	0	0	0	0	0	0	0	0	0	0	
0	1	0	0	0	0	8.74253	-20.0595	-10.0596	-38.8021	-11.317	0	10	10	0	-30	0	0	0	0	0	0	0	0	0	0	0	0	0	0	0	
0	1	0	0	0	0	8.70194	-20.3844	-10.3844	-39.0863	-11.6825	0	10	10	0	-30	0	0	0	0	0	0	0	0	0	0	0	0	0	0	0	
0	1	0	0	0	0	8.66135	-20.7093	-10.7093	-39.3706	-12.0479	0	10	10	0	-30	0	0	0	0	0	0	0	0	0	0	0	0	0	0	0	
0	1	0	0	0	0	8.61966	-21.0426	-11.0426	-39.6623	-12.423	0	10	10	0	-30	0	0	0	0	0	0	0	0	0	0	0	0	0	0	0	
0	1	0	0	0	0	8.57798	-21.376	-11.376	-39.954	-12.798	0	10	10	0	-30	0	0	0	0	0	0	0	0	0	0	0	0	0	0	0	
0	1	0	0	0	0	8.53527	-21.7178	-11.7178	-40.2531	-13.1825	0	10	10	0	-30	0	0	0	0	0	0	0	0	0	0	0	0	0	0	0	
0	1	0	0	0	0	8.49255	-22.0596	-12.0596	-40.5521	-13.567	0	10	10	0	-30	0	0	0	0	0	0	0	0	0	0	0	0	0	0	0	
0	1	0	0	0	0	8.44881	-22.4095	-12.4095	-40.8583	-13.9606	0	10	10	0	-30	0	0	0	0	0	0	0	0	0	0	0	0	0	0	0	
0	1	0	0	0	0	8.40506	-22.7594	-12.7594	-41.1644	-14.3543	0	10	10	0	-30	0	0	0	0	0	0	0	0	0	0	0	0	0	0	0	
0	1	0	0	0	0	8.36034	-23.1172	-13.1172	-41.4776	-14.7569	0	10	10	0	-30	0	0	0	0	0	0	0	0	0	0	0	0	0	0	0	
0	1	0	0	0	0	8.31562	-23.4751	-13.4751	-41.7907	-15.1595	0	10	10	0	-30	0	0	0	0	0	0	0	0	0	0	0	0	0	0	0	
0	1	0	0	0	0	8.26993	-23.8407	-13.8407	-42.1106	-15.5708	0	10	10	0	-30	0	0	0	0	0	0	0	0	0	0	0	0	0	0	0	
0	1	0	0	0	0	8.22424	-24.2063	-14.2063	-42.4305	-15.9821	0	10	10	0	-30	0	0	0	0	0	0	0	0	0	0	0	0	0	0	0	
0	1	0	0	0	0	8.17757	-24.5795	-14.5795	-42.757	-16.4019	0	10	10	0	-30	0	0	0	0	0	0	0	0	0	0	0	0	0	0	0	
0	1	0	0	0	0	8.1309	-24.9526	-14.9526	-43.0835	-16.8216	0	10	10	0	-30	0	0	0	0	0	0	0	0	0	0	0	0	0	0	0	
0	1	0	0	0	0	8.08335	-25.333	-15.333	-43.4164	-17.2497	0	10	10	0	-30	0	0	0	0	0	0	0	0	0	0	0	0	0	0	0	
0	1	0	0	0	0	8.03579	-25.7135	-15.7135	-43.7493	-17.6777	0	10	10	0	-30	0	0	0	0	0	0	0	0	0	0	0	0	0	0	0	
0	1	0	0	0	0	7.98735	-26.101	-16.101	-44.0884	-18.1137	0	10	10	0	-30	0	0	0	0	0	0	0	0	0	0	0	0	0	0	0	
0	1	0	0	0	0	7.9389	-26.4886	-16.4886	-44.4275	-18.5497	0	10	10	0	-30	0	0	0	0	0	0	0	0	0	0	0	0	0	0	0	
0	1	0	0	0	0	7.8896	-26.883	-16.883	-44.7726	-18.9934	0	10	10	0	-30	0	0	0	0	0	0	0	0	0	0	0	0	0	0	0	
0	1	0	0	0	0	7.8403	-27.2774	-17.2774	-45.1177	-19.4371	0	10	10	0	-30	0	0	0	0	0	0	0	0	0	0	0	0	0	0	0	
0	1	0	0	0	0	7.79019	-27.6785	-17.6785	-45.4686	-19.8883	0	10	10	0	-30	0	0	0	0	0	0	0	0	0	0	0	0	0	0	0	
0	1	0	0	0	0	7.74009	-28.0795	-18.0795	-45.8195	-20.3394	0	10	10	0	-30	0	0	0	0	0	0	0	0	0	0	0	0	0	0	0	
0	1	0	0	0	0	7.68915	-28.4869	-18.4869	-46.1761	-20.7978	0	10	10	0	-30	0	0	0	0	0	0	0	0	0	0	0	0	0	0	0	
0	1	0	0	0	0	7.63821	-28.8944	-18.8944	-46.5326	-21.2562	0	10	10	0	-30	0	0	0	0	0	0	0	0	0	0	0	0	0	0	0	
0	1	0	0	0	0	7.58651	-29.308	-19.308	-46.8945	-21.7215	0	10	10	0	-30	0	0	0	0	0	0	0	0	0	0	0	0	0	0	0	
0	1	0	0	0	0	7.5348	-29.7216	-19.7216	-47.2564	-22.1868	0	10	10	0	-30	0	0	0	0	0	0	0	0	0	0	0	0	0	0	0	
0	1	0	0	0	0	7.48237	-30.1411	-20.1411	-47.6235	-22.6588	0	10	10	0	-30	0	0	0	0	0	0	0	0	0	0	0	0	0	0	0	
0	1	0	0	0	0	7.42994	-30.5607	-20.5606	-47.9906	-23.1308	0	10	10	0	-30	0	0	0	0	0	0	0	0	0	0	0	0	0	0	0	
0	1	0	0	0	0	7.37677	-30.9859	-20.9859	-48.3627	-23.6091	0	10	10	0	-30	0	0	0	0	0	0	0	0	0	0	0	0	0	0	0	
0	1	0	0	0	0	7.3236	-31.4111	-21.4111	-48.7347	-24.0874	0	10	10	0	-30	0	0	0	0	0	0	0	0	0	0	0	0	0	0	0	
0	1	0	0	0	0	7.26977	-31.8417	-21.8417	-49.1115	-24.5719	0	10	10	0	-30	0	0	0	0	0	0	0	0	0	0	0	0	0	0	0	
0	1	0	0	0	0	7.21595	-32.2723	-22.2723	-49.4883	-25.0564	0	10	10	0	-30	0	0	0	0	0	0	0	0	0	0	0	0	0	0	0	
0	1	0	0	0	0	7.16149	-32.7081	-22.7081	-49.8696	-25.5466	0	10	10	0	-30	0	0	0	0	0	0	0	0	0	0	0	0	0	0	0	
0	1	0	0	0	0	7.10703	-33.1439	-23.1439	-50.251	-26.0369	0	10	10	0	-30	0	0	0	0	0	0	0	0	0	0	0	0	0	0	0	
0	1	0	0	0	0	7.05194	-33.5847	-23.5847	-50.6366	-26.5328	0	10	10	0	-30	0	0	0	0	0	0	0	0	0	0	0	0	0	0	0	
0	1	0	0	0	0	6.99685	-34.0254	-24.0254	-51.0222	-27.0286	0	10	10	0	-30	0	0	0	0	0	0	0	0	0	0	0	0	0	0	0	
0	1	0	0	0	0	6.94115	-34.4708	-24.4708	-51.412	-27.5296	0	10	10	0	-30	0	0	0	0	0	0	0	0	0	0	0	0	0	0	0	
0	1	0	0	0	0	6.88546	-34.9162	-24.9162	-51.8017	-28.0307	0	10	10	0	-30	0	0	0	0	0	0	0	0	0	0	0	0	0	0	0	
0	1	0	0	0	0	6.82926	-35.366	-25.366	-52.1953	-28.5367	0	10	10	0	-30	0	0	0	0	0	0	0	0	0	0	0	0	0	0	0	
0	1	0	0	0	0	6.77305	-35.8158	-25.8158	-52.5888	-29.0428	0	10	10	0	-30	0	0	0	0	0	0	0	0	0	0	0	0	0	0	0	
0	1	0	0	0	0	6.7163	-36.2697	-26.2697	-52.986	-29.5534	0	10	10	0	-30	0	0	0	-0.0836518	0.0836518	0	0	0	0	0	0	0	0	0	0	
0	1	0	0	0	0	6.65955	-36.7237	-26.7237	-53.3832	-30.0641	0	10	10	0	-30	0	0	0	-0.167304	0.167304	0	0	0	0	0	0	0	0	0	0	
0	1	0	0	0	0	6.60231	-37.1815	-27.1815	-53.7838	-30.5792	0	10	10	0	-30	0	0	0	-0.33455	0.33455	0	0	0	0	0	0	0	0	0	0	
0	1	0	0	0	0	6.54507	-37.6393	-27.6393	-54.1844	-31.0942	0	10	10	0	-30	0	0	0	-0.501796	0.501796	0	0	0	0	0	0	0	0	0	0	
0	1	0	0	0	0	6.4874	-38.1007	-28.1007	-54.5882	-31.6133	0	10	10	0	-30	0	0	0	-0.6689	0.6689	0	0	0	0	0	0	0	0	0	0	
0	1	0	0	0	0	6.42973	-38.5622	-28.5622	-54.9919	-32.1324	0	10	10	0	-30	0	0	0	-0.836003	0.836003	0	0	0	0	0	0	0	0	0	0	
0	1	0	0	0	0	6.37163	-39.0269	-29.0269	-55.3986	-32.6553	0	10	10	0	-30	0	0	0	-1.00285	1.00285	0	0	0	0	0	0	0	0	0	0	
0	1	0	0	0	0	6.31354	-39.4917	-29.4917	-55.8052	-33.1782	0	10	10	0	-30	0	0	0	-1.16969	1.16969	0	0	0	0	0	0	0	0	0	0	
0	1	0	0	0	0	6.25507	-39.9595	-29.9595	-56.2146	-33.7045	0	10	10	0	-30	0	0	0	-1.33622	1.33622	0	0	0	0	0	0	0	0	0	0	
0	1	0	0	0	0	6.1966	-40.4274	-30.4274	-56.6239	-34.2308	0	10	10	0	-30	0	0	0	-1.50275	1.50275	0	0	0	0	0	0	0	0	0	0	
0	1	0	0	0	0	6.13775	-40.898	-30.898	-57.0357	-34.7602	0	10	10	0	-30	0	0	0	-1.66883	1.66883	0	0	0	0	0	0	0	0	0	0	
0	1	0	0	0	0	6.07891	-41.3686	-31.3686	-57.4476	-35.2897	0	10	10	0	-30	0	0	0	-1.8349	1.8349	0	0	0	0	0	0	0	0	0	0	
0	1	0	0	0	0	6.01978	-41.8418	-31.8418	-57.8615	-35.822	0	10	10	0	-30	0	0	0	-2.00042	2.00042	0	0	0	0	0	0	0	0	0	0	
0	1	0	0	0	0	5.96065	-42.3149	-32.3149	-58.2755	-36.3543	0	10	10	0	-30	0	0	0	-2.16595	2.16595	0	0	0	0	0	0	0	0	0	0	
0	1	0	0	0	0	5.90121	-42.7903	-32.7903	-58.6915	-36.8891	0	10	10	0	-30	0	0	0	-2.33088	2.33088	0	0	0	0	0	0	0	0	0	0	
0	1	0	0	0	0	5.84176	-43.2657	-33.2657	-59.1075	-37.4239	0	10	10	0	-30	0	0	0	-2.4958	2.4958	0	0	0	0	0	0	0	0	0	0	
0	1	0	0	0	0	5.78212	-43.7431	-33.7431	-59.5252	-37.9609	0	10	10	0	-30	0	0	0	-2.65996	2.65996	0	0	0	0	0	0	0	0	0	0	
0	1	0	0	0	0	5.72247	-44.2204	-34.2204	-59.9428	-38.498	0	10	10	0	-30	0	0	0	-2.82411	2.82411	0	0	0	0	0	0	0	0	0	0	
0	1	0	0	0	0	5.66257	-44.6995	-34.6995	-60.362	-39.0369	0	10	10	0	-30	0	0	0	-2.98749	2.98749	0	0	0	0	0	0	0	0	0	0	
0	1	0	0	0	0	5.60267	-45.1785	-35.1785	-60.7812	-39.5759	0	10	10	0	-30	0	0	0	-3.15087	3.15087	0	0	0	0	0	0	0	0	0	0	
0	1	0	0	0	0	5.54262	-45.659	-35.659	-61.2016	-40.1164	0	10	10	0	-30	0	0	0	-3.3133	3.3133	0	0	0	0	0	0	0	0	0	0	
0	1	0	0	0	0	5.48258	-46.1394	-36.1394	-61.622	-40.6569	0	10	10	0	-30	0	0	0	-3.47573	3.47573	0	0	0	0	0	0	0	0	0	0	
0	1	0	0	0	0	5.42239	-46.621	-36.621	-62.0434	-41.1986	0	10	10	0	-30	0	0	0	-3.63714	3.63714	0	0	0	0	0	0	0	0	0	0	
0	1	0	0	0	0	5.3622	-47.1026	-37.1026	-62.4648	-41.7404	0	10	10	0	-30	0	0	0	-3.79854	3.79854	0	0	0	0	0	0	0	0	0	0	
0	1	0	0	0	0	5.30189	-47.585	-37.585	-62.8869	-42.2832	0	10	10	0	-30	0	0	0	-3.95885	3.95885	0	0	0	0	0	0	0	0	0	0	
0	1	0	0	0	0	5.24159	-48.0674	-38.0674	-63.309	-42.8259	0	10	10	0	-30	0	0	0	-4.11917	4.11917	0	0	0	0	0	0	0	0	0	0	
0	1	0	0	0	0	5.1812	-48.5504	-38.5504	-63.7316	-43.3693	0	10	10	0	-30	0	0	0	-4.27828	4.27828	0	0	0	0	0	0	0	0	0	0	
0	1	0	0	0	0	5.12081	-49.0334	-39.0334	-64.1543	-43.9126	0	10	10	0	-30	0	0	0	-4.43739	4.43739	0	0	0	0	0	0	0	0	0	0	
0	1	0	0	0	0	5.06039	-49.5167	-39.5167	-64.5771	-44.4563	0	10	10	0	-30	0	0	0	-4.59521	4.59521	0	0	0	0	0	0	0	0	0	0	
0	1	0	0	0	0	4.99997	-50	-40	-65	-45	0	10	10	0	-30	0	0	0	-4.75303	4.75303	0	0	0	0	0	0	0	0	0	0	
0	1	0	0	0	0	4.93958	-50.4833	-40.4833	-65.4229	-45.5437	0	10	10	0	-30	0	0	0	-4.90945	4.90945	0	0	0	0	0	0	0	0	0	0	
0	1	0	0	0	0	4.87919	-50.9665	-40.9665	-65.8457	-46.0873	0	10	10	0	-30	0	0	0	-5.06586	5.06586	0	0	0	0	0	0	0	0	0	0	
0	1	0	0	0	0	4.8188	-51.4495	-41.4495	-66.2684	-46.6307	0	10	10	0	-30	0	0	0	-5.22082	5.22082	0	0	0	0	0	0	0	0	0	0	
0	1	0	0	0	0	4.75841	-51.9325	-41.9325	-66.691	-47.1741	0	10	10	0	-30	0	0	0	-5.37578	5.37578	0	0	0	0	0	0	0	0	0	0	
0	1	0	0	0	0	4.69811	-52.4149	-42.4149	-67.1131	-47.7168	0	10	10	0	-30	0	0	0	-5.52913	5.52913	0	0	0	0	0	0	0	0	0	0	
0	1	0	0	0	0	4.63781	-52.8974	-42.8974	-67.5352	-48.2595	0	10	10	0	-30	0	0	0	-5.68248	5.68248	0	0	0	0	0	0	0	0	0	0	
0	1	0	0	0	0	4.57762	-53.379	-43.3789	-67.9566	-48.8013	0	10	10	0	-30	0	0	0	-5.8342	5.8342	0	0	0	0	0	0	0	0	0	0	
0	1	0	0	0	0	4.51743	-53.8606	-43.8605	-68.378	-49.3431	0	10	10	0	-30	0	0	0	-5.98592	5.98592	0	0	0	0	0	0	0	0	0	0	
0	1	0	0	0	0	4.45738	-54.341	-44.341	-68.7984	-49.8836	0	10	10	0	-30	0	0	0	-6.13589	6.13589	0	0	0	0	0	0	0	0	0	0	
0	1	0	0	0	0	4.39734	-54.8215	-44.8215	-69.2187	-50.4241	0	10	10	0	-30	0	0	0	-6.28586	6.28586	0	0	0	0	0	0	0	0	0	0	
0	1	0	0	0	0	4.33743	-55.3005	-45.3005	-69.6379	-50.963	0	10	10	0	-30	0	0	0	-6.434	6.434	0	0	0	0	0	0	0	0	0	0	
0	1	0	0	0	0	4.27753	-55.7796	-45.7796	-70.0571	-51.502	0	10	10	0	-30	0	0	0	-6.58214	6.58214	0	0	0	0	0	0	0	0	0	0	
0	1	0	0	0	0	4.21789	-56.2569	-46.2569	-70.4748	-52.039	0	10	10	0	-30	0	0	0	-6.72836	6.72836	0	0	0	0	0	0	0	0	0	0	
0	1	0	0	0	0	4.15824	-56.7343	-46.7343	-70.8925	-52.576	0	10	10	0	-30	0	0	0	-6.87458	6.87458	0	0	0	0	0	0	0	0	0	0	
0	1	0	0	0	0	4.0988	-57.2097	-47.2097	-71.3084	-53.1109	0	10	10	0	-30	0	0	0	-7.01876	7.01876	0	0	0	0	0	0	0	0	0	0	
0	1	0	0	0	0	4.03935	-57.685	-47.685	-71.7244	-53.6457	0	10	10	0	-30	0	0	0	-7.16295	7.16295	0	0	0	0	0	0	0	0	0	0	
0	1	0	0	0	0	3.98022	-58.1582	-48.1582	-72.1384	-54.178	0	10	10	0	-30	0	0	0	-7.30507	7.30507	0	0	0	0	0	0	0	0	0	0	
0	1	0	0	0	0	3.92109	-58.6313	-48.6313	-72.5524	-54.7103	0	10	10	0	-30	0	0	0	-7.44719	7.44719	0	0	0	0	0	0	0	0	0	0	
0	1	0	0	0	0	3.86225	-59.102	-49.102	-72.9642	-55.2397	0	10	10	0	-30	0	0	0	-7.58714	7.58714	0	0	0	0	0	0	0	0	0	0	
0	1	0	0	0	0	3.80341	-59.5726	-49.5726	-73.376	-55.7692	0	10	10	0	-30	0	0	0	-7.72708	7.72708	0	0	0	0	0	0	0	0	0	0	
0	1	0	0	0	0	3.74494	-60.0404	-50.0404	-73.7854	-56.2955	0	10	10	0	-30	0	0	0	-7.86476	7.86476	0	0	0	0	0	0	0	0	0	0	
0	1	0	0	0	0	3.68647	-60.5083	-50.5083	-74.1948	-56.8218	0	10	10	0	-30	0	0	0	-8.00244	8.00244	0	0	0	0	0	0	0	0	0	0	
0	1	0	0	0	0	3.62837	-60.9731	-50.973	-74.6014	-57.3447	0	10	10	0	-30	0	0	0	-8.13778	8.13778	0	0	0	0	0	0	0	0	0	0	
0	1	0	0	0	0	3.57027	-61.4378	-51.4378	-75.0081	-57.8675	0	10	10	0	-30	0	0	0	-8.27311	8.27311	0	0	0	0	0	0	0	0	0	0	
0	1	0	0	0	0	3.5126	-61.8992	-51.8992	-75.4118	-58.3866	0	10	10	0	-30	0	0	0	-8.40604	8.40604	0	0	0	0	0	0	0	0	0	0	
0	1	0	0	0	0	3.45494	-62.3607	-52.3607	-75.8156	-58.9057	0	10	10	0	-30	0	0	0	-8.53896	8.53896	0	0	0	0	0	0	0	0	0	0	
0	1	0	0	0	0	3.3977	-62.8185	-52.8185	-76.2162	-59.4208	0	10	10	0	-30	0	0	0	-8.6694	8.6694	0	0	0	0	0	0	0	0	0	0	
0	1	0	0	0	0	3.34046	-63.2763	-53.2763	-76.6168	-59.9359	0	10	10	0	-30	0	0	0	-8.79983	8.79983	0	0	0	0	0	0	0	0	0	0	
0	1	0	0	0	0	3.28371	-63.7302	-53.7302	-77.014	-60.4465	0	10	10	0	-30	0	0	0	-8.92771	8.92771	0	0	0	0	0	0	0	0	0	0	
0	1	0	0	0	0	3.22696	-64.1842	-54.1842	-77.4112	-60.9572	0	10	10	0	-30	0	0	0	-9.0556	9.0556	0	0	0	0	0	0	0	0	0	0	
0	1	0	0	0	0	3.17075	-64.634	-54.634	-77.8047	-61.4632	0	10	10	0	-30	0	0	0	-9.18082	9.18082	0	0	0	0	0	0	0	0	0	0	
0	1	0	0	0	0	3.11454	-65.0838	-55.0838	-78.1983	-61.9693	0	10	10	0	-30	0	0	0	-9.30604	9.30604	0	0	0	0	0	0	0	0	0	0	
0	1	0	0	0	0	3.05885	-65.5292	-55.5292	-78.588	-62.4703	0	10	10	0	-30	0	0	0	-9.42854	9.42854	0	0	0	0	0	0	0	0	0	0	
0	1	0	0	0	0	3.00316	-65.9745	-55.9746	-78.9778	-62.9714	0	10	10	0	-30	0	0	0	-9.55103	9.55103	0	0	0	0	0	0	0	0	0	0	
0	1	0	0	0	0	2.94807	-66.4153	-56.4153	-79.3634	-63.4672	0	10	10	0	-30	0	0	0	-9.67075	9.67075	0	0	0	0	0	0	0	0	0	0	
0	1	0	0	0	0	2.89298	-66.856	-56.856	-79.749	-63.9631	0	10	10	0	-30	0	0	0	-9.79047	9.79047	0	0	0	0	0	0	0	0	0	0	
0	1	0	0	0	0	2.83852	-67.2918	-57.2918	-80.1304	-64.4533	0	10	10	0	-30	0	0	0	-9.90733	9.90733	0	0	0	0	0	0	0	0	0	0	
0	1	0	0	0	0	2.78406	-67.7276	-57.7276	-80.5117	-64.9436	0	10	10	0	-30	0	0	0	-10.0242	10.0242	0	0	0	0	0	0	0	0	0	0	
0	1	0	0	0	0	2.73023	-68.1583	-58.1583	-80.8885	-65.4281	0	10	10	0	-30	0	0	0	-10.1381	10.1381	0	0	0	0	0	0	0	0	0	0	
0	1	0	0	0	0	2.6764	-68.5889	-58.5889	-81.2653	-65.9125	0	10	10	0	-30	0	0	0	-10.252	10.252	0	0	0	0	0	0	0	0	0	0	
0	1	0	0	0	0	2.62323	-69.0141	-59.0141	-81.6373	-66.3909	0	10	10	0	-30	0	0	0	-10.363	10.363	0	0	0	0	0	0	0	0	0	0	
0	1	0	0	0	0	2.57006	-69.4393	-59.4393	-82.0094	-66.8692	0	10	10	0	-30	0	0	0	-10.4739	10.4739	0	0	0	0	0	0	0	0	0	0	
0	1	0	0	0	0	2.51763	-69.8589	-59.8588	-82.3765	-67.3412	0	10	10	0	-30	0	0	0	-10.5818	10.5818	0	0	0	0	0	0	0	0	0	0	
0	1	0	0	0	0	2.46521	-70.2784	-60.2784	-82.7436	-67.8132	0	10	10	0	-30	0	0	0	-10.6897	10.6897	0	0	0	0	0	0	0	0	0	0	
0	1	0	0	0	0	2.4135	-70.692	-60.692	-83.1055	-68.2785	0	10	10	0	-30	0	0	0	-10.7944	10.7944	0	0	0	0	0	0	0	0	0	0	
0	1	0	0	0	0	2.36179	-71.1056	-61.1056	-83.4674	-68.7438	0	10	10	0	-30	0	0	0	-10.8992	10.8992	0	0	0	0	0	0	0	0	0	0	
0	1	0	0	0	0	2.31085	-71.513	-61.513	-83.8239	-69.2022	0	10	10	0	-30	0	0	0	-11.0008	11.0008	0	0	0	0	0	0	0	0	0	0	
0	1	0	0	0	0	2.25992	-71.9205	-61.9205	-84.1804	-69.6606	0	10	10	0	-30	0	0	0	-11.1024	11.1024	0	0	0	0	0	0	0	0	0	0	
0	1	0	0	0	0	2.20978	-72.3215	-62.3215	-84.5313	-70.1117	0	10	10	0	-30	0	0	0	-11.2007	11.2007	0	0	0	0	0	0	0	0	0	0	
0	1	0	0	0	0	2.15965	-72.7226	-62.7225	-84.8823	-70.5629	0	10	10	0	-30	0	0	0	-11.299	11.299	0	0	0	0	0	0	0	0	0	0	
0	1	0	0	0	0	2.11038	-73.117	-63.117	-85.2274	-71.0066	0	10	10	0	-30	0	0	0	-11.394	11.394	0	0	0	0	0	0	0	0	0	0	
0	1	0	0	0	0	2.0611	-73.5114	-63.5114	-85.5724	-71.4503	0	10	10	0	-30	0	0	0	-11.4891	11.4891	0	0	0	0	0	0	0	0	0	0	
0	1	0	0	0	0	2.01266	-73.899	-63.8989	-85.9116	-71.8863	0	10	10	0	-30	0	0	0	-11.5808	11.5808	0	0	0	0	0	0	0	0	0	0	
0	1	0	0	0	0	1.96421	-74.2865	-64.2865	-86.2507	-72.3223	0	10	10	0	-30	0	0	0	-11.6725	11.6725	0	0	0	0	0	0	0	0	0	0	
0	1	0	0	0	0	1.91666	-74.6669	-64.6669	-86.5836	-72.7503	0	10	10	0	-30	0	0	0	-11.7607	11.7607	0	0	0	0	0	0	0	0	0	0	
0	1	0	0	0	0	1.8691	-75.0474	-65.0474	-86.9165	-73.1783	0	10	10	0	-30	0	0	0	-11.849	11.849	0	0	0	0	0	0	0	0	0	0	
0	1	0	0	0	0	1.82244	-75.4205	-65.4205	-87.243	-73.5981	0	10	10	0	-30	0	0	0	-11.9338	11.9338	0	0	0	0	0	0	0	0	0	0	
0	1	0	0	0	0	1.77577	-75.7937	-65.7937	-87.5695	-74.0179	0	10	10	0	-30	0	0	0	-12.0186	12.0186	0	0	0	0	0	0	0	0	0	0	
0	1	0	0	0	0	1.73007	-76.1593	-66.1593	-87.8894	-74.4292	0	10	10	0	-30	0	0	0	-12.0999	12.0999	0	0	0	0	0	0	0	0	0	0	
0	1	0	0	0	0	1.68438	-76.5249	-66.5249	-88.2093	-74.8405	0	10	10	0	-30	0	0	0	-12.1813	12.1813	0	0	0	0	0	0	0	0	0	0	
0	1	0	0	0	0	1.63966	-76.8827	-66.8827	-88.5224	-75.2431	0	10	10	0	-30	0	0	0	-12.259	12.259	0	0	0	0	0	0	0	0	0	0	
0	1	0	0	0	0	1.59494	-77.2406	-67.2406	-88.8356	-75.6457	0	10	10	0	-30	0	0	0	-12.3367	12.3367	0	0	0	0	0	0	0	0	0	0	
0	1	0	0	0	0	1.5512	-77.5905	-67.5905	-89.1417	-76.0393	0	10	10	0	-30	0	0	0	-12.4109	12.4109	0	0	0	0	0	0	0	0	0	0	
0	1	0	0	0	0	1.50745	-77.9404	-67.9404	-89.4479	-76.433	0	10	10	0	-30	0	0	0	-12.485	12.485	0	0	0	0	0	0	0	0	0	0	
0	1	0	0	0	0	1.46474	-78.2822	-68.2822	-89.7469	-76.8175	0	10	10	0	-30	0	0	0	-12.5555	12.5555	0	0	0	0	0	0	0	0	0	0	
0	1	0	0	0	0	1.42202	-78.624	-68.624	-90.0459	-77.2019	0	10	10	0	-30	0	0	0	-12.626	12.626	0	0	0	0	0	0	0	0	0	0	
0	1	0	0	0	0	1.38034	-78.9573	-68.9573	-90.3377	-77.577	0	10	10	0	-30	0	0	0	-12.6928	12.6928	0	0	0	0	0	0	0	0	0	0	
0	1	0	0	0	0	1.33866	-79.2907	-69.2907	-90.6294	-77.9521	0	10	10	0	-30	0	0	0	-12.7596	12.7596	0	0	0	0	0	0	0	0	0	0	
0	1	0	0	0	0	1.29806	-79.6156	-69.6156	-90.9136	-78.3175	0	10	10	0	-30	0	0	0	-12.8227	12.8227	0	0	0	0	0	0	0	0	0	0	
0	1	0	0	0	0	1.25747	-79.9404	-69.9404	-91.1979	-78.683	0	10	10	0	-30	0	0	0	-12.8858	12.8858	0	0	0	0	0	0	0	0	0	0	
0	1	0	0	0	0	1.21794	-80.2565	-70.2565	-91.4745	-79.0386	0	10	10	0	-30	0	0	0	-12.9451	12.9451	0	0	0	0	0	0	0	0	0	0	
0	1	0	0	0	0	1.1784	-80.5726	-70.5726	-91.7511	-79.3942	0	10	10	0	-30	0	0	0	-13.0044	13.0044	0	0	0	0	0	0	0	0	0	0	
0	1	0	0	0	0	1.14001	-80.8798	-70.8798	-92.0198	-79.7398	0	10	10	0	-30	0	0	0	-13.06	13.06	0	0	0	0	0	0	0	0	0	0	
0	1	0	0	0	0	1.10163	-81.187	-71.187	-92.2886	-80.0853	0	10	10	0	-30	0	0	0	-13.1155	13.1155	0	0	0	0	0	0	0	0	0	0	
0	1	0	0	0	0	1.06438	-81.485	-71.485	-92.5494	-80.4207	0	10	10	0	-30	0	0	0	-13.1672	13.1672	0	0	0	0	0	0	0	0	0	0	
0	1	0	0	0	0	1.02714	-81.7831	-71.7831	-92.8102	-80.756	0	10	10	0	-30	0	0	0	-13.2189	13.2189	0	0	0	0	0	0	0	0	0	0	
0	1	0	0	0	0	0.991016	-82.0719	-72.0719	-93.0629	-81.0809	0	10	10	0	-30	0	0	0	-13.2667	13.2667	0	0	0	0	0	0	0	0	0	0	
0	1	0	0	0	0	0.954891	-82.3607	-72.3607	-93.3156	-81.4057	0	10	10	0	-30	0	0	0	-13.3146	13.3146	0	0	0	0	0	0	0	0	0	0	
0	1	0	0	0	0	0.919998	-82.64	-72.64	-93.56	-81.72	0	10	10	0	-30	0	0	0	-13.3585	13.3585	0	0	0	0	0	0	0	0	0	0	
0	1	0	0	0	0	0.885105	-82.9194	-72.9194	-93.8044	-82.0343	0	10	10	0	-30	0	0	0	-13.4025	13.4025	0	0	0	0	0	0	0	0	0	0	
0	1	0	0	0	0	0.851387	-83.1891	-73.1891	-94.0404	-82.3377	0	10	10	0	-30	0	0	0	-13.4425	13.4425	0	0	0	0	0	0	0	0	0	0	
0	1	0	0	0	0	0.817668	-83.4588	-73.4588	-94.2764	-82.6411	0	10	10	0	-30	0	0	0	-13.4825	13.4825	0	0	0	0	0	0	0	0	0	0	
0	1	0	0	0	0	0.785153	-83.7188	-73.7188	-94.5039	-82.9336	0	10	10	0	-30	0	0	0	-13.5186	13.5186	0	0	0	0	0	0	0	0	0	0	
0	1	0	0	0	0	0.752637	-83.9787	-73.9787	-94.7314	-83.226	0	10	10	0	-30	0	0	0	-13.5547	13.5547	0	0	0	0	0	0	0	0	0	0	
0	1	0	0	0	0	0.721383	-84.2287	-74.2287	-94.9501	-83.5073	0	10	10	0	-30	0	0	0	-13.5869	13.5869	0	0	0	0	0	0	0	0	0	0	
0	1	0	0	0	0	0.690128	-84.4788	-74.4788	-95.1689	-83.7886	0	10	10	0	-30	0	0	0	-13.6191	13.6191	0	0	0	0	0	0	0	0	0	0	
0	1	0	0	0	0	0.660133	-84.7187	-74.7187	-95.3789	-84.0586	0	10	10	0	-30	0	0	0	-13.6472	13.6472	0	0	0	0	0	0	0	0	0	0	
0	1	0	0	0	0	0.630139	-84.9587	-74.9587	-95.5889	-84.3286	0	10	10	0	-30	0	0	0	-13.6753	13.6753	0	0	0	0	0	0	0	0	0	0	
0	1	0	0	0	0	0.601434	-85.1885	-75.1884	-95.7899	-84.587	0	10	10	0	-30	0	0	0	-13.6995	13.6995	0	0	0	0	0	0	0	0	0	0	
0	1	0	0	0	0	0.572729	-85.4182	-75.4182	-95.9909	-84.8455	0	10	10	0	-30	0	0	0	-13.7237	13.7237	0	0	0	0	0	0	0	0	0	0	
0	1	0	0	0	0	0.545284	-85.6377	-75.6376	-96.1829	-85.0923	0	10	10	0	-30	0	0	0	-13.7439	13.7439	-63.5	63.5	-63.5	-63.5	-63.5	0	0	0	0	0	
0	1	0	0	0	0	0.517839	-85.8571	-75.8571	-96.3749	-85.3392	0	10	10	0	-30	0	0	0	-13.7641	13.7641	-127	127	-127	-127	-127	0	0	0	0	0	
0	1	0	0	0	0	0.491741	-86.066	-76.066	-96.5578	-85.5743	0	10	10	0	-30	0	0	0	-13.7802	13.7802	-127	127	-127	-127	-127	0	0	0	0	0	
0	1	0	0	0	0	0.465643	-86.275	-76.2749	-96.7406	-85.8094	0	10	10	0	-30	0	0	0	-13.7963	13.7963	-127	127	-127	-127	-127	0	0	0	0	0	
0	1	0	0	0	0	0.440834	-86.4733	-76.4733	-96.9141	-86.0325	0	10	10	0	-30	0	0	0	-13.8084	13.8084	-127	127	-127	-127	-127	0	0	0	0	0	
0	1	0	0	0	0	0.416025	-86.6717	-76.6717	-97.0877	-86.2556	0	10	10	0	-30	0	0	0	-13.8205	13.8205	-127	127	-127	-127	-127	0	0	0	0	0	
0	1	0	0	0	0	0.392562	-86.8593	-76.8593	-97.2519	-86.4668	0	10	10	0	-30	0	0	0	-13.8286	13.8286	-127	127	-127	-127	-127	0	0	0	0	0	
0	1	0	0	0	0	0.369099	-87.047	-77.047	-97.4161	-86.6779	0	10	10	0	-30	0	0	0	-13.8367	13.8367	-127	127	-127	-127	-127	0	0	0	0	0	
0	1	0	0	0	0	0.347012	-87.2238	-77.2238	-97.5708	-86.8768	0	10	10	0	-30	0	0	0	-13.8408	13.8408	-127	127	-127	-127	-127	0	0	0	0	0	
0	1	0	0	0	0	0.324924	-87.4006	-77.4006	-97.7256	-87.0757	0	10	10	0	-30	0	0	0	-13.8448	13.8448	-127	127	-127	-127	-127	0	0	0	0	0	
0	1	0	0	0	0	0.304183	-87.5665	-77.5665	-97.8707	-87.2624	0	10	10	0	-30	0	0	0	-13.8448	13.8448	-127	127	-127	-127	-127	0	0	0	0	0	
0	1	0	0	0	0	0.283442	-87.7324	-77.7324	-98.0159	-87.449	0	10	10	0	-30	0	0	0	-13.8448	13.8448	-127	127	-127	-127	-127	0	0	0	0	0	
0	1	0	0	0	0	0.264076	-87.8873	-77.8873	-98.1514	-87.6233	0	10	10	0	-30	0	0	0	-13.8407	13.8407	-127	127	-127	-127	-127	0	0	0	0	0	
0	1	0	0	0	0	0.24471	-88.0422	-78.0422	-98.287	-87.7975	0	10	10	0	-30	0	0	0	-13.8367	13.8367	-127	127	-127	-127	-127	0	0	0	0	0	
0	1	0	0	0	0	0.226748	-88.186	-78.186	-98.4128	-87.9593	0	10	10	0	-30	0	0	0	-13.8286	13.8286	-127	127	-127	-127	-127	0	0	0	0	0	
0	1	0	0	0	0	0.208786	-88.3298	-78.3298	-98.5386	-88.1211	0	10	10	0	-30	0	0	0	-13.8205	13.8205	-127	127	-127	-127	-127	0	0	0	0	0	
0	1	0	0	0	0	0.192199	-88.4624	-78.4624	-98.6546	-88.2703	0	10	10	0	-30	0	0	0	-13.8085	13.8085	-127	127	-127	-127	-127	0	0	0	0	0	
0	1	0	0	0	0	0.175612	-88.595	-78.595	-98.7706	-88.4194	0	10	10	0	-30	0	0	0	-13.7964	13.7964	-127	127	-127	-127	-127	0	0	0	0	0	
0	1	0	0	0	0	0.160457	-88.7164	-78.7164	-98.8768	-88.5559	0	10	10	0	-30	0	0	0	-13.7802	13.7802	-127	127	-127	-127	-127	0	0	0	0	0	
0	1	0	0	0	0	0.145302	-88.8377	-78.8377	-98.9829	-88.6924	0	10	10	0	-30	0	0	0	-13.764	13.764	-127	127	-127	-127	-127	0	0	0	0	0	
0	1	0	0	0	0	0.131551	-88.9477	-78.9477	-99.0792	-88.8161	0	10	10	0	-30	0	0	0	-13.7439	13.7439	-127	127	-127	-127	-127	0	0	0	0	0	
0	1	0	0	0	0	0.1178	-89.0576	-79.0576	-99.1754	-88.9398	0	10	10	0	-30	0	0	0	-13.7237	13.7237	-127	127	-127	-127	-127	0	0	0	0	0	
0	1	0	0	0	0	0.105482	-89.1562	-79.1562	-99.2617	-89.0507	0	10	10	0	-30	0	0	0	-13.6995	13.6995	-127	127	-127	-127	-127	0	0	0	0	0	
0	1	0	0	0	0	0.0931629	-89.2548	-79.2548	-99.348	-89.1616	0	10	10	0	-30	0	0	0	-13.6754	13.6754	-127	127	-127	-127	-127	0	0	0	0	0	
0	1	0	0	0	0	0.0822767	-89.3419	-79.3419	-99.4242	-89.2597	0	10	10	0	-30	0	0	0	-13.6472	13.6472	-127	127	-127	-127	-127	0	0	0	0	0	
0	1	0	0	0	0	0.0713905	-89.429	-79.429	-99.5004	-89.3577	0	10	10	0	-30	0	0	0	-13.619	13.619	-127	127	-127	-127	-127	0	0	0	0	0	
0	1	0	0	0	0	0.0619367	-89.5046	-79.5046	-99.5666	-89.4428	0	10	10	0	-30	0	0	0	-13.5869	13.5869	-127	127	-127	-127	-127	0	0	0	0	0	
0	1	0	0	0	0	0.0524829	-89.5802	-79.5802	-99.6327	-89.5278	0	10	10	0	-30	0	0	0	-13.5547	13.5547	-127	127	-127	-127	-127	0	0	0	0	0	
0	1	0	0	0	0	0.0444615	-89.6443	-79.6443	-99.6888	-89.5999	0	10	10	0	-30	0	0	0	-13.5186	13.5186	-127	127	-127	-127	-127	0	0	0	0	0	
0	1	0	0	0	0	0.0364401	-89.7083	-79.7083	-99.7448	-89.6719	0	10	10	0	-30	0	0	0	-13.4824	13.4824	-127	127	-127	-127	-127	0	0	0	0	0	
0	1	0	0	0	0	0.0298797	-89.7608	-79.7608	-99.7907	-89.7309	0	10	10	0	-30	0	0	0	-13.4424	13.4424	-127	127	-127	-127	-127	0	0	0	0	0	
0	1	0	0	0	0	0.0233194	-89.8133	-79.8133	-99.8366	-89.7899	0	10	10	0	-30	0	0	0	-13.4025	13.4025	-127	127	-127	-127	-127	0	0	0	0	0	
0	1	0	0	0	0	0.0182201	-89.8541	-79.8541	-99.8723	-89.8359	0	10	10	0	-30	0	0	0	-13.3585	13.3585	-127	127	-127	-127	-127	0	0	0	0	0	
0	1	0	0	0	0	0.0131207	-89.8949	-79.895	-99.9081	-89.8818	0	10	10	0	-30	0	0	0	-13.3146	13.3146	-127	127	-127	-127	-127	0	0	0	0	0	
0	1	0	0	0	0	0.00948245	-89.9241	-79.9241	-99.9336	-89.9146	0	10	10	0	-30	0	0	0	-13.2668	13.2668	-127	127	-127	-127	-127	0	0	0	0	0	
0	1	0	0	0	0	0.00584417	-89.9533	-79.9533	-99.9591	-89.9474	0	10	10	0	-30	0	0	0	-13.2189	13.2189	-127	127	-127	-127	-127	0	0	0	0	0	
0	1	0	0	0	0	0.00363828	-89.9708	-79.9708	-99.9745	-89.9672	0	10	10	0	-30	0	0	0	-13.1672	13.1672	-127	127	-127	-127	-127	0	0	0	0	0	
0	1	0	0	0	0	0.00143239	-89.9883	-79.9883	-99.9898	-89.9869	0	10	10	0	-30	0	0	0	-13.1155	13.1155	-127	127	-127	-127	-127	0	0	0	0	0	
0	1	0	0	0	0	0.000716197	-89.9941	-79.9942	-99.9949	-89.9934	0	10	10	0	-30	0	0	0	-13.06	13.06	-127	127	-127	-127	-127	0	0	0	0	0	
0	1	0	0	0	0	0	-90	-80	-100	-90	0	10	10	0	-30	0	0	0	-13.0045	13.0045	-127	127	-127	-127	-127	0	0	0	0	0	
0	1	0	0	0	0	0	-90	-80	-100	-90	0	10	10	0	-30	0	0	0	-12.9451	12.9451	-127	127	-127	-127	-127	0	0	0	0	0	
0	1	0	0	0	0	0	-90	-80	-100	-90	0	10	10	0	-30	0	0	0	-12.8858	12.8858	-127	127	-127	-127	-127	0	0	0	0	0	
0	1	0	0	0	0	0	-90	-80	-100	-90	0	10	10	0	-30	0	0	0	-12.8227	12.8227	-127	127	-127	-127	-127	0	0	0	0	0	
0	1	0	0	0	0	0	-90	-80	-100	-90	0	10	10	0	-30	0	0	0	-12.7597	12.7597	-127	127	-127	-127	-127	0	0	0	0	0	
0	1	0	0	0	0	0	-90	-80	-100	-90	0	10	10	0	-30	0	0	0	-12.6928	12.6928	-127	127	-127	-127	-127	0	0	0	0	0	
0	1	0	0	0	0	0	-90	-80	-100	-90	0	10	10	0	-30	0	0	0	-12.626	12.626	-127	127	-127	-127	-127	0	0	0	0	0	
0	1	0	0	0	0	0	-90	-80	-100	-90	0	10	10	0	-30	0	0	0	-12.5555	12.5555	-127	127	-127	-127	-127	0	0	0	0	0	
0	1	0	0	0	0	0	-90	-80	-100	-90	0	10	10	0	-30	0	0	0	-12.4849	12.4849	-127	127	-127	-127	-127	0	0	0	0	0	
0	1	0	0	0	0	0	-90	-80	-100	-90	0	10	10	0	-30	0	0	0	-12.4108	12.4108	-127	0	-127	-127	-127	0	0	0	0	0	
0	1	0	0	0	0	0	-90	-80	-100	-90	0	10	10	0	-30	0	0	0	-12.3367	12.3367	-127	-127	-127	-127	-127	0	0	0	0	0	
0	1	0	0	0	0	0	-90	-80	-100	-90	0	10	10	0	-30	0	0	0	-12.259	12.259	-127	-127	-127	-127	-127	0	0	0	0	0	
0	1	0	0	0	0	0	-90	-80	-100	-90	0	10	10	0	-30	0	0	0	-12.1813	12.1813	-127	-127	-127	-127	-127	0	0	0	0	0	
0	1	0	0	0	0	0	-90	-80	-100	-90	0	10	10	0	-30	0	0	0	-12.0999	12.0999	-127	-127	-127	-127	-127	0	0	0	0	0	
0	1	0	0	0	0	0	-90	-80	-100	-90	0	10	10	0	-30	0	0	0	-12.0186	12.0186	-127	-127	-127	-127	-127	0	0	0	0	0	
0	1	0	0	0	0	0	-90	-80	-100	-90	0	10	10	0	-30	0	0	0	-11.9338	11.9338	-127	-127	-127	-127	-127	0	0	0	0	0	
0	1	0	0	0	0	0	-90	-80	-100	-90	0	10	10	0	-30	0	0	0	-11.849	11.849	-127	-127	-127	-127	-127	0	0	0	0	0	
0	1	0	0	0	0	0	-90	-80	-100	-90	0	10	10	0	-30	0	0	0	-11.7607	11.7607	-127	-127	-127	-127	-127	0	0	0	0	0	
0	1	0	0	0	0	0	-90	-80	-100	-90	0	10	10	0	-30	0	0	0	-11.6725	11.6725	-127	-127	-127	-127	-127	0	0	0	0	0	
0	1	0	0	0	0	0	-90	-80	-100	-90	0	10	10	0	-30	0	0	0	-11.5807	11.5807	-127	-127	-127	-127	-127	0	0	0	0	0	
0	1	0	0	0	0	0	-90	-80	-100	-90	0	10	10	0	-30	0	0	0	-11.489	11.489	-127	-127	-127	-127	-127	0	0	0	0	0	
0	1	0	0	0	0	0	-90	-80	-100	-90	0	10	10	0	-30	0	0	0	-11.394	11.394	-127	-127	-127	-127	-127	0	0	0	0	0	
0	1	0	0	0	0	0	-90	-80	-100	-90	0	10	10	0	-30	0	0	0	-11.2991	11.2991	-127	-127	-127	-127	-127	0	0	0	0	0	
0	1	0	0	0	0	0	-90	-80	-100	-90	0	10	10	0	-30	0	0	0	-11.2007	11.2007	-127	-127	-127	-127	-127	0	0	0	0	0	
0	1	0	0	0	0	0	-90	-80	-100	-90	0	10	10	0	-30	0	0	0	-11.1023	11.1023	-127	-127	-127	-127	-127	0	0	0	0	0	
0	1	0	0	0	0	0	-90	-80	-100	-90	0	10	10	0	-30	0	0	0	-11.0008	11.0008	-127	-127	-127	-127	-127	0	0	0	0	0	
0	1	0	0	0	0	0	-90	-80	-100	-90	0	10	10	0	-30	0	0	0	-10.8993	10.8993	-127	-127	-127	-127	-127	0	0	0	0	0	
0	1	0	0	0	0	0	-90	-80	-100	-90	0	10	10	0	-30	0	0	0	-10.7945	10.7945	-127	-127	-127	-127	-127	0	0	0	0	0	
0	1	0	0	0	0	0	-90	-80	-100	-90	0	10	10	0	-30	0	0	0	-10.6897	10.6897	-127	-127	-127	-127	-127	0	0	0	0	0	
0	1	0	0	0	0	0	-90	-80	-100	-90	0	10	10	0	-30	0	0	0	-10.5818	10.5818	-127	-127	-127	-127	-127	0	0	0	0	0	
0	1	0	0	0	0	0	-90	-80	-100	-90	0	10	10	0	-30	0	0	0	-10.4739	10.4739	-127	-127	-127	-127	-127	0	0	0	0	0	
0	1	0	0	0	0	0	-90	-80	-100	-90	0	10	10	0	-30	0	0	0	-10.3629	10.3629	-63.5	-127	-63.5	-63.5	-63.5	0	0	0	0	0	
0	1	0	0	0	0	0	-90	-80	-100	-90	0	10	10	0	-30	0	0	0	-10.2519	10.2519	0	-127	0	0	0	0	0	0	0	0	
0	1	0	0	0	0	0	-90	-80	-100	-90	0	10	10	0	-30	0	0	0	-10.1381	10.1381	0	-127	0	0	0	0	0	0	0	0	
0	1	0	0	0	0	0	-90	-80	-100	-90	0	10	10	0	-30	0	0	0	-10.0242	10.0242	0	-127	0	0	0	0	0	0	0	0	
0	1	0	0	0	0	0	-90	-80	-100	-90	0	10	10	0	-30	0	0	0	-9.90736	9.90736	0	-127	0	0	0	0	0	0	0	0	
0	1	0	0	0	0	0	-90	-80	-100	-90	0	10	10	0	-30	0	0	0	-9.79053	9.79053	0	-127	0	0	0	0	0	0	0	0	
0	1	0	0	0	0	0	-90	-80	-100	-90	0	10	10	0	-30	0	0	0	-9.67078	9.67078	0	-127	0	0	0	0	0	0	0	0	
0	1	0	0	0	0	0	-90	-80	-100	-90	0	10	10	0	-30	0	0	0	-9.55103	9.55103	0	-127	0	0	0	0	0	0	0	0	
0	1	0	0	0	0	0	-90	-80	-100	-90	0	10	10	0	-30	0	0	0	-9.42856	9.42856	0	-127	0	0	0	0	0	0	0	0	
0	1	0	0	0	0	0	-90	-80	-100	-90	0	10	10	0	-30	0	0	0	-9.3061	9.3061	0	-127	0	0	0	0	0	0	0	0	
0	1	0	0	0	0	0	-90	-80	-100	-90	0	10	10	0	-30	0	0	0	-9.18082	9.18082	0	-127	0	0	0	0	0	0	0	0	
0	1	0	0	0	0	0	-90	-80	-100	-90	0	10	10	0	-30	0	0	0	-9.05554	9.05554	0	-127	0	0	0	0	0	0	0	0	
0	1	0	0	0	0	0	-90	-80	-100	-90	0	10	10	0	-30	0	0	0	-8.92771	8.92771	0	-127	0	0	0	0	0	0	0	0	
0	1	0	0	0	0	0	-90	-80	-100	-90	0	10	10	0	-30	0	0	0	-8.79989	8.79989	0	-127	0	0	0	0	0	0	0	0	
0	1	0	0	0	0	0	-90	-80	-100	-90	0	10	10	0	-30	0	0	0	-8.66942	8.66942	0	-127	0	0	0	0	0	0	0	0	
0	1	0	0	0	0	0	-90	-80	-100	-90	0	10	10	0	-30	0	0	0	-8.53896	8.53896	0	-127	0	0	0	0	0	0	0	0	
0	1	0	0	0	0	0	-90	-80	-100	-90	0	10	10	0	-30	0	0	0	-8.40606	8.40606	0	-127	0	0	0	0	0	0	0	0	
0	1	0	0	0	0	0	-90	-80	-100	-90	0	10	10	0	-30	0	0	0	-8.27317	8.27317	0	-127	0	0	0	0	0	0	0	0	
0	1	0	0	0	0	0	-90	-80	-100	-90	0	10	10	0	-30	0	0	0	-8.13778	8.13778	0	-127	0	0	0	0	0	0	0	0	
0	1	0	0	0	0	0	-90	-80	-100	-90	0	10	10	0	-30	0	0	0	-8.00239	8.00239	0	-127	0	0	0	0	0	0	0	0	
0	1	0	0	0	0	0	-90	-80	-100	-90	0	10	10	0	-30	0	0	0	-7.86473	7.86473	0	-127	0	0	0	0	0	0	0	0	
0	1	0	0	0	0	0	-90	-80	-100	-90	0	10	10	0	-30	0	0	0	-7.72708	7.72708	0	-127	0	0	0	0	0	0	0	0	
0	1	0	0	0	0	0	-90	-80	-100	-90	0	10	10	0	-30	0	0	0	-7.58714	7.58714	0	-127	0	0	0	0	0	0	0	0	
0	1	0	0	0	0	0	-90	-80	-100	-90	0	10	10	0	-30	0	0	0	-7.44719	7.44719	0	-127	0	0	0	0	0	0	0	0	
0	1	0	0	0	0	0	-90	-80	-100	-90	0	10	10	0	-30	0	0	0	-7.30507	7.30507	0	-127	0	0	0	0	0	0	0	0	
0	1	0	0	0	0	0	-90	-80	-100	-90	0	10	10	0	-30	0	0	0	-7.16295	7.16295	0	-127	0	0	0	0	0	0	0	0	
0	1	0	0	0	0	0	-90	-80	-100	-90	0	10	10	0	-30	0	0	0	-7.01876	7.01876	0	-127	0	0	0	0	0	0	0	0	
0	1	0	0	0	0	0	-90	-80	-100	-90	0	10	10	0	-30	0	0	0	-6.87458	6.87458	0	-127	0	0	0	0	0	0	0	0	
0	1	0	0	0	0	0	-90	-80	-100	-90	0	10	10	0	-30	0	0	0	-6.72836	6.72836	0	-127	0	0	0	0	0	0	0	0	
0	1	0	0	0	0	0	-90	-80	-100	-90	0	10	10	0	-30	0	0	0	-6.58214	6.58214	0	-127	0	0	0	0	0	0	0	0	
0	1	0	0	0	0	0	-90	-80	-100	-90	0	10	10	0	-30	0	0	0	-6.43406	6.43406	0	-127	0	0	0	0	0	0	0	0	
0	1	0	0	0	0	0	-90	-80	-100	-90	0	10	10	0	-30	0	0	0	-6.28598	6.28598	0	-127	0	0	0	0	0	0	0	0	
0	1	0	0	0	0	0	-90	-80	-100	-90	0	10	10	0	-30	0	0	0	-6.13592	6.13592	0	-127	0	0	0	0	0	0	0	0	
0	1	0	0	0	0	0	-90	-80	-100	-90	0	10	10	0	-30	0	0	0	-5.98586	5.98586	0	-127	0	0	0	0	0	0	0	0	
0	1	0	0	0	0	0	-90	-80	-100	-90	0	10	10	0	-30	0	0	0	-5.83423	5.83423	0	-127	0	0	0	0	0	0	0	0	
0	1	0	0	0	0	0	-90	-80	-100	-90	0	10	10	0	-30	0	0	0	-5.6826	5.6826	0	-127	0	0	0	0	0	0	0	0	
0	1	0	0	0	0	0	-90	-80	-100	-90	0	10	10	0	-30	0	0	0	-5.5291	5.5291	0	-127	0	0	0	0	0	0	0	0	
0	1	0	0	0	0	0	-90	-80	-100	-90	0	10	10	0	-30	0	0	0	-5.3756	5.3756	0	-127	0	0	0	0	0	0	0	0	
0	1	0	0	0	0	0	-90	-80	-100	-90	0	10	10	0	-30	0	0	0	-5.22076	5.22076	0	-127	0	0	0	0	0	0	0	0	
0	1	0	0	0	0	0	-90	-80	-100	-90	0	10	10	0	-30	0	0	0	-5.06592	5.06592	0	-127	0	0	0	0	0	0	0	0	
0	1	0	0	0	0	0	-90	-80	-100	-90	0	10	10	0	-30	0	0	0	-4.90942	4.90942	0	-127	0	0	0	0	0	0	0	0	
0	1	0	0	0	0	0	-90	-80	-100	-90	0	10	10	0	-30	0	0	0	-4.75291	4.75291	0	-127	0	0	0	0	0	0	0	0	
0	1	0	0	0	0	0	-90	-80	-100	-90	0	10	10	0	-30	0	0	0	-4.59518	4.59518	0	-127	0	0	0	0	0	0	0	0	
0	1	0	0	0	0	0	-90	-80	-100	-90	0	10	10	0	-30	0	0	0	-4.43744	4.43744	0	-127	0	0	0	0	0	0	0	0	
0	1	0	0	0	0	0	-90	-80	-100	-90	0	10	10	0	-30	0	0	0	-4.27833	4.27833	0	-127	0	0	0	0	0	0	0	0	
0	1	0	0	0	0	0	-90	-80	-100	-90	0	10	10	0	-30	0	0	0	-4.11922	4.11922	0	-127	0	0	0	0	0	0	0	0	
0	1	0	0	0	0	0	-90	-80	-100	-90	0	10	10	0	-30	0	0	0	-3.95891	3.95891	0	-127	0	0	0	0	0	0	0	0	
0	1	0	0	0	0	0	-90	-80	-100	-90	0	10	10	0	-30	0	0	0	-3.7986	3.7986	0	-127	0	0	0	0	0	0	0	0	
0	1	0	0	0	0	0	-90	-80	-100	-90	0	10	10	0	-30	0	0	0	-3.63716	3.63716	0	-127	0	0	0	0	0	0	0	0	
0	1	0	0	0	0	0	-90	-80	-100	-90	0	10	10	0	-30	0	0	0	-3.47573	3.47573	0	-127	0	0	0	0	0	0	0	0	
0	1	0	0	0	0	0	-90	-80	-100	-90	0	10	10	0	-30	0	0	0	-3.31324	3.31324	0	-127	0	0	0	0	0	0	0	0	
0	1	0	0	0	0	0	-90	-80	-100	-90	0	10	10	0	-30	0	0	0	-3.15075	3.15075	0	-127	0	0	0	0	0	0	0	0	
0	1	0	0	0	0	0	-90	-80	-100	-90	0	10	10	0	-30	0	0	0	-2.98749	2.98749	0	-127	0	0	0	0	0	0	0	0	
0	1	0	0	0	0	0	-90	-80	-100	-90	0	10	10	0	-30	0	0	0	-2.82422	2.82422	0	-127	0	0	0	0	0	0	0	0	
0	1	0	0	0	0	0	-90	-80	-100	-90	0	10	10	0	-30	0	0	0	-2.66001	2.66001	0	-127	0	0	0	0	0	0	0	0	
0	1	0	0	0	0	0	-90	-80	-100	-90	0	10	10	0	-30	0	0	0	-2.4958	2.4958	0	-127	0	0	0	0	0	0	0	0	
0	1	0	0	0	0	0	-90	-80	-100	-90	0	10	10	0	-30	0	0	0	-2.33091	2.33091	0	-127	0	0	0	0	0	0	0	0	
0	1	0	0	0	0	0	-90	-80	-100	-90	0	10	10	0	-30	0	0	0	-2.16601	2.16601	0	-127	0	0	0	0	0	0	0	0	
0	1	0	0	0	0	0	-90	-80	-100	-90	0	10	10	0	-30	0	0	0	-2.00042	2.00042	0	-127	0	0	0	0	0	0	0	0	
0	1	0	0	0	0	0	-90	-80	-100	-90	0	10	10	0	-30	0	0	0	-1.83484	1.83484	0	-127	0	0	0	0	0	0	0	0	
0	1	0	0	0	0	0	-90	-80	-100	-90	0	10	10	0	-30	0	0	0	-1.6688	1.6688	0	-127	0	0	0	0	0	0	0	0	
0	1	0	0	0	0	0	-90	-80	-100	-90	0	10	10	0	-30	0	0	0	-1.50275	1.50275	0	-127	0	0	0	0	0	0	0	0	
0	1	0	0	0	0	0	-90	-80	-100	-90	0	10	10	0	-30	0	0	0	-1.33625	1.33625	0	-127	0	0	0	0	0	0	0	0	
0	1	0	0	0	0	0	-90	-80	-100	-90	0	10	10	0	-30	0	0	0	-1.16975	1.16975	0	-127	0	0	0	0	0	0	0	0	
0	1	0	0	0	0	0	-90	-80	-100	-90	0	10	10	0	-30	0	0	0	-1.00288	1.00288	0	-127	0	0	0	0	0	0	0	0	
0	1	0	0	0	0	0	-90	-80	-100	-90	0	10	10	0	-30	0	0	0	-0.836003	0.836003	0	-127	0	0	0	0	0	0	0	0	
0	1	0	0	0	0	0	-90	-80	-100	-90	0	10	10	0	-30	0	0	0	-0.668871	0.668871	0	-127	0	0	0	0	0	0	0	0	
0	1	0	0	0	0	0	-90	-80	-100	-90	0	10	10	0	-30	0	0	0	-0.501739	0.501739	0	-127	0	0	0	0	0	0	0	0	
0	1	0	0	0	0	0	-90	-80	-100	-90	0	10	10	0	-30	0	0	0	-0.334521	0.334521	0	-127	0	0	0	0	0	0	0	0	
0	1	0	0	0	0	0	-90	-80	-100	-90	0	10	10	0	-30	0	0	0	-0.167304	0.167304	0	-127	0	0	0	0	0	0	0	0	
0	1	0	0	0	0	0	-90	-80	-100	-90	0	10	10	0	-30	0	0	0	-0.0836518	0.0836518	0	-127	0	0	0	0	0	0	0	0	
0	1	0	0	0	0	0	-90	-80	-100	-90	0	10	10	0	-30	0	0	0	0	0	0	-127	0	0	0	0	0	0	0	0	
0	1	0	0	0	0	0	-90	-80	-100	-90	0	10	10	0	-30	0	0	0	0	0	0	-127	0	0	0	0	0	0	0	0	
0	1	0	0	0	0	0	-90	-80	-100	-90	0	10	10	0	-30	0	0	0	0	0	0	-127	0	0	0	0	0	0	0	0	
0	1	0	0	0	0	0	-90	-80	-100	-90	0	10	10	0	-30	0	0	0	0	0	0	0	0	0	0	0	0	0	0	0	
0	1	0	0	0	0	0	-90	-80	-100	-90	0	10	10	0	-30	0	0	0	0	0	0	127	0	0	0	0	0	0	0	0	
0	1	0	0	0	0	0	-90	-80	-100	-90	0	10	10	0	-30	0	0	0	0	0	0	127	0	0	0	0	0	0	0	0	
0	1	0	0	0	0	0	-90	-80	-100	-90	0	10	10	0	-30	0	0	0	0	0	0	127	0	0	0	0	0	0	0	0	
0	1	0	0	0	0	0	-90	-80	-100	-90	0	10	10	0	-30	0	0	0	0	0	0	127	0	0	0	0	0	0	0	0	
0	1	0	0	0	0	0	-90	-80	-100	-90	0	10	10	0	-30	0	0	0	0	0	0	127	0	0	0	0	0	0	0	0	
0	1	0	0	0	0	0	-90	-80	-100	-90	0	10	10	0	-30	0	0	0	0	0	0	127	0	0	0	0	0	0	0	0	
0	1	0	0	0	0	0	-90	-80	-100	-90	0	10	10	0	-30	0	0	0	0	0	0	127	0	0	0	0	0	0	0	0	
0	1	0	0	0	0	0	-90	-80	-100	-90	0	10	10	0	-30	0	0	0	0	0	0	127	0	0	0	0	0	0	0	0	
0	1	0	0	0	0	0	-90	-80	-100	-90	0	10	10	0	-30	0	0	0	0	0	0	127	0	0	0	0	0	0	0	0	
0	1	0	0	0	0	0	-90	-80	-100	-90	0	10	10	0	-30	0	0	0	0	0	0	127	0	0	0	0	0	0	0	0	
0	1	0	0	0	0	0	-90	-80	-100	-90	0	10	10	0	-30	0	0	0	0	0	0	127	0	0	0	0	0	0	0	0	
0	1	0	0	0	0	0	-90	-80	-100	-90	0	10	10	0	-30	0	0	0	0	0	0	127	0	0	0	0	0	0	0	0	
0	1	0	0	0	0	0	-90	-80	-100	-90	0	10	10	0	-30	0	0	0	0	0	0	127	0	0	0	0	0	0	0	0	
0	1	0	0	0	0	0	-90	-80	-100	-90	0	10	10	0	-30	0	0	0	0	0	0	127	0	0	0	0	0	0	0	0	
0	1	0	0	0	0	0	-90	-80	-100	-90	0	10	10	0	-30	0	0	0	0	0	0	127	0	0	0	0	0	0	0	0	
0	1	0	0	0	0	0	-90	-80	-100	-90	0	10	10	0	-30	0	0	0	0	0	0	127	0	0	0	0	0	0	0	0	
0	1	0	0	0	0	0	-90	-80	-100	-90	0	10	10	0	-30	0	0	0	0	0	0	127	0	0	0	0	0	0	0	0	
0	1	0	0	0	0	0	-90	-80	-100	-90	0	10	10	0	-30	0	0	0	0	0	0	127	0	0	0	0	0	0	0	0	
0	1	0	0	0	0	0	-90	-80	-100	-90	0	10	10	0	-30	0	0	0	0	0	0	127	0	0	0	0	0	0	0	0	
0	1	0	0	0	0	0	-90	-80	-100	-90	0	10	10	0	-30	0	0	0	0	0	0	127	0	0	0	0	0	0	0	0	
0	1	0	0	0	0	0	-90	-80	-100	-90	0	10	10	0	-30	0	0	0	0	0	0	127	0	0	0	0	0	0	0	0	
0	1	0	0	0	0	0	-90	-80	-100	-90	0	10	10	0	-30	0	0	0	0	0	0	127	0	0	0	0	0	0	0	0	
0	1	0	0	0	0	0	-90	-80	-100	-90	0	10	10	0	-30	0	0	0	0	0	0	127	0	0	0	0	0	0	0	0	
0	1	0	0	0	0	0	-90	-80	-100	-90	0	10	10	0	-30	0	0	0	0	0	0	127	0	0	0	0	0	0	0	0	
0	1	0	0	0	0	0	-90	-80	-100	-90	0	10	10	0	-30	0	0	0	0	0	0	127	0	0	0	0	0	0	0	0	
0	1	0	0	0	0	0	-90	-80	-100	-90	0	10	10	0	-30	0	0	0	0	0	0	127	0	0	0	0	0	0	0	0	
0	1	0	0	0	0	0	-90	-80	-100	-90	0	10	10	0	-30	0	0	0	0	0	0	127	0	0	0	0	0	0	0	0	
0	1	0	0	0	0	0	-90	-80	-100	-90	0	10	10	0	-30	0	0	0	0	0	0	127	0	0	0	0	0	0	0	0	
0	1	0	0	0	0	0	-90	-80	-100	-90	0	10	10	0	-30	0	0	0	0	0	0	127	0	0	0	0	0	0	0	0	
0	1	0	0	0	0	0	-90	-80	-100	-90	0	10	10	0	-30	0	0	0	0	0	0	127	0	0	0	0	0	0	0	0	
0	1	0	0	0	0	0	-90	-80	-100	-90	0	10	10	0	-30	0	0	0	0	0	0	127	0	0	0	0	0	0	0	0	
0	1	0	0	0	0	0	-90	-80	-100	-90	0	10	10	0	-30	0	0	0	0	0	0	127	0	0	0	0	0	0	0	0	
0	1	0	0	0	0	0	-90	-80	-100	-90	0	10	10	0	-30	0	0	0	0	0	0	127	0	0	0	0	0	0	0	0	
0	1	0	0	0	0	0	-90	-80	-100	-90	0	10	10	0	-30	0	0	0	0	0	0	127	0	0	0	0	0	0	0	0	
0	1	0	0	0	0	0	-90	-80	-100	-90	0	10	10	0	-30	0	0	0	0	0	0	127	0	0	0	0	0	0	0	0	
0	1	0	0	0	0	0	-90	-80	-100	-90	0	10	10	0	-30	0	0	0	0	0	0	127	0	0	0	0	0	0	0	0	
0	1	0	0	0	0	0	-90	-80	-100	-90	0	10	10	0	-30	0	0	0	0	0	0	127	0	0	0	0	0	0	0	0	
0	1	0	0	0	0	0	-90	-80	-100	-90	0	10	10	0	-30	0	0	0	0	0	0	127	0	0	0	0	0	0	0	0	
0	1	0	0	0	0	0	-90	-80	-100	-90	0	10	10	0	-30	0	0	0	0	0	0	127	0	0	0	0	0	0	0	0	
0	1	0	0	0	0	0	-90	-80	-100	-90	0	10	10	0	-30	0	0	0	0	0	0	127	0	0	0	0	0	0	0	0	
0	1	0	0	0	0	0	-90	-80	-100	-90	0	10	10	0	-30	0	0	0	0	0	0	127	0	0	0	0	0	0	0	0	
0	1	0	0	0	0	0	-90	-80	-100	-90	0	10	10	0	-30	0	0	0	0	0	0	127	0	0	0	0	0	0	0	0	
0	1	0	0	0	0	0	-90	-80	-100	-90	0	10	10	0	-30	0	0	0	0	0	0	127	0	0	0	0	0	0	0	0	
0	1	0	0	0	0	0	-90	-80	-100	-90	0	10	10	0	-30	0	0	0	0	0	0	127	0	0	0	0	0	0	0	0	
0	1	0	0	0	0	0	-90	-80	-100	-90	0	10	10	0	-30	0	0	0	0	0	0	127	0	0	0	0	0	0	0	0	
0	1	0	0	0	0	0	-90	-80	-100	-90	0	10	10	0	-30	0	0	0	0	0	0	127	0	0	0	0	0	0	0	0	
0	1	0	0	0	0	0	-90	-80	-100	-90	0	10	10	0	-30	0	0	0	0	0	0	127	0	0	0	0	0	0	0	0	
0	1	0	0	0	0	0	-90	-80	-100	-90	0	10	10	0	-30	0	0	0	0	0	0	127	0	0	0	0	0	0	0	0	
0	1	0	0	0	0	0	-90	-80	-100	-90	0	10	10	0	-30	0	0	0	0	0	0	127	0	0	0	0	0	0	0	0	
0	1	0	0	0	0	0	-90	-80	-100	-90	0	10	10	0	-30	0	0	0	0	0	0	127	0	0	0	0	0	0	0	0	
0	1	0	0	0	0	0	-90	-80	-100	-90	0	10	10	0	-30	0	0	0	0	0	0	127	0	0	0	0	0	0	0	0	
0	1	0	0	0	0	0	-90	-80	-100	-90	0	10	10	0	-30	0	0	0	0	0	0	127	0	0	0	0	0	0	0	0	
0	1	0	0	0	0	0	-90	-80	-100	-90	0	10	10	0	-30	0	0	0	0	0	0	127	0	0	0	0	0	0	0	0	
0	1	0	0	0	0	0	-90	-80	-100	-90	0	10	10	0	-30	0	0	0	0	0	0	127	0	0	0	0	0	0	0	0	
0	1	0	0	0	0	0	-90	-80	-100	-90	0	10	10	0	-30	0	0	0	0	0	0	127	0	0	0	0	0	0	0	0	
0	1	0	0	0	0	0	-90	-80	-100	-90	0	10	10	0	-30	0	0	0	0	0	0	127	0	0	0	0	0	0	0	0	
0	1	0	0	0	0	0	-90	-80	-100	-90	0	10	10	0	-30	0	0	0	0	0	0	127	0	0	0	0	0	0	0	0	
0	1	0	0	0	0	0	-90	-80	-100	-90	0	10	10	0	-30	0	0	0	0	0	0	127	0	0	0	0	0	0	0	0	
0	1	0	0	0	0	0	-90	-80	-100	-90	0	10	10	0	-30	0	0	0	0	0	0	127	0	0	0	0	0	0	0	0	
0	1	0	0	0	0	0	-90	-80	-100	-90	0	10	10	0	-30	0	0	0	0	0	0	127	0	0	0	0	0	0	0	0	
0	1	0	0	0	0	0	-90	-80	-100	-90	0	10	10	0	-30	0	0	0	0	0	0	127	0	0	0	0	0	0	0	0	
0	1	0	0	0	0	0	-90	-80	-100	-90	0	10	10	0	-30	0	0	0	0	0	0	127	0	0	0	0	0	0	0	0	
0	1	0	0	0	0	0	-90	-80	-100	-90	0	10	10	0	-30	0	0	0	0	0	0	127	0	0	0	0	0	0	0	0	
0	1	0	0	0	0	0	-90	-80	-100	-90	0	10	10	0	-30	0	0	0	0	0	0	127	0	0	0	0	0	0	0	0	
0	1	0	0	0	0	0	-90	-80	-100	-90	0	10	10	0	-30	0	0	0	0	0	0	127	0	0	0	0	0	0	0	0	
0	1	0	0	0	0	0	-90	-80	-100	-90	0	10	10	0	-30	0	0	0	0	0	0	127	0	0	0	0	0	0	0	0	
0	1	0	0	0	0	0	-90	-80	-100	-90	0	10	10	0	-30	0	0	0	0	0	0	127	0	0	0	0	0	0	0	0	
0	1	0	0	0	0	0	-90	-80	-100	-90	0	10	10	0	-30	0	0	0	0	0	0	127	0	0	0	0	0	0	0	0	
0	1	0	0	0	0	0	-90	-80	-100	-90	0	10	10	0	-30	0	0	0	0	0	0	127	0	0	0	0	0	0	0	0	
0	1	0	0	0	0	0	-90	-80	-100	-90	0	10	10	0	-30	0	0	0	0	0	0	127	0	0	0	0	0	0	0	0	
0	1	0	0	0	0	0	-90	-80	-100	-90	0	10	10	0	-30	0	0	0	0	0	0	127	0	0	0	0	0	0	0	0	
0	1	0	0	0	0	0	-90	-80	-100	-90	0	10	10	0	-30	0	0	0	0	0	0	127	0	0	0	0	0	0	0	0	
0	1	0	0	0	0	0	-90	-80	-100	-90	0	10	10	0	-30	0	0	0	0	0	0	127	0	0	0	0	0	0	0	0	
0	1	0	0	0	0	0	-90	-80	-100	-90	0	10	10	0	-30	0	0	0	0	0	0	127	0	0	0	0	0	0	0	0	
0	1	0	0	0	0	0	-90	-80	-100	-90	0	10	10	0	-30	0	0	0	0	0	0	127	0	0	0	0	0	0	0	0	
0	1	0	0	0	0	0	-90	-80	-100	-90	0	10	10	0	-30	0	0	0	0	0	0	127	0	0	0	0	0	0	0	0	
0	1	0	0	0	0	0	-90	-80	-100	-90	0	10	10	0	-30	0	0	0	0	0	0	127	0	0	0	0	0	0	0	0	
0	1	0	0	0	0	0	-90	-80	-100	-90	0	10	10	0	-30	0	0	0	0	0	0	127	0	0	0	0	0	0	0	0	
0	1	0	0	0	0	0	-90	-80	-100	-90	0	10	10	0	-30	0	0	0	0	0	0	127	0	0	0	0	0	0	0	0	
0	1	0	0	0	0	0	-90	-80	-100	-90	0	10	10	0	-30	0	0	0	0	0	0	127	0	0	0	0	0	0	0	0	
0	1	0	0	0	0	0	-90	-80	-100	-90	0	10	10	0	-30	0	0	0	0	0	0	127	0	0	0	0	0	0	0	0	
0	1	0	0	0	0	0	-90	-80	-100	-90	0	10	10	0	-30	0	0	0	0	0	0	127	0	0	0	0	0	0	0	0	
0	1	0	0	0	0	0	-90	-80	-100	-90	0	10	10	0	-30	0	0	0	0	0	0	127	0	0	0	0	0	0	0	0	
0	1	0	0	0	0	0	-90	-80	-100	-90	0	10	10	0	-30	0	0	0	0	0	0	127	0	0	0	0	0	0	0	0	
0	1	0	0	0	0	0	-90	-80	-100	-90	0	10	10	0	-30	0	0	0	0	0	0	127	0	0	0	0	0	0	0	0	
0	1	0	0	0	0	0	-90	-80	-100	-90	0	10	10	0	-30	0	0	0	0	0	0	127	0	0	0	0	0	0	0	0	
0	1	0	0	0	0	0	-90	-80	-100	-90	0	10	10	0	-30	0	0	0	0	0	0	127	0	0	0	0	0	0	0	0	
0	1	0	0	0	0	0	-90	-80	-100	-90	0	10	10	0	-30	0	0	0	0	0	0	127	0	0	0	0	0	0	0	0	
0	1	0	0	0	0	0	-90	-80	-100	-90	0	10	10	0	-30	0	0	0	0	0	0	127	0	0	0	0	0	0	0	0	
0	1	0	0	0	0	0	-90	-80	-100	-90	0	10	10	0	-30	0	0	0	0	0	0	127	0	0	0	0	0	0	0	0	
0	1	0	0	0	0	0	-90	-80	-100	-90	0	10	10	0	-30	0	0	0	0	0	0	127	0	0	0	0	0	0	0	0	
0	1	0	0	0	0	0	-90	-80	-100	-90	0	10	10	0	-30	0	0	0	0	0	0	127	0	0	0	0	0	0	0	0	
0	1	0	0	0	0	0	-90	-80	-100	-90	0	10	10	0	-30	0	0	0	0	0	0	127	0	0	0	0	0	0	0	0	
0	1	0	0	0	0	0	-90	-80	-100	-90	0	10	10	0	-30	0	0	0	0	0	0	127	0	0	0	0	0	0	0	0	
0	1	0	0	0	0	0	-90	-80	-100	-90	0	10	10	0	-30	0	0	0	0	0	0	127	0	0	0	0	0	0	0	0	
0	1	0	0	0	0	0	-90	-80	-100	-90	0	10	10	0	-30	0	0	0	0	0	0	0	0	0	0	0	0	0	0	0	
0	1	0	0	0	0	0	-90	-80	-100	-90	0	10	10	0	-30	0	0	0	0	0	0	-127	0	0	0	0	0	0	0	0	
0	1	0	0	0	0	0	-90	-80	-100	-90	0	10	10	0	-30	0	0	0	0	0	0	-127	0	0	0	0	0	0	0	0	
0	1	0	0	0	0	0	-90	-80	-100	-90	0	10	10	0	-30	0	0	0	0	0	0	-127	0	0	0	0	0	0	0	0	
0	1	0	0	0	0	0	-90	-80	-100	-90	0	10	10	0	-30	0	0	0	0	0	0	-127	0	0	0	0	0	0	0	0	
0	1	0	0	0	0	0	-90	-80	-100	-90	0	10	10	0	-30	0	0	0	0	0	0	-127	0	0	0	0	0	0	0	0	
0	1	0	0	0	0	0	-90	-80	-100	-90	0	10	10	0	-30	0	0	0	0	0	0	-127	0	0	0	0	0	0	0	0	
0	1	0	0	0	0	0	-90	-80	-100	-90	0	10	10	0	-30	0	0	0	0	0	0	-127	0	0	0	0	0	0	0	0	
0	1	0	0	0	0	0	-90	-80	-100	-90	0	10	10	0	-30	0	0	0	0	0	0	-127	0	0	0	0	0	0	0	0	
0	1	0	0	0	0	0	-90	-80	-100	-90	0	10	10	0	-30	0	0	0	0	0	0	-127	0	0	0	0	0	0	0	0	
0	1	0	0	0	0	0	-90	-80	-100	-90	0	10	10	0	-30	0	0	0	0	0	0	-127	0	0	0	0	0	0	0	0	
0	1	0	0	0	0	0	-90	-80	-100	-90	0	10	10	0	-30	0	0	0	0	0	0	-127	0	0	0	0	0	0	0	0	
0	1	0	0	0	0	0	-90	-80	-100	-90	0	10	10	0	-30	0	0	0	0	0	0	-127	0	0	0	0	0	0	0	0	
0	1	0	0	0	0	0	-90	-80	-100	-90	0	10	10	0	-30	0	0	0	0	0	0	-127	0	0	0	0	0	0	0	0	
0	1	0	0	0	0	0	-90	-80	-100	-90	0	10	10	0	-30	0	0	0	0	0	0	-127	0	0	0	0	0	0	0	0	
0	1	0	0	0	0	0	-90	-80	-100	-90	0	10	10	0	-30	0	0	0	0	0	0	-127	0	0	0	0	0	0	0	0	
0	1	0	0	0	0	0	-90	-80	-100	-90	0	10	10	0	-30	0	0	0	0	0	0	-127	0	0	0	0	0	0	0	0	
0	1	0	0	0	0	0	-90	-80	-100	-90	0	10	10	0	-30	0	0	0	0	0	0	-127	0	0	0	0	0	0	0	0	
0	1	0	0	0	0	0	-90	-80	-100	-90	0	10	10	0	-30	0	0	0	0	0	0	-127	0	0	0	0	0	0	0	0	
0	1	0	0	0	0	0	-90	-80	-100	-90	0	10	10	0	-30	0	0	0	0	0	0	-127	0	0	0	0	0	0	0	0	
0	1	0	0	0	0	0	-90	-80	-100	-90	0	10	10	0	-30	0	0	0	0	0	0	-127	0	0	0	0	0	0	0	0	
0	1	0	0	0	0	0	-90	-80	-100	-90	0	10	10	0	-30	0	0	0	0	0	0	-127	0	0	0	0	0	0	0	0	
0	1	0	0	0	0	0	-90	-80	-100	-90	0	10	10	0	-30	0	0	0	0	0	0	-127	0	0	0	0	0	0	0	0	
0	1	0	0	0	0	0	-90	-80	-100	-90	0	10	10	0	-30	0	0	0	0	0	0	-127	0	0	0	0	0	0	0	0	
0	1	0	0	0	0	0	-90	-80	-100	-90	0	10	10	0	-30	0	0	0	0	0	0	-127	0	0	0	0	0	0	0	0	
0	1	0	0	0	0	0	-90	-80	-100	-90	0	10	10	0	-30	0	0	0	0	0	0	-127	0	0	0	0	0	0	0	0	
0	1	0	0	0	0	0	-90	-80	-100	-90	0	10	10	0	-30	0	0	0	0	0	0	-127	0	0	0	0	0	0	0	0	
0	1	0	0	0	0	0	-90	-80	-100	-90	0	10	10	0	-30	0	0	0	0	0	0	-127	0	0	0	0	0	0	0	0	
0	1	0	0	0	0	0	-90	-80	-100	-90	0	10	10	0	-30	0	0	0	0	0	0	-127	0	0	0	0	0	0	0	0	
0	1	0	0	0	0	0	-90	-80	-100	-90	0	10	10	0	-30	0	0	0	0	0	0	-127	0	0	0	0	0	0	0	0	
0	1	0	0	0	0	0	-90	-80	-100	-90	0	10	10	0	-30	0	0	0	0	0	0	-127	0	0	0	0	0	0	0	0	
0	1	0	0	0	0	0	-90	-80	-100	-90	0	10	10	0	-30	0	0	0	0	0	0	-127	0	0	0	0	0	0	0	0	
0	1	0	0	0	0	0	-90	-80	-100	-90	0	10	10	0	-30	0	0	0	0	0	0	-127	0	0	0	0	0	0	0	0	
0	1	0	0	0	0	0	-90	-80	-100	-90	0	10	10	0	-30	0	0	0	0	0	0	-127	0	0	0	0	0	0	0	0	
0	1	0	0	0	0	0	-90	-80	-100	-90	0	10	10	0	-30	0	0	0	0	0	0	-127	0	0	0	0	0	0	0	0	
0	1	0	0	0	0	0	-90	-80	-100	-90	0	10	10	0	-30	0	0	0	0	0	0	-127	0	0	0	0	0	0	0	0	
0	1	0	0	0	0	0	-90	-80	-100	-90	0	10	10	0	-30	0	0	0	0	0	0	-127	0	0	0	0	0	0	0	0	
0	1	0	0	0	0	0	-90	-80	-100	-90	0	10	10	0	-30	0	0	0	0	0	0	-127	0	0	0	0	0	0	0	0	
0	1	0	0	0	0	0	-90	-80	-100	-90	0	10	10	0	-30	0	0	0	0	0	0	-127	0	0	0	0	0	0	0	0	
0	1	0	0	0	0	0	-90	-80	-100	-90	0	10	10	0	-30	0	0	0	0	0	0	-127	0	0	0	0	0	0	0	0	
0	1	0	0	0	0	0	-90	-80	-100	-90	0	10	10	0	-30	0	0	0	0	0	0	-127	0	0	0	0	0	0	0	0	
0	1	0	0	0	0	0	-90	-80	-100	-90	0	10	10	0	-30	0	0	0	0	0	0	-127	0	0	0	0	0	0	0	0	
0	1	0	0	0	0	0	-90	-80	-100	-90	0	10	10	0	-30	0	0	0	0	0	0	-127	0	0	0	0	0	0	0	0	
0	1	0	0	0	0	0	-90	-80	-100	-90	0	10	10	0	-30	0	0	0	0	0	0	-127	0	0	0	0	0	0	0	0	
0	1	0	0	0	0	0	-90	-80	-100	-90	0	10	10	0	-30	0	0	0	0	0	0	-127	0	0	0	0	0	0	0	0	
0	1	0	0	0	0	0	-90	-80	-100	-90	0	10	10	0	-30	0	0	0	0	0	0	-127	0	0	0	0	0	0	0	0	
0	1	0	0	0	0	0	-90	-80	-100	-90	0	10	10	0	-30	0	0	0	0	0	0	-127	0	0	0	0	0	0	0	0	
0	1	0	0	0	0	0	-90	-80	-100	-90	0	10	10	0	-30	0	0	0	0	0	0	-127	0	0	0	0	0	0	0	0	
0	1	0	0	0	0	0	-90	-80	-100	-90	0	10	10	0	-30	0	0	0	0	0	0	-127	0	0	0	0	0	0	0	0	
0	1	0	0	0	0	0	-90	-80	-100	-90	0	10	10	0	-30	0	0	0	0	0	0	-127	0	0	0	0	0	0	0	0	
0	1	0	0	0	0	0	-90	-80	-100	-90	0	10	10	0	-30	0	0	0	0	0	0	-127	0	0	0	0	0	0	0	0	
0	1	0	0	0	0	0	-90	-80	-100	-90	0	10	10	0	-30	0	0	0	0	0	0	-127	0	0	0	0	0	0	0	0	
0	1	0	0	0	0	0	-90	-80	-100	-90	0	10	10	0	-30	0	0	0	0	0	0	-127	0	0	0	0	0	0	0	0	
0	1	0	0	0	0	0	-90	-80	-100	-90	0	10	10	0	-30	0	0	0	0	0	0	-127	0	0	0	0	0	0	0	0	
0	1	0	0	0	0	0	-90	-80	-100	-90	0	10	10	0	-30	0	0	0	0	0	0	-127	0	0	0	0	0	0	0	0	
0	1	0	0	0	0	0	-90	-80	-100	-90	0	10	10	0	-30	0	0	0	0	0	0	-127	0	0	0	0	0	0	0	0	
0	1	0	0	0	0	0	-90	-80	-100	-90	0	10	10	0	-30	0	0	0	0	0	0	-127	0	0	0	0	0	0	0	0	
0	1	0	0	0	0	0	-90	-80	-100	-90	0	10	10	0	-30	0	0	0	0	0	0	-127	0	0	0	0	0	0	0	0	
0	1	0	0	0	0	0	-90	-80	-100	-90	0	10	10	0	-30	0	0	0	0	0	0	-127	0	0	0	0	0	0	0	0	
0	1	0	0	0	0	0	-90	-80	-100	-90	0	10	10	0	-30	0	0	0	0	0	0	-127	0	0	0	0	0	0	0	0	
0	1	0	0	0	0	0	-90	-80	-100	-90	0	10	10	0	-30	0	0	0	0	0	0	-127	0	0	0	0	0	0	0	0	
0	1	0	0	0	0	0	-90	-80	-100	-90	0	10	10	0	-30	0	0	0	0	0	0	-127	0	0	0	0	0	0	0	0	
0	1	0	0	0	0	0	-90	-80	-100	-90	0	10	10	0	-30	0	0	0	0	0	0	-127	0	0	0	0	0	0	0	0	
0	1	0	0	0	0	0	-90	-80	-100	-90	0	10	10	0	-30	0	0	0	0	0	0	-127	0	0	0	0	0	0	0	0	
0	1	0	0	0	0	0	-90	-80	-100	-90	0	10	10	0	-30	0	0	0	0	0	0	-127	0	0	0	0	0	0	0	0	
0	1	0	0	0	0	0	-90	-80	-100	-90	0	10	10	0	-30	0	0	0	0	0	0	-127	0	0	0	0	0	0	0	0	
0	1	0	0	0	0	0	-90	-80	-100	-90	0	10	10	0	-30	0	0	0	0	0	0	-127	0	0	0	0	0	0	0	0	
0	1	0	0	0	0	0	-90	-80	-100	-90	0	10	10	0	-30	0	0	0	0	0	0	-127	0	0	0	0	0	0	0	0	
0	1	0	0	0	0	0	-90	-80	-100	-90	0	10	10	0	-30	0	0	0	0	0	0	-127	0	0	0	0	0	0	0	0	
0	1	0	0	0	0	0	-90	-80	-100	-90	0	10	10	0	-30	0	0	0	0	0	0	-127	0	0	0	0	0	0	0	0	
0	1	0	0	0	0	0	-90	-80	-100	-90	0	10	10	0	-30	0	0	0	0	0	0	-127	0	0	0	0	0	0	0	0	
0	1	0	0	0	0	0	-90	-80	-100	-90	0	10	10	0	-30	0	0	0	0	0	0	-127	0	0	0	0	0	0	0	0	
0	1	0	0	0	0	0	-90	-80	-100	-90	0	10	10	0	-30	0	0	0	0	0	0	-127	0	0	0	0	0	0	0	0	
0	1	0	0	0	0	0	-90	-80	-100	-90	0	10	10	0	-30	0	0	0	0	0	0	-127	0	0	0	0	0	0	0	0	
0	1	0	0	0	0	0	-90	-80	-100	-90	0	10	10	0	-30	0	0	0	0	0	0	-127	0	0	0	0	0	0	0	0	
0	1	0	0	0	0	0	-90	-80	-100	-90	0	10	10	0	-30	0	0	0	0	0	0	-127	0	0	0	0	0	0	0	0	
0	1	0	0	0	0	0	-90	-80	-100	-90	0	10	10	0	-30	0	0	0	0	0	0	-127	0	0	0	0	0	0	0	0	
0	1	0	0	0	0	0	-90	-80	-100	-90	0	10	10	0	-30	0	0	0	0	0	0	-127	0	0	0	0	0	0	0	0	
0	1	0	0	0	0	0	-90	-80	-100	-90	0	10	10	0	-30	0	0	0	0	0	0	-127	0	0	0	0	0	0	0	0	
0	1	0	0	0	0	0	-90	-80	-100	-90	0	10	10	0	-30	0	0	0	0	0	0	-127	0	0	0	0	0	0	0	0	
0	1	0	0	0	0	0	-90	-80	-100	-90	0	10	10	0	-30	0	0	0	0	0	0	-127	0	0	0	0	0	0	0	0	
0	1	0	0	0	0	0	-90	-80	-100	-90	0	10	10	0	-30	0	0	0	0	0	0	-127	0	0	0	0	0	0	0	0	
0	1	0	0	0	0	0	-90	-80	-100	-90	0	10	10	0	-30	0	0	0	0	0	0	-127	0	0	0	0	0	0	0	0	
0	1	0	0	0	0	0	-90	-80	-100	-90	0	10	10	0	-30	0	0	0	0	0	0	-127	0	0	0	0	0	0	0	0	
0	1	0	0	0	0	0	-90	-80	-100	-90	0	10	10	0	-30	0	0	0	0	0	0	-127	0	0	0	0	0	0	0	0	
0	1	0	0	0	0	0	-90	-80	-100	-90	0	10	10	0	-30	0	0	0	0	0	0	-127	0	0	0	0	0	0	0	0	
0	1	0	0	0	0	0	-90	-80	-100	-90	0	10	10	0	-30	0	0	0	0	0	0	-127	0	0	0	0	0	0	0	0	
0	1	0	0	0	0	0	-90	-80	-100	-90	0	10	10	0	-30	0	0	0	0	0	0	-127	0	0	0	0	0	0	0	0	
0	1	0	0	0	0	0	-90	-80	-100	-90	0	10	10	0	-30	0	0	0	0	0	0	-127	0	0	0	0	0	0	0	0	
0	1	0	0	0	0	0	-90	-80	-100	-90	0	10	10	0	-30	0	0	0	0	0	0	-127	0	0	0	0	0	0	0	0	
0	1	0	0	0	0	0	-90	-80	-100	-90	0	10	10	0	-30	0	0	0	0	0	0	-127	0	0	0	0	0	0	0	0	
0	1	0	0	0	0	0	-90	-80	-100	-90	0	10	10	0	-30	0	0	0	0	0	0	-127	0	0	0	0	0	0	0	0	
0	1	0	0	0	0	0	-90	-80	-100	-90	0	10	10	0	-30	0	0	0	0	0	0	-127	0	0	0	0	0	0	0	0	
0	1	0	0	0	0	0	-90	-80	-100	-90	0	10	10	0	-30	0	0	0	0	0	0	-127	0	0	0	0	0	0	0	0	
0	1	0	0	0	0	0	-90	-80	-100	-90	0	10	10	0	-30	0	0	0	0	0	0	-127	0	0	0	0	0	0	0	0	
0	1	0	0	0	0	0	-90	-80	-100	-90	0	10	10	0	-30	0	0	0	0	0	0	-127	0	0	0	0	0	0	0	0	
0	1	0	0	0	0	0	-90	-80	-100	-90	0	10	10	0	-30	0	0	0	0	0	0	0	0	0	0	0	0	0	0	0	
0	1	0	0	0	0	0	-90	-80	-100	-90	0	10	10	0	-30	0	0	0	0	0	0	127	0	0	0	0	0	0	0	0	
0	1	0	0	0	0	0	-90	-80	-100	-90	0	10	10	0	-30	0	0	0	0	0	0	127	0	0	0	0	0	0	0	0	
0	1	0	0	0	0	0	-90	-80	-100	-90	0	10	10	0	-30	0	0	0	0	0	0	127	0	0	0	0	0	0	0	0	
0	1	0	0	0	0	0	-90	-80	-100	-90	0	10	10	0	-30	0	0	0	0	0	0	127	0	0	0	0	0	0	0	0	
0	1	0	0	0	0	0	-90	-80	-100	-90	0	10	10	0	-30	0	0	0	0	0	0	127	0	0	0	0	0	0	0	0	
0	1	0	0	0	0	0	-90	-80	-100	-90	0	10	10	0	-30	0	0	0	0	0	0	127	0	0	0	0	0	0	0	0	
0	1	0	0	0	0	0	-90	-80	-100	-90	0	10	10	0	-30	0	0	0	0	0	0	127	0	0	0	0	0	0	0	0	
0	1	0	0	0	0	0	-90	-80	-100	-90	0	10	10	0	-30	0	0	0	0	0	0	127	0	0	0	0	0	0	0	0	
0	1	0	0	0	0	0	-90	-80	-100	-90	0	10	10	0	-30	0	0	0	0	0	0	127	0	0	0	0	0	0	0	0	
0	1	0	0	0	0	0	-90	-80	-100	-90	0	10	10	0	-30	0	0	0	0	0	0	127	0	0	0	0	0	0	0	0	
0	1	0	0	0	0	0	-90	-80	-100	-90	0	10	10	0	-30	0	0	0	0	0	0	127	0	0	0	0	0	0	0	0	
0	1	0	0	0	0	0	-90	-80	-100	-90	0	10	10	0	-30	0	0	0	0	0	0	127	0	0	0	0	0	0	0	0	
0	1	0	0	0	0	0	-90	-80	-100	-90	0	10	10	0	-30	0	0	0	0	0	0	127	0	0	0	0	0	0	0	0	
0	1	0	0	0	0	0	-90	-80	-100	-90	0	10	10	0	-30	0	0	0	0	0	0	127	0	0	0	0	0	0	0	0	
0	1	0	0	0	0	0	-90	-80	-100	-90	0	10	10	0	-30	0	0	0	0	0	0	127	0	0	0	0	0	0	0	0	
0	1	0	0	0	0	0	-90	-80	-100	-90	0	10	10	0	-30	0	0	0	0	0	0	127	0	0	0	0	0	0	0	0	
0	1	0	0	0	0	0	-90	-80	-100	-90	0	10	10	0	-30	0	0	0	0	0	0	127	0	0	0	0	0	0	0	0	
0	1	0	0	0	0	0	-90	-80	-100	-90	0	10	10	0	-30	0	0	0	0	0	0	127	0	0	0	0	0	0	0	0	
0	1	0	0	0	0	0	-90	-80	-100	-90	0	10	10	0	-30	0	0	0	0	0	0	127	0	0	0	0	0	0	0	0	
0	1	0	0	0	0	0	-90	-80	-100	-90	0	10	10	0	-30	0	0	0	0	0	0	127	0	0	0	0	0	0	0	0	
0	1	0	0	0	0	0	-90	-80	-100	-90	0	10	10	0	-30	0	0	0	0	0	0	127	0	0	0	0	0	0	0	0	
0	1	0	0	0	0	0	-90	-80	-100	-90	0	10	10	0	-30	0	0	0	0	0	0	127	0	0	0	0	0	0	0	0	
0	1	0	0	0	0	0	-90	-80	-100	-90	0	10	10	0	-30	0	0	0	0	0	0	127	0	0	0	0	0	0	0	0	
0	1	0	0	0	0	0	-90	-80	-100	-90	0	10	10	0	-30	0	0	0	0	0	0	127	0	0	0	0	0	0	0	0	
0	1	0	0	0	0	0	-90	-80	-100	-90	0	10	10	0	-30	0	0	0	0	0	0	127	0	0	0	0	0	0	0	0	
0	1	0	0	0	0	0	-90	-80	-100	-90	0	10	10	0	-30	0	0	0	0	0	0	127	0	0	0	0	0	0	0	0	
0	1	0	0	0	0	0	-90	-80	-100	-90	0	10	10	0	-30	0	0	0	0	0	0	127	0	0	0	0	0	0	0	0	
0	1	0	0	0	0	0	-90	-80	-100	-90	0	10	10	0	-30	0	0	0	0	0	0	127	0	0	0	0	0	0	0	0	
0	1	0	0	0	0	0	-90	-80	-100	-90	0	10	10	0	-30	0	0	0	0	0	0	127	0	0	0	0	0	0	0	0	
0	1	0	0	0	0	0	-90	-80	-100	-90	0	10	10	0	-30	0	0	0	0	0	0	127	0	0	0	0	0	0	0	0	
0	1	0	0	0	0	0	-90	-80	-100	-90	0	10	10	0	-30	0	0	0	0	0	0	127	0	0	0	0	0	0	0	0	
0	1	0	0	0	0	0	-90	-80	-100	-90	0	10	10	0	-30	0	0	0	0	0	0	127	0	0	0	0	0	0	0	0	
0	1	0	0	0	0	0	-90	-80	-100	-90	0	10	10	0	-30	0	0	0	0	0	0	127	0	0	0	0	0	0	0	0	
0	1	0	0	0	0	0	-90	-80	-100	-90	0	10	10	0	-30	0	0	0	0	0	0	127	0	0	0	0	0	0	0	0	
0	1	0	0	0	0	0	-90	-80	-100	-90	0	10	10	0	-30	0	0	0	0	0	0	127	0	0	0	0	0	0	0	0	
0	1	0	0	0	0	0	-90	-80	-100	-90	0	10	10	0	-30	0	0	0	0	0	0	127	0	0	0	0	0	0	0	0	
0	1	0	0	0	0	0	-90	-80	-100	-90	0	10	10	0	-30	0	0	0	0	0	0	127	0	0	0	0	0	0	0	0	
0	1	0	0	0	0	0	-90	-80	-100	-90	0	10	10	0	-30	0	0	0	0	0	0	127	0	0	0	0	0	0	0	0	
0	1	0	0	0	0	0	-90	-80	-100	-90	0	10	10	0	-30	0	0	0	0	0	0	127	0	0	0	0	0	0	0	0	
0	1	0	0	0	0	0	-90	-80	-100	-90	0	10	10	0	-30	0	0	0	0	0	0	127	0	0	0	0	0	0	0	0	
0	1	0	0	0	0	0	-90	-80	-100	-90	0	10	10	0	-30	0	0	0	0	0	0	127	0	0	0	0	0	0	0	0	
0	1	0	0	0	0	0	-90	-80	-100	-90	0	10	10	0	-30	0	0	0	0	0	0	127	0	0	0	0	0	0	0	0	
0	1	0	0	0	0	0	-90	-80	-100	-90	0	10	10	0	-30	0	0	0	0	0	0	127	0	0	0	0	0	0	0	0	
0	1	0	0	0	0	0.000716197	-89.9941	-79.9942	-99.9949	-89.9934	0	10	10	0	-30	0	0	0	0.0836518	-0.0836518	0	127	0	0	0	0	0	0	0	0	
0	1	0	0	0	0	0.00143239	-89.9883	-79.9883	-99.9898	-89.9869	0	10	10	0	-30	0	0	0	0.167304	-0.167304	0	127	0	0	0	0	0	0	0	0	
0	1	0	0	0	0	0.00363828	-89.9708	-79.9708	-99.9745	-89.9672	0	10	10	0	-30	0	0	0	0.334521	-0.334521	0	127	0	0	0	0	0	0	0	0	
0	1	0	0	0	0	0.00584417	-89.9533	-79.9533	-99.9591	-89.9474	0	10	10	0	-30	0	0	0	0.501739	-0.501739	0	127	0	0	0	0	0	0	0	0	
0	1	0	0	0	0	0.00948245	-89.9241	-79.9241	-99.9336	-89.9146	0	10	10	0	-30	0	0	0	0.668871	-0.668871	0	127	0	0	0	0	0	0	0	0	
0	1	0	0	0	0	0.0131207	-89.8949	-79.895	-99.9081	-89.8818	0	10	10	0	-30	0	0	0	0.836003	-0.836003	0	127	0	0	0	0	0	0	0	0	
0	1	0	0	0	0	0.0182201	-89.8541	-79.8541	-99.8724	-89.8359	0	10	10	0	-30	0	0	0	1.00288	-1.00288	0	127	0	0	0	0	0	0	0	0	
0	1	0	0	0	0	0.0233194	-89.8133	-79.8133	-99.8366	-89.7899	0	10	10	0	-30	0	0	0	1.16975	-1.16975	0	127	0	0	0	0	0	0	0	0	
0	1	0	0	0	0	0.0298797	-89.7608	-79.7608	-99.7907	-89.7309	0	10	10	0	-30	0	0	0	1.33619	-1.33619	0	127	0	0	0	0	0	0	0	0	
0	1	0	0	0	0	0.0364401	-89.7083	-79.7083	-99.7448	-89.6719	0	10	10	0	-30	0	0	0	1.50264	-1.50264	0	127	0	0	0	0	0	0	0	0	
0	1	0	0	0	0	0.0444615	-89.6443	-79.6443	-99.6888	-89.5999	0	10	10	0	-30	0	0	0	1.6688	-1.6688	0	127	0	0	0	0	0	0	0	0	
0	1	0	0	0	0	0.0524829	-89.5802	-79.5802	-99.6327	-89.5278	0	10	10	0	-30	0	0	0	1.83495	-1.83495	0	127	0	0	0	0	0	0	0	0	
0	1	0	0	0	0	0.0619367	-89.5046	-79.5046	-99.5666	-89.4428	0	10	10	0	-30	0	0	0	2.00042	-2.00042	0	127	0	0	0	0	0	0	0	0	
0	1	0	0	0	0	0.0713905	-89.429	-79.429	-99.5004	-89.3577	0	10	10	0	-30	0	0	0	2.1659	-2.1659	0	127	0	0	0	0	0	0	0	0	
0	1	0	0	0	0	0.0822767	-89.3419	-79.3419	-99.4242	-89.2597	0	10	10	0	-30	0	0	0	2.33085	-2.33085	0	127	0	0	0	0	0	0	0	0	
0	1	0	0	0	0	0.0931629	-89.2548	-79.2548	-99.348	-89.1617	0	10	10	0	-30	0	0	0	2.4958	-2.4958	0	127	0	0	0	0	0	0	0	0	
0	1	0	0	0	0	0.105482	-89.1562	-79.1562	-99.2617	-89.0508	0	10	10	0	-30	0	0	0	2.66001	-2.66001	0	127	0	0	0	0	0	0	0	0	
0	1	0	0	0	0	0.1178	-89.0576	-79.0576	-99.1754	-88.9398	0	10	10	0	-30	0	0	0	2.82422	-2.82422	0	127	0	0	0	0	0	0	0	0	
0	1	0	0	0	0	0.131551	-88.9477	-78.9477	-99.0792	-88.8161	0	10	10	0	-30	0	0	0	2.98755	-2.98755	0	127	0	0	0	0	0	0	0	0	
0	1	0	0	0	0	0.145302	-88.8377	-78.8377	-98.983	-88.6924	0	10	10	0	-30	0	0	0	3.15087	-3.15087	0	127	0	0	0	0	0	0	0	0	
0	1	0	0	0	0	0.160457	-88.7164	-78.7164	-98.8768	-88.5559	0	10	10	0	-30	0	0	0	3.31324	-3.31324	0	127	0	0	0	0	0	0	0	0	
0	1	0	0	0	0	0.175612	-88.595	-78.595	-98.7706	-88.4194	0	10	10	0	-30	0	0	0	3.47562	-3.47562	0	127	0	0	0	0	0	0	0	0	
0	1	0	0	0	0	0.192199	-88.4624	-78.4624	-98.6546	-88.2703	0	10	10	0	-30	0	0	0	3.63711	-3.63711	0	127	0	0	0	0	0	0	0	0	
0	1	0	0	0	0	0.208786	-88.3298	-78.3299	-98.5386	-88.1211	0	10	10	0	-30	0	0	0	3.7986	-3.7986	0	127	0	0	0	0	0	0	0	0	
0	1	0	0	0	0	0.226748	-88.186	-78.186	-98.4128	-87.9593	0	10	10	0	-30	0	0	0	3.95891	-3.95891	0	127	0	0	0	0	0	0	0	0	
0	1	0	0	0	0	0.24471	-88.0422	-78.0422	-98.287	-87.7975	0	10	10	0	-30	0	0	0	4.11922	-4.11922	0	127	0	0	0	0	0	0	0	0	
0	1	0	0	0	0	0.264076	-87.8874	-77.8874	-98.1514	-87.6233	0	10	10	0	-30	0	0	0	4.27828	-4.27828	0	127	0	0	0	0	0	0	0	0	
0	1	0	0	0	0	0.283442	-87.7325	-77.7325	-98.0159	-87.4491	0	10	10	0	-30	0	0	0	4.43733	-4.43733	0	127	0	0	0	0	0	0	0	0	
0	1	0	0	0	0	0.304183	-87.5666	-77.5666	-97.8707	-87.2624	0	10	10	0	-30	0	0	0	4.59518	-4.59518	0	127	0	0	0	0	0	0	0	0	
0	1	0	0	0	0	0.324924	-87.4006	-77.4006	-97.7256	-87.0757	0	10	10	0	-30	0	0	0	4.75303	-4.75303	0	127	0	0	0	0	0	0	0	0	
0	1	0	0	0	0	0.347012	-87.2238	-77.2238	-97.5708	-86.8768	0	10	10	0	-30	0	0	0	4.90942	-4.90942	63.5	127	63.5	63.5	63.5	0	0	0	0	0	
0	1	0	0	0	0	0.369099	-87.047	-77.047	-97.4161	-86.6779	0	10	10	0	-30	0	0	0	5.06581	-5.06581	127	127	127	127	127	0	0	0	0	0	
0	1	0	0	0	0	0.392562	-86.8593	-76.8593	-97.2519	-86.4668	0	10	10	0	-30	0	0	0	5.22076	-5.22076	127	127	127	127	127	0	0	0	0	0	
0	1	0	0	0	0	0.416025	-86.6717	-76.6717	-97.0878	-86.2556	0	10	10	0	-30	0	0	0	5.37572	-5.37572	127	127	127	127	127	0	0	0	0	0	
0	1	0	0	0	0	0.440834	-86.4733	-76.4733	-96.9142	-86.0325	0	10	10	0	-30	0	0	0	5.5291	-5.5291	127	127	127	127	127	0	0	0	0	0	
0	1	0	0	0	0	0.465643	-86.275	-76.275	-96.7406	-85.8094	0	10	10	0	-30	0	0	0	5.68248	-5.68248	127	127	127	127	127	0	0	0	0	0	
0	1	0	0	0	0	0.491741	-86.066	-76.066	-96.5578	-85.5743	0	10	10	0	-30	0	0	0	5.83423	-5.83423	127	127	127	127	127	0	0	0	0	0	
0	1	0	0	0	0	0.517839	-85.8571	-75.8571	-96.3749	-85.3392	0	10	10	0	-30	0	0	0	5.98598	-5.98598	127	127	127	127	127	0	0	0	0	0	
0	1	0	0	0	0	0.545284	-85.6377	-75.6377	-96.1829	-85.0924	0	10	10	0	-30	0	0	0	6.13592	-6.13592	127	127	127	127	127	0	0	0	0	0	
0	1	0	0	0	0	0.572729	-85.4183	-75.4183	-95.9909	-84.8455	0	10	10	0	-30	0	0	0	6.28586	-6.28586	127	127	127	127	127	0	0	0	0	0	
0	1	0	0	0	0	0.601434	-85.1885	-75.1885	-95.7899	-84.587	0	10	10	0	-30	0	0	0	6.434	-6.434	127	127	127	127	127	0	0	0	0	0	
0	1	0	0	0	0	0.630139	-84.9587	-74.9588	-95.5889	-84.3286	0	10	10	0	-30	0	0	0	6.58214	-6.58214	127	127	127	127	127	0	0	0	0	0	
0	1	0	0	0	0	0.660133	-84.7187	-74.7188	-95.3789	-84.0586	0	10	10	0	-30	0	0	0	6.72836	-6.72836	127	127	127	127	127	0	0	0	0	0	
0	1	0	0	0	0	0.690128	-84.4788	-74.4788	-95.1689	-83.7887	0	10	10	0	-30	0	0	0	6.87458	-6.87458	127	127	127	127	127	0	0	0	0	0	
0	1	0	0	0	0	0.721383	-84.2287	-74.2287	-94.9501	-83.5074	0	10	10	0	-30	0	0	0	7.01876	-7.01876	127	127	127	127	127	0	0	0	0	0	
0	1	0	0	0	0	0.752637	-83.9787	-73.9787	-94.7314	-83.2261	0	10	10	0	-30	0	0	0	7.16295	-7.16295	127	127	127	127	127	0	0	0	0	0	
0	1	0	0	0	0	0.785153	-83.7188	-73.7188	-94.5039	-82.9336	0	10	10	0	-30	0	0	0	7.30507	-7.30507	127	127	127	127	127	0	0	0	0	0	
0	1	0	0	0	0	0.817668	-83.4588	-73.4588	-94.2765	-82.6411	0	10	10	0	-30	0	0	0	7.44719	-7.44719	127	127	127	127	127	0	0	0	0	0	
0	1	0	0	0	0	0.851387	-83.1891	-73.1891	-94.0405	-82.3377	0	10	10	0	-30	0	0	0	7.58714	-7.58714	127	127	127	127	127	0	0	0	0	0	
0	1	0	0	0	0	0.885105	-82.9194	-72.9194	-93.8044	-82.0343	0	10	10	0	-30	0	0	0	7.72708	-7.72708	127	127	127	127	127	0	0	0	0	0	
0	1	0	0	0	0	0.919998	-82.64	-72.64	-93.56	-81.72	0	10	10	0	-30	0	0	0	7.86476	-7.86476	127	127	127	127	127	0	0	0	0	0	
0	1	0	0	0	0	0.954891	-82.3607	-72.3607	-93.3156	-81.4058	0	10	10	0	-30	0	0	0	8.00244	-8.00244	127	127	127	127	127	0	0	0	0	0	
0	1	0	0	0	0	0.990988	-82.0719	-72.0719	-93.0629	-81.0809	0	10	10	0	-30	0	0	0	8.13775	-8.13775	127	0	127	127	127	0	0	0	0	0	
0	1	0	0	0	0	1.02708	-81.7831	-71.7831	-92.8102	-80.756	0	10	10	0	-30	0	0	0	8.27305	-8.27305	127	-127	127	127	127	0	0	0	0	0	
0	1	0	0	0	0	1.06436	-81.4851	-71.4851	-92.5494	-80.4207	0	10	10	0	-30	0	0	0	8.40601	-8.40601	127	-127	127	127	127	0	0	0	0	0	
0	1	0	0	0	0	1.10163	-81.187	-71.187	-92.2886	-80.0853	0	10	10	0	-30	0	0	0	8.53896	-8.53896	127	-127	127	127	127	0	0	0	0	0	
0	1	0	0	0	0	1.14001	-80.8798	-70.8798	-92.0198	-79.7398	0	10	10	0	-30	0	0	0	8.66942	-8.66942	127	-127	127	127	127	0	0	0	0	0	
0	1	0	0	0	0	1.1784	-80.5726	-70.5726	-91.7511	-79.3942	0	10	10	0	-30	0	0	0	8.79989	-8.79989	127	-127	127	127	127	0	0	0	0	0	
0	1	0	0	0	0	1.21794	-80.2565	-70.2565	-91.4745	-79.0386	0	10	10	0	-30	0	0	0	8.92777	-8.92777	127	-127	127	127	127	0	0	0	0	0	
0	1	0	0	0	0	1.25747	-79.9404	-69.9404	-91.1979	-78.683	0	10	10	0	-30	0	0	0	9.05566	-9.05566	127	-127	127	127	127	0	0	0	0	0	
0	1	0	0	0	0	1.29806	-79.6156	-69.6156	-90.9136	-78.3175	0	10	10	0	-30	0	0	0	9.18082	-9.18082	127	-127	127	127	127	0	0	0	0	0	
0	1	0	0	0	0	1.33866	-79.2908	-69.2908	-90.6294	-77.9521	0	10	10	0	-30	0	0	0	9.30598	-9.30598	127	-127	127	127	127	0	0	0	0	0	
0	1	0	0	0	0	1.38034	-78.9574	-68.9574	-90.3377	-77.577	0	10	10	0	-30	0	0	0	9.42851	-9.42851	127	-127	127	127	127	0	0	0	0	0	
0	1	0	0	0	0	1.42202	-78.624	-68.624	-90.046	-77.2019	0	10	10	0	-30	0	0	0	9.55103	-9.55103	127	-127	127	127	127	0	0	0	0	0	
0	1	0	0	0	0	1.46474	-78.2822	-68.2822	-89.7469	-76.8175	0	10	10	0	-30	0	0	0	9.67075	-9.67075	127	-127	127	127	127	0	0	0	0	0	
0	1	0	0	0	0	1.50745	-77.9405	-67.9405	-89.4479	-76.433	0	10	10	0	-30	0	0	0	9.79047	-9.79047	127	-127	127	127	127	0	0	0	0	0	
0	1	0	0	0	0	1.5512	-77.5905	-67.5906	-89.1417	-76.0394	0	10	10	0	-30	0	0	0	9.90733	-9.90733	127	-127	127	127	127	0	0	0	0	0	
0	1	0	0	0	0	1.59494	-77.2406	-67.2407	-88.8356	-75.6457	0	10	10	0	-30	0	0	0	10.0242	-10.0242	127	-127	127	127	127	0	0	0	0	0	
0	1	0	0	0	0	1.63966	-76.8828	-66.8828	-88.5224	-75.2431	0	10	10	0	-30	0	0	0	10.1381	-10.1381	127	-127	127	127	127	0	0	0	0	0	
0	1	0	0	0	0	1.68438	-76.5249	-66.5249	-88.2093	-74.8405	0	10	10	0	-30	0	0	0	10.252	-10.252	127	-127	127	127	127	0	0	0	0	0	
0	1	0	0	0	0	1.73007	-76.1593	-66.1593	-87.8894	-74.4292	0	10	10	0	-30	0	0	0	10.363	-10.363	127	-127	127	127	127	0	0	0	0	0	
0	1	0	0	0	0	1.77577	-75.7937	-65.7937	-87.5695	-74.0179	0	10	10	0	-30	0	0	0	10.4739	-10.4739	127	-127	127	127	127	0	0	0	0	0	
0	1	0	0	0	0	1.82241	-75.4206	-65.4206	-87.243	-73.5981	0	10	10	0	-30	0	0	0	10.5818	-10.5818	127	-127	127	127	127	0	0	0	0	0	
0	1	0	0	0	0	1.86905	-75.0474	-65.0474	-86.9165	-73.1783	0	10	10	0	-30	0	0	0	10.6896	-10.6896	127	-127	127	127	127	0	0	0	0	0	
0	1	0	0	0	0	1.91663	-74.667	-64.667	-86.5836	-72.7503	0	10	10	0	-30	0	0	0	10.7944	-10.7944	127	-127	127	127	127	0	0	0	0	0	
0	1	0	0	0	0	1.96421	-74.2865	-64.2865	-86.2507	-72.3223	0	10	10	0	-30	0	0	0	10.8993	-10.8993	127	-127	127	127	127	0	0	0	0	0	
0	1	0	0	0	0	2.01266	-73.899	-63.8989	-85.9116	-71.8864	0	10	10	0	-30	0	0	0	11.0008	-11.0008	127	-127	127	127	127	0	0	0	0	0	
0	1	0	0	0	0	2.0611	-73.5114	-63.5114	-85.5725	-71.4504	0	10	10	0	-30	0	0	0	11.1023	-11.1023	127	-127	127	127	127	0	0	0	0	0	
0	1	0	0	0	0	2.11038	-73.117	-63.117	-85.2274	-71.0066	0	10	10	0	-30	0	0	0	11.2007	-11.2007	127	-127	127	127	127	0	0	0	0	0	
0	1	0	0	0	0	2.15965	-72.7226	-62.7226	-84.8823	-70.5629	0	10	10	0	-30	0	0	0	11.2991	-11.2991	127	-127	127	127	127	0	0	0	0	0	
0	1	0	0	0	0	2.20978	-72.3216	-62.3216	-84.5314	-70.1117	0	10	10	0	-30	0	0	0	11.3941	-11.3941	127	-127	127	127	127	0	0	0	0	0	
0	1	0	0	0	0	2.25992	-71.9205	-61.9205	-84.1804	-69.6606	0	10	10	0	-30	0	0	0	11.4891	-11.4891	127	-127	127	127	127	0	0	0	0	0	
0	1	0	0	0	0	2.31085	-71.5131	-61.5131	-83.8239	-69.2022	0	10	10	0	-30	0	0	0	11.5807	-11.5807	127	-127	127	127	127	0	0	0	0	0	
0	1	0	0	0	0	2.36179	-71.1056	-61.1056	-83.4674	-68.7438	0	10	10	0	-30	0	0	0	11.6724	-11.6724	127	-127	127	127	127	0	0	0	0	0	
0	1	0	0	0	0	2.4135	-70.692	-60.692	-83.1055	-68.2785	0	10	10	0	-30	0	0	0	11.7607	-11.7607	127	-127	127	127	127	0	0	0	0	0	
0	1	0	0	0	0	2.46521	-70.2784	-60.2784	-82.7436	-67.8132	0	10	10	0	-30	0	0	0	11.849	-11.849	127	-127	127	127	127	0	0	0	0	0	
0	1	0	0	0	0	2.51763	-69.8589	-59.8589	-82.3765	-67.3412	0	10	10	0	-30	0	0	0	11.9338	-11.9338	127	-127	127	127	127	0	0	0	0	0	
0	1	0	0	0	0	2.57006	-69.4393	-59.4393	-82.0095	-66.8693	0	10	10	0	-30	0	0	0	12.0186	-12.0186	127	-127	127	127	127	0	0	0	0	0	
0	1	0	0	0	0	2.62323	-69.0141	-59.0141	-81.6374	-66.3909	0	10	10	0	-30	0	0	0	12.0999	-12.0999	127	-127	127	127	127	0	0	0	0	0	
0	1	0	0	0	0	2.6764	-68.5889	-58.5889	-81.2653	-65.9125	0	10	10	0	-30	0	0	0	12.1813	-12.1813	127	-127	127	127	127	0	0	0	0	0	
0	1	0	0	0	0	2.73023	-68.1583	-58.1583	-80.8885	-65.4281	0	10	10	0	-30	0	0	0	12.259	-12.259	127	-127	127	127	127	0	0	0	0	0	
0	1	0	0	0	0	2.78406	-67.7277	-57.7277	-80.5117	-64.9436	0	10	10	0	-30	0	0	0	12.3368	-12.3368	127	-127	127	127	127	0	0	0	0	0	
0	1	0	0	0	0	2.83852	-67.2919	-57.2919	-80.1304	-64.4533	0	10	10	0	-30	0	0	0	12.4109	-12.4109	127	-127	127	127	127	0	0	0	0	0	
0	1	0	0	0	0	2.89298	-66.856	-56.856	-79.749	-63.9631	0	10	10	0	-30	0	0	0	12.485	-12.485	127	-127	127	127	127	0	0	0	0	0	
0	1	0	0	0	0	2.94807	-66.4153	-56.4153	-79.3634	-63.4673	0	10	10	0	-30	0	0	0	12.5555	-12.5555	127	-127	127	127	127	0	0	0	0	0	
0	1	0	0	0	0	3.00316	-65.9746	-55.9746	-78.9778	-62.9714	0	10	10	0	-30	0	0	0	12.626	-12.626	127	-127	127	127	127	0	0	0	0	0	
0	1	0	0	0	0	3.05885	-65.5292	-55.5292	-78.588	-62.4704	0	10	10	0	-30	0	0	0	12.6928	-12.6928	127	-127	127	127	127	0	0	0	0	0	
0	1	0	0	0	0	3.11454	-65.0838	-55.0838	-78.1983	-61.9693	0	10	10	0	-30	0	0	0	12.7596	-12.7596	127	-127	127	127	127	0	0	0	0	0	
0	1	0	0	0	0	3.17075	-64.634	-54.634	-77.8047	-61.4632	0	10	10	0	-30	0	0	0	12.8227	-12.8227	127	-127	127	127	127	0	0	0	0	0	
0	1	0	0	0	0	3.22696	-64.1842	-54.1842	-77.4112	-60.9572	0	10	10	0	-30	0	0	0	12.8858	-12.8858	127	-127	127	127	127	0	0	0	0	0	
0	1	0	0	0	0	3.28371	-63.7303	-53.7303	-77.014	-60.4465	0	10	10	0	-30	0	0	0	12.9451	-12.9451	63.5	-63.5	63.5	63.5	63.5	0	0	0	0	0	
0	1	0	0	0	0	3.34046	-63.2763	-53.2763	-76.6168	-59.9359	0	10	10	0	-30	0	0	0	13.0044	-13.0044	0	0	0	0	0	0	0	0	0	0	
0	1	0	0	0	0	3.3977	-62.8185	-52.8185	-76.2162	-59.4208	0	10	10	0	-30	0	0	0	13.06	-13.06	0	0	0	0	0	0	0	0	0	0	
0	1	0	0	0	0	3.45494	-62.3607	-52.3607	-75.8156	-58.9058	0	10	10	0	-30	0	0	0	13.1155	-13.1155	0	0	0	0	0	0	0	0	0	0	
0	1	0	0	0	0	3.5126	-61.8993	-51.8993	-75.4118	-58.3867	0	10	10	0	-30	0	0	0	13.1672	-13.1672	0	0	0	0	0	0	0	0	0	0	
0	1	0	0	0	0	3.57027	-61.4379	-51.4379	-75.0081	-57.8676	0	10	10	0	-30	0	0	0	13.2189	-13.2189	0	0	0	0	0	0	0	0	0	0	
0	1	0	0	0	0	3.62837	-60.9731	-50.9731	-74.6014	-57.3447	0	10	10	0	-30	0	0	0	13.2668	-13.2668	0	0	0	0	0	0	0	0	0	0	
0	1	0	0	0	0	3.68647	-60.5083	-50.5083	-74.1948	-56.8218	0	10	10	0	-30	0	0	0	13.3146	-13.3146	0	0	0	0	0	0	0	0	0	0	
0	1	0	0	0	0	3.74494	-60.0405	-50.0405	-73.7854	-56.2955	0	10	10	0	-30	0	0	0	13.3585	-13.3585	0	0	0	0	0	0	0	0	0	0	
0	1	0	0	0	0	3.80341	-59.5727	-49.5727	-73.3761	-55.7692	0	10	10	0	-30	0	0	0	13.4025	-13.4025	0	0	0	0	0	0	0	0	0	0	
0	1	0	0	0	0	3.86225	-59.102	-49.102	-72.9643	-55.2397	0	10	10	0	-30	0	0	0	13.4425	-13.4425	0	0	0	0	0	0	0	0	0	0	
0	1	0	0	0	0	3.92109	-58.6314	-48.6314	-72.5524	-54.7103	0	10	10	0	-30	0	0	0	13.4825	-13.4825	0	0	0	0	0	0	0	0	0	0	
0	1	0	0	0	0	3.98022	-58.1583	-48.1582	-72.1385	-54.178	0	10	10	0	-30	0	0	0	13.5186	-13.5186	0	0	0	0	0	0	0	0	0	0	
0	1	0	0	0	0	4.03935	-57.6851	-47.6851	-71.7245	-53.6457	0	10	10	0	-30	0	0	0	13.5547	-13.5547	0	0	0	0	0	0	0	0	0	0	
0	1	0	0	0	0	4.0988	-57.2097	-47.2097	-71.3085	-53.1109	0	10	10	0	-30	0	0	0	13.5869	-13.5869	0	0	0	0	0	0	0	0	0	0	
0	1	0	0	0	0	4.15824	-56.7343	-46.7343	-70.8925	-52.5761	0	10	10	0	-30	0	0	0	13.6191	-13.6191	0	0	0	0	0	0	0	0	0	0	
0	1	0	0	0	0	4.21789	-56.2569	-46.2569	-70.4748	-52.0391	0	10	10	0	-30	0	0	0	13.6472	-13.6472	0	0	0	0	0	0	0	0	0	0	
0	1	0	0	0	0	4.27753	-55.7796	-45.7796	-70.0572	-51.502	0	10	10	0	-30	0	0	0	13.6753	-13.6753	0	0	0	0	0	0	0	0	0	0	
0	1	0	0	0	0	4.33743	-55.3005	-45.3005	-69.638	-50.9631	0	10	10	0	-30	0	0	0	13.6995	-13.6995	0	0	0	0	0	0	0	0	0	0	
0	1	0	0	0	0	4.39734	-54.8215	-44.8215	-69.2188	-50.4242	0	10	10	0	-30	0	0	0	13.7237	-13.7237	0	0	0	0	0	0	0	0	0	0	
0	1	0	0	0	0	4.45738	-54.341	-44.341	-68.7984	-49.8837	0	10	10	0	-30	0	0	0	13.7439	-13.7439	0	0	0	0	0	0	0	0	0	0	
0	1	0	0	0	0	4.51743	-53.8606	-43.8605	-68.378	-49.3431	0	10	10	0	-30	0	0	0	13.7641	-13.7641	0	0	0	0	0	0	0	0	0	0	
0	1	0	0	0	0	4.57762	-53.379	-43.379	-67.9566	-48.8014	0	10	10	0	-30	0	0	0	13.7802	-13.7802	0	0	0	0	0	0	0	0	0	0	
0	1	0	0	0	0	4.63781	-52.8974	-42.8974	-67.5352	-48.2596	0	10	10	0	-30	0	0	0	13.7963	-13.7963	0	0	0	0	0	0	0	0	0	0	
0	1	0	0	0	0	4.69811	-52.415	-42.415	-67.1131	-47.7169	0	10	10	0	-30	0	0	0	13.8084	-13.8084	0	0	0	0	0	0	0	0	0	0	
0	1	0	0	0	0	4.75841	-51.9326	-41.9325	-66.691	-47.1741	0	10	10	0	-30	0	0	0	13.8205	-13.8205	0	0	0	0	0	0	0	0	0	0	
0	1	0	0	0	0	4.8188	-51.4495	-41.4495	-66.2684	-46.6308	0	10	10	0	-30	0	0	0	13.8286	-13.8286	0	0	0	0	0	0	0	0	0	0	
0	1	0	0	0	0	4.87919	-50.9665	-40.9665	-65.8457	-46.0874	0	10	10	0	-30	0	0	0	13.8367	-13.8367	0	0	0	0	0	0	0	0	0	0	
0	1	0	0	0	0	4.93958	-50.4833	-40.4833	-65.4229	-45.5437	0	10	10	0	-30	0	0	0	13.8408	-13.8408	0	0	0	0	0	0	0	0	0	0	
0	1	0	0	0	0	4.99997	-50	-40	-65	-45	0	10	10	0	-30	0	0	0	13.8448	-13.8448	0	0	0	0	0	0	0	0	0	0	
0	1	0	0	0	0	5.06039	-49.5167	-39.5167	-64.5771	-44.4563	0	10	10	0	-30	0	0	0	13.8448	-13.8448	0	0	0	0	0	0	0	0	0	0	
0	1	0	0	0	0	5.12081	-49.0334	-39.0334	-64.1543	-43.9126	0	10	10	0	-30	0	0	0	13.8448	-13.8448	0	0	0	0	0	0	0	0	0	0	
0	1	0	0	0	0	5.1812	-48.5505	-38.5505	-63.7316	-43.3693	0	10	10	0	-30	0	0	0	13.8407	-13.8407	0	0	0	0	0	0	0	0	0	0	
0	1	0	0	0	0	5.24159	-48.0675	-38.0675	-63.309	-42.8259	0	10	10	0	-30	0	0	0	13.8367	-13.8367	0	0	0	0	0	0	0	0	0	0	
0	1	0	0	0	0	5.30189	-47.5851	-37.5851	-62.8869	-42.2832	0	10	10	0	-30	0	0	0	13.8286	-13.8286	0	0	0	0	0	0	0	0	0	0	
0	1	0	0	0	0	5.3622	-47.1026	-37.1026	-62.4648	-41.7404	0	10	10	0	-30	0	0	0	13.8205	-13.8205	0	0	0	0	0	0	0	0	0	0	
0	1	0	0	0	0	5.42239	-46.621	-36.621	-62.0434	-41.1987	0	10	10	0	-30	0	0	0	13.8085	-13.8085	0	0	0	0	0	0	0	0	0	0	
0	1	0	0	0	0	5.48258	-46.1394	-36.1394	-61.622	-40.6569	0	10	10	0	-30	0	0	0	13.7964	-13.7964	0	0	0	0	0	0	0	0	0	0	
0	1	0	0	0	0	5.54262	-45.659	-35.659	-61.2016	-40.1164	0	10	10	0	-30	0	0	0	13.7802	-13.7802	0	0	0	0	0	0	0	0	0	0	
0	1	0	0	0	0	5.60267	-45.1785	-35.1785	-60.7813	-39.5759	0	10	10	0	-30	0	0	0	13.764	-13.764	0	0	0	0	0	0	0	0	0	0	
0	1	0	0	0	0	5.66254	-44.6995	-34.6995	-60.3621	-39.0369	0	10	10	0	-30	0	0	0	13.7439	-13.7439	0	0	0	0	0	0	0	0	0	0	
0	1	0	0	0	0	5.72242	-44.2204	-34.2205	-59.9429	-38.498	0	10	10	0	-30	0	0	0	13.7237	-13.7237	0	0	0	0	0	0	0	0	0	0	
0	1	0	0	0	0	5.78209	-43.7431	-33.7431	-59.5252	-37.961	0	10	10	0	-30	0	0	0	13.6995	-13.6995	0	0	0	0	0	0	0	0	0	0	
0	1	0	0	0	0	5.84176	-43.2657	-33.2658	-59.1075	-37.4239	0	10	10	0	-30	0	0	0	13.6754	-13.6754	0	0	0	0	0	0	0	0	0	0	
0	1	0	0	0	0	5.90121	-42.7903	-32.7903	-58.6916	-36.8891	0	10	10	0	-30	0	0	0	13.6472	-13.6472	0	0	0	0	0	0	0	0	0	0	
0	1	0	0	0	0	5.96065	-42.3149	-32.3149	-58.2756	-36.3543	0	10	10	0	-30	0	0	0	13.619	-13.619	0	0	0	0	0	0	0	0	0	0	
0	1	0	0	0	0	6.01978	-41.8418	-31.8418	-57.8616	-35.822	0	10	10	0	-30	0	0	0	13.5869	-13.5869	0	0	0	0	0	0	0	0	0	0	
0	1	0	0	0	0	6.07891	-41.3686	-31.3686	-57.4476	-35.2897	0	10	10	0	-30	0	0	0	13.5547	-13.5547	0	0	0	0	0	0	0	0	0	0	
0	1	0	0	0	0	6.13775	-40.898	-30.898	-57.0358	-34.7603	0	10	10	0	-30	0	0	0	13.5186	-13.5186	0	0	0	0	0	0	0	0	0	0	
0	1	0	0	0	0	6.1966	-40.4274	-30.4274	-56.624	-34.2308	0	10	10	0	-30	0	0	0	13.4825	-13.4825	0	0	0	0	0	0	0	0	0	0	
0	1	0	0	0	0	6.25507	-39.9596	-29.9596	-56.2146	-33.7045	0	10	10	0	-30	0	0	0	13.4425	-13.4425	0	0	0	0	0	0	0	0	0	0	
0	1	0	0	0	0	6.31354	-39.4917	-29.4917	-55.8052	-33.1782	0	10	10	0	-30	0	0	0	13.4025	-13.4025	0	0	0	0	0	0	0	0	0	0	
0	1	0	0	0	0	6.37163	-39.027	-29.027	-55.3986	-32.6553	0	10	10	0	-30	0	0	0	13.3585	-13.3585	0	0	0	0	0	0	0	0	0	0	
0	1	0	0	0	0	6.42973	-38.5622	-28.5622	-54.9919	-32.1324	0	10	10	0	-30	0	0	0	13.3146	-13.3146	0	0	0	0	0	0	0	0	0	0	
0	1	0	0	0	0	6.4874	-38.1007	-28.1007	-54.5882	-31.6133	0	10	10	0	-30	0	0	0	13.2667	-13.2667	0	0	0	0	0	0	0	0	0	0	
0	1	0	0	0	0	6.54507	-37.6393	-27.6393	-54.1844	-31.0942	0	10	10	0	-30	0	0	0	13.2189	-13.2189	0	0	0	0	0	0	0	0	0	0	
0	1	0	0	0	0	6.60231	-37.1815	-27.1815	-53.7838	-30.5792	0	10	10	0	-30	0	0	0	13.1672	-13.1672	0	0	0	0	0	0	0	0	0	0	
0	1	0	0	0	0	6.65955	-36.7237	-26.7237	-53.3832	-30.0642	0	10	10	0	-30	0	0	0	13.1155	-13.1155	0	0	0	0	0	0	0	0	0	0	
0	1	0	0	0	0	6.7163	-36.2697	-26.2698	-52.986	-29.5535	0	10	10	0	-30	0	0	0	13.06	-13.06	0	0	0	0	0	0	0	0	0	0	
0	1	0	0	0	0	6.77305	-35.8158	-25.8158	-52.5888	-29.0428	0	10	10	0	-30	0	0	0	13.0044	-13.0044	0	0	0	0	0	0	0	0	0	0	
0	1	0	0	0	0	6.82926	-35.366	-25.366	-52.1953	-28.5368	0	10	10	0	-30	0	0	0	12.9451	-12.9451	0	0	0	0	0	0	0	0	0	0	
0	1	0	0	0	0	6.88546	-34.9162	-24.9162	-51.8017	-28.0308	0	10	10	0	-30	0	0	0	12.8858	-12.8858	0	0	0	0	0	0	0	0	0	0	
0	1	0	0	0	0	6.94115	-34.4708	-24.4708	-51.412	-27.5297	0	10	10	0	-30	0	0	0	12.8227	-12.8227	0	0	0	0	0	0	0	0	0	0	
0	1	0	0	0	0	6.99685	-34.0254	-24.0254	-51.0222	-27.0286	0	10	10	0	-30	0	0	0	12.7596	-12.7596	0	0	0	0	0	0	0	0	0	0	
0	1	0	0	0	0	7.05194	-33.5847	-23.5847	-50.6366	-26.5328	0	10	10	0	-30	0	0	0	12.6928	-12.6928	0	0	0	0	0	0	0	0	0	0	
0	1	0	0	0	0	7.10703	-33.1439	-23.1439	-50.251	-26.037	0	10	10	0	-30	0	0	0	12.626	-12.626	0	0	0	0	0	0	0	0	0	0	
0	1	0	0	0	0	7.16149	-32.7082	-22.7082	-49.8696	-25.5467	0	10	10	0	-30	0	0	0	12.5555	-12.5555	0	0	0	0	0	0	0	0	0	0	
0	1	0	0	0	0	7.21595	-32.2724	-22.2724	-49.4883	-25.0564	0	10	10	0	-30	0	0	0	12.485	-12.485	0	0	0	0	0	0	0	0	0	0	
0	1	0	0	0	0	7.26977	-31.8417	-21.8417	-49.1115	-24.572	0	10	10	0	-30	0	0	0	12.4108	-12.4108	0	0	0	0	0	0	0	0	0	0	
0	1	0	0	0	0	7.3236	-31.4111	-21.4111	-48.7347	-24.0875	0	10	10	0	-30	0	0	0	12.3367	-12.3367	0	0	0	0	0	0	0	0	0	0	
0	1	0	0	0	0	7.37675	-30.9859	-20.9859	-48.3627	-23.6091	0	10	10	0	-30	0	0	0	12.259	-12.259	0	0	0	0	0	0	0	0	0	0	
0	1	0	0	0	0	7.42989	-30.5607	-20.5607	-47.9906	-23.1308	0	10	10	0	-30	0	0	0	12.1813	-12.1813	0	0	0	0	0	0	0	0	0	0	
0	1	0	0	0	0	7.48234	-30.1411	-20.1412	-47.6235	-22.6588	0	10	10	0	-30	0	0	0	12.0999	-12.0999	0	0	0	0	0	0	0	0	0	0	
0	1	0	0	0	0	7.5348	-29.7216	-19.7216	-47.2564	-22.1868	0	10	10	0	-30	0	0	0	12.0186	-12.0186	0	0	0	0	0	0	0	0	0	0	
0	1	0	0	0	0	7.58651	-29.308	-19.308	-46.8945	-21.7215	0	10	10	0	-30	0	0	0	11.9338	-11.9338	0	0	0	0	0	0	0	0	0	0	
0	1	0	0	0	0	7.63821	-28.8944	-18.8944	-46.5326	-21.2562	0	10	10	0	-30	0	0	0	11.849	-11.849	0	0	0	0	0	0	0	0	0	0	
0	1	0	0	0	0	7.68915	-28.487	-18.487	-46.1761	-20.7978	0	10	10	0	-30	0	0	0	11.7607	-11.7607	0	0	0	0	0	0	0	0	0	0	
0	1	0	0	0	0	7.74009	-28.0795	-18.0795	-45.8195	-20.3394	0	10	10	0	-30	0	0	0	11.6725	-11.6725	0	0	0	0	0	0	0	0	0	0	
0	1	0	0	0	0	7.79019	-27.6785	-17.6785	-45.4686	-19.8883	0	10	10	0	-30	0	0	0	11.5807	-11.5807	0	0	0	0	0	0	0	0	0	0	
0	1	0	0	0	0	7.8403	-27.2774	-17.2774	-45.1177	-19.4371	0	10	10	0	-30	0	0	0	11.489	-11.489	0	0	0	0	0	0	0	0	0	0	
0	1	0	0	0	0	7.8896	-26.883	-16.883	-44.7726	-18.9934	0	10	10	0	-30	0	0	0	11.394	-11.394	0	0	0	0	0	0	0	0	0	0	
0	1	0	0	0	0	7.9389	-26.4886	-16.4886	-44.4275	-18.5497	0	10	10	0	-30	0	0	0	11.2991	-11.2991	0	0	0	0	0	0	0	0	0	0	
0	1	0	0	0	0	7.98735	-26.1011	-16.1011	-44.0884	-18.1137	0	10	10	0	-30	0	0	0	11.2007	-11.2007	0	0	0	0	0	0	0	0	0	0	
0	1	0	0	0	0	8.03579	-25.7135	-15.7135	-43.7493	-17.6777	0	10	10	0	-30	0	0	0	11.1024	-11.1024	0	0	0	0	0	0	0	0	0	0	
0	1	0	0	0	0	8.08335	-25.3331	-15.3331	-43.4164	-17.2497	0	10	10	0	-30	0	0	0	11.0008	-11.0008	0	0	0	0	0	0	0	0	0	0	
0	1	0	0	0	0	8.1309	-24.9526	-14.9526	-43.0835	-16.8217	0	10	10	0	-30	0	0	0	10.8992	-10.8992	0	0	0	0	0	0	0	0	0	0	
0	1	0	0	0	0	8.17757	-24.5795	-14.5795	-42.757	-16.4019	0	10	10	0	-30	0	0	0	10.7945	-10.7945	0	0	0	0	0	0	0	0	0	0	
0	1	0	0	0	0	8.22424	-24.2063	-14.2063	-42.4306	-15.9821	0	10	10	0	-30	0	0	0	10.6897	-10.6897	0	0	0	0	0	0	0	0	0	0	
0	1	0	0	0	0	8.26993	-23.8407	-13.8407	-42.1107	-15.5708	0	10	10	0	-30	0	0	0	10.5818	-10.5818	0	0	0	0	0	0	0	0	0	0	
0	1	0	0	0	0	8.31562	-23.4751	-13.4751	-41.7907	-15.1595	0	10	10	0	-30	0	0	0	10.4739	-10.4739	0	0	0	0	0	0	0	0	0	0	
0	1	0	0	0	0	8.36034	-23.1172	-13.1172	-41.4776	-14.7569	0	10	10	0	-30	0	0	0	10.363	-10.363	0	0	0	0	0	0	0	0	0	0	
0	1	0	0	0	0	8.40506	-22.7594	-12.7594	-41.1644	-14.3543	0	10	10	0	-30	0	0	0	10.252	-10.252	0	0	0	0	0	0	0	0	0	0	
0	1	0	0	0	0	8.44881	-22.4095	-12.4095	-40.8583	-13.9607	0	10	10	0	-30	0	0	0	10.1381	-10.1381	0	0	0	0	0	0	0	0	0	0	
0	1	0	0	0	0	8.49255	-22.0596	-12.0596	-40.5521	-13.567	0	10	10	0	-30	0	0	0	10.0242	-10.0242	0	0	0	0	0	0	0	0	0	0	
0	1	0	0	0	0	8.53527	-21.7178	-11.7178	-40.2531	-13.1825	0	10	10	0	-30	0	0	0	9.90733	-9.90733	0	0	0	0	0	0	0	0	0	0	
0	1	0	0	0	0	8.57798	-21.3761	-11.3761	-39.9541	-12.798	0	10	10	0	-30	0	0	0	9.79047	-9.79047	0	0	0	0	0	0	0	0	0	0	
0	1	0	0	0	0	8.61966	-21.0427	-11.0427	-39.6623	-12.423	0	10	10	0	-30	0	0	0	9.67078	-9.67078	0	0	0	0	0	0	0	0	0	0	
0	1	0	0	0	0	8.66135	-20.7093	-10.7093	-39.3706	-12.0479	0	10	10	0	-30	0	0	0	9.55109	-9.55109	0	0	0	0	0	0	0	0	0	0	
0	1	0	0	0	0	8.70194	-20.3844	-10.3844	-39.0864	-11.6825	0	10	10	0	-30	0	0	0	9.42856	-9.42856	0	0	0	0	0	0	0	0	0	0	
0	1	0	0	0	0	8.74253	-20.0596	-10.0596	-38.8021	-11.317	0	10	10	0	-30	0	0	0	9.30604	-9.30604	0	0	0	0	0	0	0	0	0	0	
0	1	0	0	0	0	8.78207	-19.7435	-9.74349	-38.5255	-10.9614	0	10	10	0	-30	0	0	0	9.18079	-9.18079	0	0	0	0	0	0	0	0	0	0	
0	1	0	0	0	0	8.8216	-19.4274	-9.42739	-38.2489	-10.6058	0	10	10	0	-30	0	0	0	9.05554	-9.05554	0	0	0	0	0	0	0	0	0	0	
0	1	0	0	0	0	8.85999	-19.1202	-9.12023	-37.9802	-10.2602	0	10	10	0	-30	0	0	0	8.92771	-8.92771	0	0	0	0	0	0	0	0	0	0	
0	1	0	0	0	0	8.89838	-18.813	-8.81306	-37.7114	-9.91469	0	10	10	0	-30	0	0	0	8.79989	-8.79989	0	0	0	0	0	0	0	0	0	0	
0	1	0	0	0	0	8.93562	-18.515	-8.51498	-37.4506	-9.57937	0	10	10	0	-30	0	0	0	8.66942	-8.66942	0	0	0	0	0	0	0	0	0	0	
0	1	0	0	0	0	8.97286	-18.2169	-8.2169	-37.1898	-9.24404	0	10	10	0	-30	0	0	0	8.53896	-8.53896	0	0	0	0	0	0	0	0	0	0	
0	1	0	0	0	0	9.00896	-17.9281	-7.9281	-36.9371	-8.91915	0	10	10	0	-30	0	0	0	8.40604	-8.40604	0	0	0	0	0	0	0	0	0	0	
0	1	0	0	0	0	9.04506	-17.6393	-7.6393	-36.6844	-8.59425	0	10	10	0	-30	0	0	0	8.27311	-8.27311	0	0	0	0	0	0	0	0	0	0	
0	1	0	0	0	0	9.07998	-17.36	-7.35999	-36.44	-8.27998	0	10	10	0	-30	0	0	0	8.13778	-8.13778	0	0	0	0	0	0	0	0	0	0	
0	1	0	0	0	0	9.1149	-17.0807	-7.08067	-36.1956	-7.96572	0	10	10	0	-30	0	0	0	8.00244	-8.00244	0	0	0	0	0	0	0	0	0	0	
0	1	0	0	0	0	9.14862	-16.8109	-6.81095	-35.9596	-7.66228	0	10	10	0	-30	0	0	0	7.86476	-7.86476	0	0	0	0	0	0	0	0	0	0	
0	1	0	0	0	0	9.18234	-16.5412	-6.54123	-35.7236	-7.35884	0	10	10	0	-30	0	0	0	7.72708	-7.72708	0	0	0	0	0	0	0	0	0	0	
0	1	0	0	0	0	9.21482	-16.2812	-6.28125	-35.4961	-7.0664	0	10	10	0	-30	0	0	0	7.58711	-7.58711	0	0	0	0	0	0	0	0	0	0	
0	1	0	0	0	0	9.24731	-16.0213	-6.02127	-35.2686	-6.77397	0	10	10	0	-30	0	0	0	7.44713	-7.44713	0	0	0	0	0	0	0	0	0	0	
0	1	0	0	0	0	9.27856	-15.7712	-5.77126	-35.0499	-6.49267	0	10	10	0	-30	0	0	0	7.30504	-7.30504	0	0	0	0	0	0	0	0	0	0	
0	1	0	0	0	0	9.30982	-15.5212	-5.52125	-34.8311	-6.21138	0	10	10	0	-30	0	0	0	7.16295	-7.16295	0	0	0	0	0	0	0	0	0	0	
0	1	0	0	0	0	9.33984	-15.2812	-5.28127	-34.6211	-5.9414	0	10	10	0	-30	0	0	0	7.01876	-7.01876	0	0	0	0	0	0	0	0	0	0	
0	1	0	0	0	0	9.36987	-15.0413	-5.04128	-34.4112	-5.67142	0	10	10	0	-30	0	0	0	6.87458	-6.87458	0	0	0	0	0	0	0	0	0	0	
0	1	0	0	0	0	9.39857	-14.8115	-4.81153	-34.2101	-5.41296	0	10	10	0	-30	0	0	0	6.72836	-6.72836	0	0	0	0	0	0	0	0	0	0	
0	1	0	0	0	0	9.42728	-14.5818	-4.58177	-34.0091	-5.1545	0	10	10	0	-30	0	0	0	6.58214	-6.58214	0	0	0	0	0	0	0	0	0	0	
0	1	0	0	0	0	9.45469	-14.3624	-4.36236	-33.8171	-4.90764	0	10	10	0	-30	0	0	0	6.43403	-6.43403	0	0	0	0	0	0	0	0	0	0	
0	1	0	0	0	0	9.48211	-14.1429	-4.14294	-33.6251	-4.66078	0	10	10	0	-30	0	0	0	6.28592	-6.28592	0	0	0	0	0	0	0	0	0	0	
0	1	0	0	0	0	9.50823	-13.934	-3.93399	-33.4422	-4.42573	0	10	10	0	-30	0	0	0	6.13595	-6.13595	0	0	0	0	0	0	0	0	0	0	
0	1	0	0	0	0	9.53436	-13.725	-3.72503	-33.2594	-4.19067	0	10	10	0	-30	0	0	0	5.98598	-5.98598	0	0	0	0	0	0	0	0	0	0	
0	1	0	0	0	0	9.55917	-13.5267	-3.52667	-33.0858	-3.9675	0	10	10	0	-30	0	0	0	5.83426	-5.83426	0	0	0	0	0	0	0	0	0	0	
0	1	0	0	0	0	9.58398	-13.3283	-3.32831	-32.9123	-3.74434	0	10	10	0	-30	0	0	0	5.68254	-5.68254	0	0	0	0	0	0	0	0	0	0	
0	1	0	0	0	0	9.60741	-13.1407	-3.14067	-32.7481	-3.53323	0	10	10	0	-30	0	0	0	5.52913	-5.52913	0	0	0	0	0	0	0	0	0	0	
0	1	0	0	0	0	9.63085	-12.953	-2.95302	-32.5839	-3.32212	0	10	10	0	-30	0	0	0	5.37572	-5.37572	0	0	0	0	0	0	0	0	0	0	
0	1	0	0	0	0	9.65296	-12.7762	-2.77618	-32.4292	-3.12319	0	10	10	0	-30	0	0	0	5.22079	-5.22079	0	0	0	0	0	0	0	0	0	0	
0	1	0	0	0	0	9.67508	-12.5993	-2.59934	-32.2744	-2.92426	0	10	10	0	-30	0	0	0	5.06586	-5.06586	0	0	0	0	0	0	0	0	0	0	
0	1	0	0	0	0	9.69582	-12.4334	-2.43344	-32.1293	-2.73762	0	10	10	0	-30	0	0	0	4.90942	-4.90942	0	0	0	0	0	0	0	0	0	0	
0	1	0	0	0	0	9.71656	-12.2675	-2.26754	-31.9841	-2.55098	0	10	10	0	-30	0	0	0	4.75297	-4.75297	0	0	0	0	0	0	0	0	0	0	
0	1	0	0	0	0	9.73593	-12.1126	-2.11264	-31.8486	-2.37671	0	10	10	0	-30	0	0	0	4.59521	-4.59521	0	0	0	0	0	0	0	0	0	0	
0	1	0	0	0	0	9.75529	-11.9577	-1.95774	-31.713	-2.20245	0	10	10	0	-30	0	0	0	4.43744	-4.43744	0	0	0	0	0	0	0	0	0	0	
0	1	0	0	0	0	9.77326	-11.814	-1.81396	-31.5872	-2.0407	0	10	10	0	-30	0	0	0	4.2783	-4.2783	0	0	0	0	0	0	0	0	0	0	
0	1	0	0	0	0	9.79122	-11.6702	-1.67017	-31.4614	-1.87896	0	10	10	0	-30	0	0	0	4.11917	-4.11917	0	0	0	0	0	0	0	0	0	0	
0	1	0	0	0	0	9.80781	-11.5376	-1.53759	-31.3454	-1.72979	0	10	10	0	-30	0	0	0	3.95888	-3.95888	0	0	0	0	0	0	0	0	0	0	
0	1	0	0	0	0	9.82439	-11.405	-1.40501	-31.2294	-1.58062	0	10	10	0	-30	0	0	0	3.7986	-3.7986	0	0	0	0	0	0	0	0	0	0	
0	1	0	0	0	0	9.83955	-11.2836	-1.28368	-31.1232	-1.44411	0	10	10	0	-30	0	0	0	3.63714	-3.63714	0	0	0	0	0	0	0	0	0	0	
0	1	0	0	0	0	9.8547	-11.1623	-1.16236	-31.0171	-1.3076	0	10	10	0	-30	0	0	0	3.47568	-3.47568	0	0	0	0	0	0	0	0	0	0	
0	1	0	0	0	0	9.86845	-11.0523	-1.05235	-30.9208	-1.18387	0	10	10	0	-30	0	0	0	3.31324	-3.31324	0	0	0	0	0	0	0	0	0	0	
0	1	0	0	0	0	9.8822	-10.9423	-0.942344	-30.8246	-1.06014	0	10	10	0	-30	0	0	0	3.15081	-3.15081	0	0	0	0	0	0	0	0	0	0	
0	1	0	0	0	0	9.89452	-10.8438	-0.843766	-30.7383	-0.949248	0	10	10	0	-30	0	0	0	2.98749	-2.98749	0	0	0	0	0	0	0	0	0	0	
0	1	0	0	0	0	9.90684	-10.7452	-0.745189	-30.652	-0.838352	0	10	10	0	-30	0	0	0	2.82417	-2.82417	0	0	0	0	0	0	0	0	0	0	
0	1	0	0	0	0	9.91773	-10.6581	-0.658071	-30.5758	-0.740347	0	10	10	0	-30	0	0	0	2.65999	-2.65999	0	0	0	0	0	0	0	0	0	0	
0	1	0	0	0	0	9.92861	-10.571	-0.570952	-30.4996	-0.642343	0	10	10	0	-30	0	0	0	2.4958	-2.4958	0	0	0	0	0	0	0	0	0	0	
0	1	0	0	0	0	9.93807	-10.4954	-0.495351	-30.4334	-0.557287	0	10	10	0	-30	0	0	0	2.33091	-2.33091	0	0	0	0	0	0	0	0	0	0	
0	1	0	0	0	0	9.94752	-10.4198	-0.419749	-30.3673	-0.472232	0	10	10	0	-30	0	0	0	2.16601	-2.16601	0	0	0	0	0	0	0	0	0	0	
0	1	0	0	0	0	9.95554	-10.3557	-0.355692	-30.3112	-0.400154	0	10	10	0	-30	0	0	0	2.00042	-2.00042	0	0	0	0	0	0	0	0	0	0	
0	1	0	0	0	0	9.96356	-10.2916	-0.291636	-30.2552	-0.328076	0	10	10	0	-30	0	0	0	1.83484	-1.83484	0	0	0	0	0	0	0	0	0	0	
0	1	0	0	0	0	9.97012	-10.2392	-0.239181	-30.2093	-0.26909	0	10	10	0	-30	0	0	0	1.66877	-1.66877	0	0	0	0	0	0	0	0	0	0	
0	1	0	0	0	0	9.97668	-10.1867	-0.186727	-30.1634	-0.210104	0	10	10	0	-30	0	0	0	1.5027	-1.5027	0	0	0	0	0	0	0	0	0	0	
0	1	0	0	0	0	9.98178	-10.1459	-0.145904	-30.1277	-0.164152	0	10	10	0	-30	0	0	0	1.33622	-1.33622	0	0	0	0	0	0	0	0	0	0	
0	1	0	0	0	0	9.98688	-10.1051	-0.10508	-30.0919	-0.118201	0	10	10	0	-30	0	0	0	1.16975	-1.16975	0	0	0	0	0	0	0	0	0	0	
0	1	0	0	0	0	9.99052	-10.0759	-0.0758883	-30.0664	-0.0853707	0	10	10	0	-30	0	0	0	1.00288	-1.00288	0	0	0	0	0	0	0	0	0	0	
0	1	0	0	0	0	9.99416	-10.0467	-0.0466961	-30.0409	-0.0525402	0	10	10	0	-30	0	0	0	0.836003	-0.836003	0	0	0	0	0	0	0	0	0	0	
0	1	0	0	0	0	9.99634	-10.0292	-0.0291922	-30.0255	-0.0328305	0	10	10	0	-30	0	0	0	0.6689	-0.6689	0	0	0	0	0	0	0	0	0	0	
0	1	0	0	0	0	9.99851	-10.0117	-0.0116883	-30.0102	-0.0131207	0	10	10	0	-30	0	0	0	0.501796	-0.501796	0	0	0	0	0	0	0	0	0	0	
0	1	0	0	0	0	9.99926	-10.0058	-0.00584417	-30.0051	-0.00656037	0	10	10	0	-30	0	0	0	0.334521	-0.334521	0	0	0	0	0	0	0	0	0	0	
0	1	0	0	0	0	10	-10	0	-30	0	0	10	10	0	-30	0	0	0	0.167246	-0.167246	0	0	0	0	0	0	0	0	0	0	
0	1	0	0	0	0	10	-10	0	-30	0	0	10	10	0	-30	0	0	0	0.0836232	-0.0836232	0	0	0	0	0	0	0	0	0	0	
0	1	0	0	0	0	10	-10	0	-30	0	0	10	10	0	-30	0	0	0	0	0	0	0	0	0	0	0	0	0	0	0	
0	1	0	0	0	0	10	-10	0	-30	0	0	10	10	0	-30	0	0	0	0	0	0	0	0	0	0	0	0	0	0	0	
0	1	0	0	0	0	10	-10	0	-30	0	0	10	10	0	-30	0	0	0	0	0	0	0	0	0	0	0	0	0	0	0	
0	1	0	0	0	0	10	-10	0	-30	0	0	10	10	0	-30	0	0	0	0	0	0	0	0	0	0	0	0	0	0	0	
0	1	0	0	0	0	10	-10	0	-30	0	0	10	10	0	-30	0	0	0	0	0	0	0	0	0	0	0	0	0	0	0	
